GPS Single Point Positioning Results (without Ionosphere Correction)
====================================================================================================
Station: DAV100ATA
Approx Position: X=486854.5460, Y=2285099.2924, Z=-5914955.7136

Epoch                             X (m)           Y (m)           Z (m)     dX (m)     dY (m)     dZ (m)   Clock (us) Satellites    RMS (m)
----------------------------------------------------------------------------------------------------
2024-05-11 00:00:0.000000     486878.2055    2285064.1711   -5914949.1833    23.6595   -35.1213     6.5303        -0.01          9    26.0360
2024-05-11 00:00:30.000000     486875.3352    2285062.2840   -5914932.7669    20.7892   -37.0084    22.9467        -0.05         11    25.7816
2024-05-11 00:01:0.000000     486875.4446    2285062.6725   -5914933.9713    20.8986   -36.6199    21.7423        -0.05         11    25.6833
2024-05-11 00:01:30.000000     486876.0635    2285063.0887   -5914935.7225    21.5175   -36.2037    19.9911        -0.05         11    25.6624
2024-05-11 00:02:0.000000     486875.9692    2285063.5304   -5914937.8463    21.4232   -35.7620    17.8673        -0.04         11    25.3796
2024-05-11 00:02:30.000000     486876.2348    2285063.8110   -5914938.6919    21.6888   -35.4814    17.0217        -0.04         11    25.3041
2024-05-11 00:03:0.000000     486876.2789    2285064.1403   -5914940.0297    21.7329   -35.1521    15.6839        -0.04         11    25.1083
2024-05-11 00:03:30.000000     486876.3480    2285064.5796   -5914941.7194    21.8020   -34.7128    13.9942        -0.04         11    24.9461
2024-05-11 00:04:0.000000     486876.8222    2285064.7500   -5914943.5521    22.2762   -34.5424    12.1615        -0.03         11    24.8455
2024-05-11 00:04:30.000000     486876.9112    2285065.5737   -5914945.4054    22.3652   -33.7187    10.3082        -0.03         11    24.5002
2024-05-11 00:05:0.000000     486877.1515    2285065.4580   -5914946.2853    22.6055   -33.8344     9.4283        -0.03         11    24.4852
2024-05-11 00:05:30.000000     486877.5351    2285066.3928   -5914948.6688    22.9891   -32.8996     7.0448        -0.02         11    24.4310
2024-05-11 00:06:0.000000     486877.6409    2285066.8659   -5914950.8681    23.0949   -32.4265     4.8455        -0.02         11    24.0318
2024-05-11 00:06:30.000000     486877.9208    2285067.2236   -5914952.5243    23.3748   -32.0688     3.1893        -0.01         11    23.8447
2024-05-11 00:07:0.000000     486878.2628    2285067.2802   -5914953.7691    23.7168   -32.0122     1.9445        -0.01         11    24.0146
2024-05-11 00:07:30.000000     486878.2356    2285068.0309   -5914955.7278    23.6896   -31.2615    -0.0142        -0.01         11    23.7828
2024-05-11 00:08:0.000000     486878.5146    2285068.7935   -5914957.2984    23.9686   -30.4989    -1.5848        -0.00         11    23.5263
2024-05-11 00:08:30.000000     486878.6824    2285069.1147   -5914959.2683    24.1364   -30.1777    -3.5547         0.00         11    23.4154
2024-05-11 00:09:0.000000     486878.7383    2285069.7051   -5914961.0480    24.1923   -29.5873    -5.3344         0.01         11    23.3766
2024-05-11 00:09:30.000000     486879.1585    2285069.5176   -5914961.6363    24.6125   -29.7748    -5.9227         0.01         11    23.2750
2024-05-11 00:10:0.000000     486879.4129    2285070.3620   -5914963.9902    24.8669   -28.9304    -8.2766         0.01         11    23.2520
2024-05-11 00:10:30.000000     486879.5192    2285070.8487   -5914965.9235    24.9732   -28.4437   -10.2099         0.02         11    23.0445
2024-05-11 00:11:0.000000     486879.3607    2285071.3924   -5914968.0359    24.8147   -27.9000   -12.3223         0.02         11    22.9002
2024-05-11 00:11:30.000000     486879.7425    2285071.5473   -5914968.9472    25.1965   -27.7451   -13.2336         0.02         11    22.8538
2024-05-11 00:12:0.000000     486879.7640    2285072.0405   -5914970.8630    25.2180   -27.2519   -15.1494         0.03         11    22.7470
2024-05-11 00:12:30.000000     486879.8187    2285072.3105   -5914971.7757    25.2727   -26.9819   -16.0621         0.03         11    22.6374
2024-05-11 00:13:0.000000     486880.1848    2285072.6719   -5914973.3981    25.6388   -26.6205   -17.6845         0.03         11    22.5876
2024-05-11 00:13:30.000000     486880.2848    2285072.9197   -5914974.9815    25.7388   -26.3727   -19.2679         0.03         11    22.5657
2024-05-11 00:14:0.000000     486880.4068    2285073.4388   -5914976.1334    25.8608   -25.8536   -20.4198         0.04         11    22.4122
2024-05-11 00:14:30.000000     486880.2963    2285074.0193   -5914977.1856    25.7503   -25.2731   -21.4720         0.04         11    22.3619
2024-05-11 00:15:0.000000     486880.5954    2285074.2571   -5914978.8899    26.0494   -25.0353   -23.1763         0.04         11    22.3943
2024-05-11 00:15:30.000000     486880.7846    2285075.0051   -5914982.3956    26.2386   -24.2873   -26.6820         0.05         11    22.3669
2024-05-11 00:16:0.000000     486881.0501    2285075.1862   -5914983.0093    26.5041   -24.1062   -27.2957         0.05         11    22.4649
2024-05-11 00:16:30.000000     486881.0512    2285075.6000   -5914984.5192    26.5052   -23.6924   -28.8056         0.05         11    22.3011
2024-05-11 00:17:0.000000     486882.0259    2285076.3103   -5914987.8865    27.4799   -22.9821   -32.1729         0.06         11    22.7333
2024-05-11 00:17:30.000000     486882.0285    2285076.7657   -5914989.5909    27.4825   -22.5267   -33.8773         0.07         11    22.4426
2024-05-11 00:18:0.000000     486882.4011    2285077.1320   -5914990.6068    27.8551   -22.1604   -34.8932         0.07         11    22.4194
2024-05-11 00:18:30.000000     486882.4178    2285077.1716   -5914990.8152    27.8718   -22.1208   -35.1016         0.07         11    22.4362
2024-05-11 00:19:0.000000     486882.4712    2285077.5625   -5914993.8628    27.9252   -21.7299   -38.1492         0.07         11    22.3370
2024-05-11 00:19:30.000000     486882.5806    2285078.1684   -5914994.9754    28.0346   -21.1240   -39.2618         0.08         11    22.4354
2024-05-11 00:20:0.000000     486882.6776    2285078.4567   -5914996.9665    28.1316   -20.8357   -41.2529         0.08         11    22.2532
2024-05-11 00:20:30.000000     486883.0215    2285079.0324   -5914999.7547    28.4755   -20.2600   -44.0411         0.09         11    22.2956
2024-05-11 00:21:0.000000     486883.3772    2285079.3953   -5914999.6875    28.8312   -19.8971   -43.9739         0.09         11    22.3471
2024-05-11 00:21:30.000000     486883.5720    2285080.0509   -5915001.9194    29.0260   -19.2415   -46.2058         0.09         11    22.2227
2024-05-11 00:22:0.000000     486883.8365    2285080.1193   -5915002.9809    29.2905   -19.1731   -47.2673         0.09         11    22.3646
2024-05-11 00:22:30.000000     486884.0027    2285080.6567   -5915005.1661    29.4567   -18.6357   -49.4525         0.10         11    22.4728
2024-05-11 00:23:0.000000     486884.0029    2285080.9964   -5915006.0123    29.4569   -18.2960   -50.2987         0.10         11    22.3549
2024-05-11 00:23:30.000000     486884.2129    2285081.6221   -5915007.7317    29.6669   -17.6703   -52.0181         0.10         11    22.2480
2024-05-11 00:24:0.000000     486883.9430    2285081.9223   -5915008.6901    29.3970   -17.3701   -52.9765         0.11         11    22.3626
2024-05-11 00:24:30.000000     486884.4645    2285082.0402   -5915009.2478    29.9185   -17.2522   -53.5342         0.11         11    22.1642
2024-05-11 00:25:0.000000     486884.4680    2285082.6209   -5915011.3334    29.9220   -16.6715   -55.6198         0.11         11    22.2533
2024-05-11 00:25:30.000000     486884.7811    2285083.0736   -5915013.4072    30.2351   -16.2188   -57.6936         0.11         11    22.3701
2024-05-11 00:26:0.000000     486884.6975    2285083.2457   -5915013.7059    30.1515   -16.0467   -57.9923         0.11         11    22.3098
2024-05-11 00:26:30.000000     486884.7739    2285083.3964   -5915015.6960    30.2279   -15.8960   -59.9824         0.12         11    22.4924
2024-05-11 00:27:0.000000     486885.1885    2285084.0800   -5915017.1460    30.6425   -15.2124   -61.4324         0.12         11    22.6053
2024-05-11 00:27:30.000000     486885.4290    2285084.4204   -5915018.3677    30.8830   -14.8720   -62.6541         0.13         11    22.6497
2024-05-11 00:28:0.000000     486885.3682    2285084.4398   -5915018.7950    30.8222   -14.8526   -63.0814         0.13         11    22.7275
2024-05-11 00:28:30.000000     486885.5459    2285084.6490   -5915020.2661    30.9999   -14.6434   -64.5525         0.13         11    22.6538
2024-05-11 00:29:0.000000     486885.5894    2285084.7585   -5915021.5359    31.0434   -14.5339   -65.8223         0.13         11    22.6254
2024-05-11 00:29:30.000000     486885.8773    2285085.6573   -5915023.1350    31.3313   -13.6351   -67.4214         0.14         11    22.8832
2024-05-11 00:30:0.000000     486886.2233    2285085.7991   -5915023.8137    31.6773   -13.4933   -68.1001         0.14         11    22.8714
2024-05-11 00:30:30.000000     486886.0684    2285086.3013   -5915025.7065    31.5224   -12.9911   -69.9929         0.14         11    22.9876
2024-05-11 00:31:0.000000     486885.7594    2285086.2432   -5915025.2715    31.2134   -13.0492   -69.5579         0.14         11    22.7421
2024-05-11 00:31:30.000000     486885.9033    2285086.6145   -5915026.9465    31.3573   -12.6779   -71.2329         0.14         11    22.8743
2024-05-11 00:32:0.000000     486886.3092    2285086.8710   -5915027.6539    31.7632   -12.4214   -71.9403         0.15         11    22.9877
2024-05-11 00:32:30.000000     486886.3919    2285087.1070   -5915027.6934    31.8459   -12.1854   -71.9798         0.15         11    22.8786
2024-05-11 00:33:0.000000     486886.3357    2285086.8368   -5915027.4750    31.7897   -12.4556   -71.7614         0.15         11    22.6643
2024-05-11 00:33:30.000000     486886.2383    2285087.5538   -5915029.8074    31.6923   -11.7386   -74.0938         0.15         11    23.0549
2024-05-11 00:34:0.000000     486886.3433    2285088.0087   -5915031.1389    31.7973   -11.2837   -75.4253         0.15         11    23.0721
2024-05-11 00:34:30.000000     486886.8591    2285087.9837   -5915031.2097    32.3131   -11.3087   -75.4961         0.15         11    23.2126
2024-05-11 00:35:0.000000     486886.6968    2285088.1715   -5915032.2262    32.1508   -11.1209   -76.5126         0.16         11    23.2916
2024-05-11 00:35:30.000000     486886.9625    2285088.5129   -5915033.6376    32.4165   -10.7795   -77.9240         0.16         11    23.2108
2024-05-11 00:36:0.000000     486886.8601    2285088.4608   -5915034.2037    32.3141   -10.8316   -78.4901         0.16         11    23.3812
2024-05-11 00:36:30.000000     486887.3375    2285088.8027   -5915035.4104    32.7915   -10.4897   -79.6968         0.16         11    23.6325
2024-05-11 00:37:0.000000     486887.2169    2285089.3861   -5915036.3736    32.6709    -9.9063   -80.6600         0.16         11    23.7127
2024-05-11 00:37:30.000000     486886.5835    2285089.8014   -5915054.7378    32.0375    -9.4910   -99.0242         0.20         10    18.7275
2024-05-11 00:38:0.000000     486886.5571    2285090.2141   -5915055.9498    32.0111    -9.0783  -100.2362         0.20         10    18.8117
2024-05-11 00:38:30.000000     486886.8513    2285090.1969   -5915056.6892    32.3053    -9.0955  -100.9756         0.21         10    18.7115
2024-05-11 00:39:0.000000     486887.1787    2285090.4661   -5915056.6909    32.6327    -8.8263  -100.9773         0.21         10    18.6993
2024-05-11 00:39:30.000000     486887.2278    2285090.2608   -5915057.6465    32.6818    -9.0316  -101.9329         0.21         10    18.6230
2024-05-11 00:40:0.000000     486887.3132    2285090.7781   -5915058.9381    32.7672    -8.5143  -103.2245         0.21         10    18.6763
2024-05-11 00:40:30.000000     486887.2060    2285091.1796   -5915059.0330    32.6600    -8.1128  -103.3194         0.21         10    18.6978
2024-05-11 00:41:0.000000     486887.3569    2285091.9433   -5915059.7497    32.8109    -7.3491  -104.0361         0.21         10    18.4846
2024-05-11 00:41:30.000000     486887.2388    2285091.7569   -5915059.7363    32.6928    -7.5355  -104.0227         0.22         10    18.4899
2024-05-11 00:42:0.000000     486887.3522    2285091.7275   -5915060.0115    32.8062    -7.5649  -104.2979         0.22         10    18.6757
2024-05-11 00:42:30.000000     486887.6797    2285091.8101   -5915059.5654    33.1337    -7.4823  -103.8518         0.21         10    18.5314
2024-05-11 00:43:0.000000     486887.4684    2285092.0530   -5915060.6933    32.9224    -7.2394  -104.9797         0.22         10    18.1645
2024-05-11 00:43:30.000000     486887.4507    2285091.9453   -5915061.2951    32.9047    -7.3471  -105.5815         0.22         10    18.3553
2024-05-11 00:44:0.000000     486887.7682    2285091.9519   -5915061.2058    33.2222    -7.3405  -105.4922         0.22         10    18.5327
2024-05-11 00:44:30.000000     486887.5549    2285092.0985   -5915061.6636    33.0089    -7.1939  -105.9500         0.22         10    18.4480
2024-05-11 00:45:0.000000     486887.6722    2285092.1870   -5915062.5505    33.1262    -7.1054  -106.8369         0.22         10    18.2836
2024-05-11 00:45:30.000000     486887.4102    2285092.2916   -5915061.5830    32.8642    -7.0008  -105.8694         0.22         10    18.3264
2024-05-11 00:46:0.000000     486887.5655    2285092.3107   -5915060.9235    33.0195    -6.9817  -105.2099         0.22         10    18.4737
2024-05-11 00:46:30.000000     486887.8879    2285092.5757   -5915062.3145    33.3419    -6.7167  -106.6009         0.22         10    18.4016
2024-05-11 00:47:0.000000     486887.4846    2285092.5218   -5915061.7275    32.9386    -6.7706  -106.0139         0.22         10    18.5732
2024-05-11 00:47:30.000000     486887.9940    2285092.6408   -5915062.3265    33.4480    -6.6516  -106.6129         0.22         10    18.5273
2024-05-11 00:48:0.000000     486887.7593    2285093.0389   -5915062.5637    33.2133    -6.2535  -106.8501         0.22         10    18.3897
2024-05-11 00:48:30.000000     486887.5976    2285093.1699   -5915062.2087    33.0516    -6.1225  -106.4951         0.22         10    18.4902
2024-05-11 00:49:0.000000     486887.7136    2285093.1291   -5915062.7151    33.1676    -6.1633  -107.0015         0.22         10    18.6898
2024-05-11 00:49:30.000000     486887.6653    2285093.0078   -5915063.0355    33.1193    -6.2846  -107.3219         0.22         10    18.7236
