GPS Single Point Positioning Results (with Klobuchar Ionosphere Model)
====================================================================================================
Station: DAV100ATA
Approx Position: X=486854.5460, Y=2285099.2924, Z=-5914955.7136
GPS Week: 2313

Epoch                             X (m)           Y (m)           Z (m)     dX (m)     dY (m)     dZ (m)   Clock (us) Satellites    RMS (m)
----------------------------------------------------------------------------------------------------
2024-05-11 00:00:0.000000     486877.9228    2285063.0609   -5914946.3538    23.3768   -36.2315     9.3598        -0.02          9    25.9442
2024-05-11 00:00:30.000000     486875.0632    2285061.1789   -5914929.9753    20.5172   -38.1135    25.7383        -0.07         11    25.6868
2024-05-11 00:01:0.000000     486875.1739    2285061.5659   -5914931.1749    20.6279   -37.7265    24.5387        -0.06         11    25.5922
2024-05-11 00:01:30.000000     486875.7943    2285061.9808   -5914932.9214    21.2483   -37.3116    22.7922        -0.06         11    25.5746
2024-05-11 00:02:0.000000     486875.7014    2285062.4211   -5914935.0409    21.1554   -36.8713    20.6727        -0.06         11    25.2962
2024-05-11 00:02:30.000000     486875.9684    2285062.7005   -5914935.8823    21.4224   -36.5919    19.8313        -0.05         11    25.2234
2024-05-11 00:03:0.000000     486876.0139    2285063.0286   -5914937.2161    21.4679   -36.2638    18.4975        -0.05         11    25.0310
2024-05-11 00:03:30.000000     486876.0844    2285063.4667   -5914938.9021    21.5384   -35.8257    16.8115        -0.05         11    24.8719
2024-05-11 00:04:0.000000     486876.5601    2285063.6361   -5914940.7313    22.0141   -35.6563    14.9823        -0.05         11    24.7744
2024-05-11 00:04:30.000000     486876.6505    2285064.4588   -5914942.5813    22.1045   -34.8336    13.1323        -0.04         11    24.4327
2024-05-11 00:05:0.000000     486876.8923    2285064.3421   -5914943.4581    22.3463   -34.9503    12.2555        -0.04         11    24.4198
2024-05-11 00:05:30.000000     486877.2773    2285065.2759   -5914945.8387    22.7313   -34.0165     9.8749        -0.03         11    24.3696
2024-05-11 00:06:0.000000     486877.3846    2285065.7482   -5914948.0355    22.8386   -33.5442     7.6781        -0.03         11    23.9731
2024-05-11 00:06:30.000000     486877.6660    2285066.1051   -5914949.6893    23.1200   -33.1873     6.0243        -0.03         11    23.7890
2024-05-11 00:07:0.000000     486878.0095    2285066.1609   -5914950.9319    23.4635   -33.1315     4.7817        -0.02         11    23.9618
2024-05-11 00:07:30.000000     486877.9837    2285066.9110   -5914952.8887    23.4377   -32.3814     2.8249        -0.02         11    23.7332
2024-05-11 00:08:0.000000     486878.2643    2285067.6731   -5914954.4577    23.7183   -31.6193     1.2559        -0.01         11    23.4784
2024-05-11 00:08:30.000000     486878.4336    2285067.9937   -5914956.4262    23.8876   -31.2987    -0.7126        -0.01         11    23.3705
2024-05-11 00:09:0.000000     486878.4910    2285068.5837   -5914958.2047    23.9450   -30.7087    -2.4911        -0.01         11    23.3335
2024-05-11 00:09:30.000000     486878.9127    2285068.3958   -5914958.7920    24.3667   -30.8966    -3.0784        -0.01         11    23.2341
2024-05-11 00:10:0.000000     486879.1687    2285069.2400   -5914961.1452    24.6227   -30.0524    -5.4316        -0.00         11    23.2131
2024-05-11 00:10:30.000000     486879.2765    2285069.7263   -5914963.0781    24.7305   -29.5661    -7.3645         0.00         11    23.0085
2024-05-11 00:11:0.000000     486879.1196    2285070.2699   -5914965.1903    24.5736   -29.0225    -9.4767         0.01         11    22.8665
2024-05-11 00:11:30.000000     486879.5030    2285070.4247   -5914966.1016    24.9570   -28.8677   -10.3880         0.01         11    22.8222
2024-05-11 00:12:0.000000     486879.5261    2285070.9178   -5914968.0176    24.9801   -28.3746   -12.3040         0.01         11    22.7174
2024-05-11 00:12:30.000000     486879.5823    2285071.1879   -5914968.9308    25.0363   -28.1045   -13.2172         0.01         11    22.6102
2024-05-11 00:13:0.000000     486879.9500    2285071.5493   -5914970.5538    25.4040   -27.7431   -14.8402         0.02         11    22.5622
2024-05-11 00:13:30.000000     486880.0515    2285071.7972   -5914972.1382    25.5055   -27.4952   -16.4246         0.02         11    22.5424
2024-05-11 00:14:0.000000     486880.1752    2285072.3166   -5914973.2912    25.6292   -26.9758   -17.5776         0.02         11    22.3909
2024-05-11 00:14:30.000000     486880.0663    2285072.8973   -5914974.3448    25.5203   -26.3951   -18.6312         0.03         11    22.3424
2024-05-11 00:15:0.000000     486880.3669    2285073.1354   -5914976.0507    25.8209   -26.1570   -20.3371         0.03         11    22.3768
2024-05-11 00:15:30.000000     486880.5577    2285073.8839   -5914979.5582    26.0117   -25.4085   -23.8446         0.04         11    22.3519
2024-05-11 00:16:0.000000     486880.8248    2285074.0653   -5914980.1738    26.2788   -25.2271   -24.4602         0.04         11    22.4518
2024-05-11 00:16:30.000000     486880.8275    2285074.4797   -5914981.6859    26.2815   -24.8127   -25.9723         0.04         11    22.2899
2024-05-11 00:17:0.000000     486881.8038    2285075.1904   -5914985.0556    27.2578   -24.1020   -29.3420         0.05         11    22.7243
2024-05-11 00:17:30.000000     486881.8081    2285075.6465   -5914986.7625    27.2621   -23.6459   -31.0489         0.05         11    22.4352
2024-05-11 00:18:0.000000     486882.1823    2285076.0134   -5914987.7812    27.6363   -23.2790   -32.0676         0.05         11    22.4136
2024-05-11 00:18:30.000000     486882.2005    2285076.0537   -5914987.9925    27.6545   -23.2387   -32.2789         0.05         11    22.4320
2024-05-11 00:19:0.000000     486882.2556    2285076.4453   -5914991.0432    27.7096   -22.8471   -35.3296         0.06         11    22.3349
2024-05-11 00:19:30.000000     486882.3665    2285077.0520   -5914992.1590    27.8205   -22.2404   -36.4454         0.06         11    22.4353
2024-05-11 00:20:0.000000     486882.4651    2285077.3411   -5914994.1536    27.9191   -21.9513   -38.4400         0.06         11    22.2550
2024-05-11 00:20:30.000000     486882.8106    2285077.9177   -5914996.9454    28.2646   -21.3747   -41.2318         0.07         11    22.2990
2024-05-11 00:21:0.000000     486883.1678    2285078.2816   -5914996.8819    28.6218   -21.0108   -41.1683         0.07         11    22.3521
2024-05-11 00:21:30.000000     486883.3641    2285078.9381   -5914999.1176    28.8181   -20.3543   -43.4040         0.08         11    22.2293
2024-05-11 00:22:0.000000     486883.6302    2285079.0074   -5915000.1831    29.0842   -20.2850   -44.4695         0.08         11    22.3729
2024-05-11 00:22:30.000000     486883.7979    2285079.5458   -5915002.3724    29.2519   -19.7466   -46.6588         0.08         11    22.4829
2024-05-11 00:23:0.000000     486883.7996    2285079.8865   -5915003.2228    29.2536   -19.4059   -47.5092         0.09         11    22.3669
2024-05-11 00:23:30.000000     486884.0112    2285080.5133   -5915004.9465    29.4652   -18.7791   -49.2329         0.09         11    22.2616
2024-05-11 00:24:0.000000     486883.7428    2285080.8146   -5915005.9094    29.1968   -18.4778   -50.1958         0.09         11    22.3781
2024-05-11 00:24:30.000000     486884.2657    2285080.9335   -5915006.4716    29.7197   -18.3589   -50.7580         0.09         11    22.1812
2024-05-11 00:25:0.000000     486884.2707    2285081.5153   -5915008.5619    29.7247   -17.7771   -52.8483         0.10         11    22.2723
2024-05-11 00:25:30.000000     486884.5852    2285081.9692   -5915010.6404    30.0392   -17.3232   -54.9268         0.10         11    22.3912
2024-05-11 00:26:0.000000     486884.5030    2285082.1425   -5915010.9438    29.9570   -17.1499   -55.2302         0.10         11    22.3331
2024-05-11 00:26:30.000000     486884.5808    2285082.2943   -5915012.9388    30.0348   -16.9981   -57.2252         0.11         11    22.5175
2024-05-11 00:27:0.000000     486884.9968    2285082.9791   -5915014.3937    30.4508   -16.3133   -58.6801         0.11         11    22.6321
2024-05-11 00:27:30.000000     486885.2386    2285083.3206   -5915015.6203    30.6926   -15.9718   -59.9067         0.11         11    22.6780
2024-05-11 00:28:0.000000     486885.1791    2285083.3412   -5915016.0526    30.6331   -15.9512   -60.3390         0.11         11    22.7583
2024-05-11 00:28:30.000000     486885.3581    2285083.5517   -5915017.5288    30.8121   -15.7407   -61.8152         0.12         11    22.6870
2024-05-11 00:29:0.000000     486885.4029    2285083.6624   -5915018.8037    30.8569   -15.6300   -63.0901         0.12         11    22.6609
2024-05-11 00:29:30.000000     486885.6920    2285084.5624   -5915020.4079    31.1460   -14.7300   -64.6943         0.12         11    22.9205
2024-05-11 00:30:0.000000     486886.0393    2285084.7054   -5915021.0917    31.4933   -14.5870   -65.3781         0.12         11    22.9109
2024-05-11 00:30:30.000000     486885.8856    2285085.2088   -5915022.9897    31.3396   -14.0836   -67.2761         0.13         11    23.0291
2024-05-11 00:31:0.000000     486885.5778    2285085.1518   -5915022.5598    31.0318   -14.1406   -66.8462         0.13         11    22.7859
2024-05-11 00:31:30.000000     486885.7227    2285085.5243   -5915024.2400    31.1767   -13.7681   -68.5264         0.13         11    22.9197
2024-05-11 00:32:0.000000     486886.1297    2285085.7819   -5915024.9525    31.5837   -13.5105   -69.2389         0.13         11    23.0354
2024-05-11 00:32:30.000000     486886.2135    2285086.0191   -5915024.9971    31.6675   -13.2733   -69.2835         0.13         11    22.9279
2024-05-11 00:33:0.000000     486886.1583    2285085.7500   -5915024.7839    31.6123   -13.5424   -69.0703         0.13         11    22.7168
2024-05-11 00:33:30.000000     486886.0619    2285086.4681   -5915027.1213    31.5159   -12.8243   -71.4077         0.14         11    23.1099
2024-05-11 00:34:0.000000     486886.1679    2285086.9242   -5915028.4580    31.6219   -12.3682   -72.7444         0.14         11    23.1297
2024-05-11 00:34:30.000000     486886.6847    2285086.9003   -5915028.5338    32.1387   -12.3921   -72.8202         0.14         11    23.2723
2024-05-11 00:35:0.000000     486886.5232    2285087.0892   -5915029.5552    31.9772   -12.2032   -73.8416         0.14         11    23.3542
2024-05-11 00:35:30.000000     486886.7898    2285087.4316   -5915030.9717    32.2438   -11.8608   -75.2581         0.14         11    23.2756
2024-05-11 00:36:0.000000     486886.6882    2285087.3806   -5915031.5426    32.1422   -11.9118   -75.8290         0.14         11    23.4490
2024-05-11 00:36:30.000000     486887.1664    2285087.7235   -5915032.7542    32.6204   -11.5689   -77.0406         0.15         11    23.7025
2024-05-11 00:37:0.000000     486886.6672    2285089.0926   -5915052.6831    32.1212   -10.1998   -96.9695         0.19         10    18.9161
2024-05-11 00:37:30.000000     486886.4115    2285088.7290   -5915052.2096    31.8655   -10.5634   -96.4960         0.19         10    18.7425
2024-05-11 00:38:0.000000     486886.3857    2285089.1426   -5915053.4264    31.8397   -10.1498   -97.7128         0.19         10    18.8272
2024-05-11 00:38:30.000000     486886.6806    2285089.1263   -5915054.1704    32.1346   -10.1661   -98.4568         0.19         10    18.7276
2024-05-11 00:39:0.000000     486887.0086    2285089.3964   -5915054.1766    32.4626    -9.8960   -98.4630         0.19         10    18.7156
2024-05-11 00:39:30.000000     486887.0583    2285089.1919   -5915055.1364    32.5123   -10.1005   -99.4228         0.20         10    18.6405
2024-05-11 00:40:0.000000     486887.1442    2285089.7101   -5915056.4320    32.5982    -9.5823  -100.7184         0.20         10    18.6943
2024-05-11 00:40:30.000000     486887.0375    2285090.1123   -5915056.5308    32.4915    -9.1801  -100.8172         0.20         10    18.7168
2024-05-11 00:41:0.000000     486887.1889    2285090.8767   -5915057.2511    32.6429    -8.4157  -101.5375         0.20         10    18.5038
2024-05-11 00:41:30.000000     486887.0712    2285090.6911   -5915057.2410    32.5252    -8.6013  -101.5274         0.20         10    18.5099
2024-05-11 00:42:0.000000     486887.1849    2285090.6623   -5915057.5194    32.6389    -8.6301  -101.8058         0.20         10    18.6965
2024-05-11 00:42:30.000000     486887.5128    2285090.7455   -5915057.0762    32.9668    -8.5469  -101.3626         0.20         10    18.5531
2024-05-11 00:43:0.000000     486887.3018    2285090.9890   -5915058.2069    32.7558    -8.3034  -102.4933         0.20         10    18.1871
2024-05-11 00:43:30.000000     486887.2844    2285090.8818   -5915058.8112    32.7384    -8.4106  -103.0976         0.20         10    18.3790
2024-05-11 00:44:0.000000     486887.6021    2285090.8890   -5915058.7241    33.0561    -8.4034  -103.0105         0.20         10    18.5563
2024-05-11 00:44:30.000000     486887.3890    2285091.0361   -5915059.1840    32.8430    -8.2563  -103.4704         0.20         10    18.4723
2024-05-11 00:45:0.000000     486887.5064    2285091.1250   -5915060.0727    32.9604    -8.1674  -104.3591         0.21         10    18.3087
2024-05-11 00:45:30.000000     486887.2446    2285091.2300   -5915059.1067    32.6986    -8.0624  -103.3931         0.21         10    18.3531
2024-05-11 00:46:0.000000     486887.3999    2285091.2495   -5915058.4486    32.8539    -8.0429  -102.7350         0.20         10    18.5009
2024-05-11 00:46:30.000000     486887.7224    2285091.5148   -5915059.8407    33.1764    -7.7776  -104.1271         0.21         10    18.4304
2024-05-11 00:47:0.000000     486887.3191    2285091.4612   -5915059.2546    32.7731    -7.8312  -103.5410         0.21         10    18.6026
2024-05-11 00:47:30.000000     486887.8284    2285091.5805   -5915059.8542    33.2824    -7.7119  -104.1406         0.21         10    18.5576
2024-05-11 00:48:0.000000     486887.5937    2285091.9788   -5915060.0918    33.0477    -7.3136  -104.3782         0.21         10    18.4218
2024-05-11 00:48:30.000000     486887.4319    2285092.1100   -5915059.7371    32.8859    -7.1824  -104.0235         0.21         10    18.5228
2024-05-11 00:49:0.000000     486887.5478    2285092.0694   -5915060.2434    33.0018    -7.2230  -104.5298         0.21         10    18.7240
2024-05-11 00:49:30.000000     486887.4994    2285091.9482   -5915060.5635    32.9534    -7.3442  -104.8499         0.21         10    18.7586
