GPS Single Point Positioning Results (with Klobuchar Ionosphere Model)
====================================================================================================
Station: HOB200AUS
Approx Position: X=-3950072.2497, Y=2522415.3618, Z=-4311637.4022
GPS Week: 2313

Epoch                             X (m)           Y (m)           Z (m)     dX (m)     dY (m)     dZ (m)   Clock (us) Satellites    RMS (m)
----------------------------------------------------------------------------------------------------
2024-05-08 00:00:0.000000   -3950066.4544    2522388.2911   -4311642.3456     5.7953   -27.0707    -4.9434        -0.04          8    14.1723
2024-05-08 00:00:30.000000   -3950086.9540    2522382.0187   -4311618.8260   -14.7043   -33.3431    18.5762        -0.02          9    19.4095
2024-05-08 00:01:0.000000   -3950086.2143    2522381.5417   -4311618.3271   -13.9646   -33.8201    19.0751        -0.02          9    19.6143
2024-05-08 00:01:30.000000   -3950085.7235    2522381.1343   -4311617.8416   -13.4738   -34.2275    19.5606        -0.02          9    19.4448
2024-05-08 00:02:0.000000   -3950085.2749    2522380.7126   -4311617.7154   -13.0252   -34.6492    19.6868        -0.02          9    19.7364
2024-05-08 00:02:30.000000   -3950084.1384    2522380.3963   -4311617.4431   -11.8887   -34.9655    19.9591        -0.03          9    19.6517
2024-05-08 00:03:0.000000   -3950083.9629    2522380.3886   -4311617.4452   -11.7132   -34.9732    19.9570        -0.03          9    19.6775
2024-05-08 00:03:30.000000   -3950082.5391    2522379.6791   -4311616.7357   -10.2894   -35.6827    20.6665        -0.03          9    19.7571
2024-05-08 00:04:0.000000   -3950082.0532    2522379.3673   -4311616.4170    -9.8035   -35.9945    20.9852        -0.03          9    19.8797
2024-05-08 00:04:30.000000   -3950081.0927    2522379.1023   -4311616.3584    -8.8430   -36.2595    21.0438        -0.03          9    20.0473
2024-05-08 00:05:0.000000   -3950080.3250    2522378.7307   -4311616.6940    -8.0753   -36.6311    20.7082        -0.03          9    19.8808
2024-05-08 00:05:30.000000   -3950080.3594    2522378.3073   -4311616.0966    -8.1097   -37.0545    21.3056        -0.03          9    20.1180
2024-05-08 00:06:0.000000   -3950079.6308    2522378.0979   -4311615.8155    -7.3811   -37.2639    21.5867        -0.04          9    20.2152
2024-05-08 00:06:30.000000   -3950078.9935    2522377.9059   -4311615.6879    -6.7438   -37.4559    21.7143        -0.04          9    19.8878
2024-05-08 00:07:0.000000   -3950077.3211    2522377.2876   -4311615.0452    -5.0714   -38.0742    22.3570        -0.04          9    20.2510
2024-05-08 00:07:30.000000   -3950076.0973    2522377.0425   -4311614.7312    -3.8476   -38.3193    22.6710        -0.04          9    20.3806
2024-05-08 00:08:0.000000   -3950076.3226    2522376.8967   -4311614.9813    -4.0729   -38.4651    22.4209        -0.04          9    20.3646
2024-05-08 00:08:30.000000   -3950075.6879    2522376.9209   -4311614.6228    -3.4382   -38.4409    22.7794        -0.04          9    20.3269
2024-05-08 00:09:0.000000   -3950075.0675    2522376.2385   -4311614.2530    -2.8178   -39.1233    23.1492        -0.05          9    20.4537
2024-05-08 00:09:30.000000   -3950074.4268    2522375.7426   -4311613.6384    -2.1771   -39.6192    23.7638        -0.05          9    20.4409
2024-05-08 00:10:0.000000   -3950064.4857    2522368.6169   -4311608.6409     7.7640   -46.7449    28.7613        -0.08          8    17.2671
2024-05-08 00:10:30.000000   -3950063.8235    2522368.3618   -4311608.7713     8.4262   -47.0000    28.6309        -0.08          8    16.9585
2024-05-08 00:11:0.000000   -3950063.2594    2522368.0132   -4311608.2858     8.9903   -47.3486    29.1164        -0.08          8    17.0360
2024-05-08 00:11:30.000000   -3950062.9101    2522368.2102   -4311608.6847     9.3396   -47.1516    28.7175        -0.08          8    16.5526
2024-05-08 00:12:0.000000   -3950061.5480    2522367.6815   -4311608.2190    10.7017   -47.6803    29.1832        -0.08          8    16.5053
2024-05-08 00:12:30.000000   -3950060.5694    2522367.1644   -4311608.3381    11.6803   -48.1974    29.0641        -0.09          8    16.7590
2024-05-08 00:13:0.000000   -3950060.2312    2522366.8170   -4311608.0278    12.0185   -48.5448    29.3744        -0.09          8    16.4073
2024-05-08 00:13:30.000000   -3950058.4292    2522366.2355   -4311607.1396    13.8205   -49.1263    30.2626        -0.09          8    16.2697
2024-05-08 00:14:0.000000   -3950058.3747    2522366.5204   -4311607.3290    13.8750   -48.8414    30.0732        -0.09          8    16.2291
2024-05-08 00:14:30.000000   -3950057.5200    2522366.2016   -4311607.5000    14.7297   -49.1602    29.9022        -0.09          8    16.0158
2024-05-08 00:15:0.000000   -3950055.6162    2522365.3048   -4311606.3556    16.6335   -50.0570    31.0466        -0.10          8    15.8092
2024-05-08 00:15:30.000000   -3950055.0451    2522365.1991   -4311606.4820    17.2046   -50.1627    30.9202        -0.10          8    15.7275
2024-05-08 00:16:0.000000   -3950053.6722    2522364.5889   -4311606.3561    18.5775   -50.7729    31.0461        -0.10          8    15.5949
2024-05-08 00:16:30.000000   -3950052.8694    2522364.4020   -4311605.7292    19.3803   -50.9598    31.6730        -0.10          8    15.3128
2024-05-08 00:17:0.000000   -3950052.6108    2522364.1387   -4311605.4971    19.6389   -51.2231    31.9051        -0.10          8    15.2406
2024-05-08 00:17:30.000000   -3950052.1831    2522363.9598   -4311605.6449    20.0666   -51.4020    31.7573        -0.10          8    15.2298
2024-05-08 00:18:0.000000   -3950050.5839    2522363.3812   -4311605.2581    21.6658   -51.9806    32.1441        -0.11          8    14.9038
2024-05-08 00:18:30.000000   -3950050.4158    2522363.2110   -4311605.1257    21.8339   -52.1508    32.2765        -0.11          8    14.7481
2024-05-08 00:19:0.000000   -3950049.2744    2522362.9330   -4311605.4380    22.9753   -52.4288    31.9642        -0.11          8    14.9099
2024-05-08 00:19:30.000000   -3950047.6871    2522362.2575   -4311604.9511    24.5626   -53.1043    32.4511        -0.11          8    14.5238
2024-05-08 00:20:0.000000   -3950046.4858    2522361.8327   -4311604.1125    25.7639   -53.5291    33.2897        -0.11          8    14.4991
2024-05-08 00:20:30.000000   -3950045.8175    2522361.5787   -4311604.4588    26.4322   -53.7831    32.9434        -0.11          8    14.0903
2024-05-08 00:21:0.000000   -3950045.6420    2522361.8095   -4311604.5738    26.6077   -53.5523    32.8284        -0.11          8    14.0711
2024-05-08 00:21:30.000000   -3950043.4252    2522360.3843   -4311603.8598    28.8245   -54.9775    33.5424        -0.12          8    13.8395
2024-05-08 00:22:0.000000   -3950043.7519    2522361.2193   -4311604.2774    28.4978   -54.1425    33.1248        -0.12          8    13.7048
2024-05-08 00:22:30.000000   -3950041.6122    2522360.1637   -4311603.3101    30.6375   -55.1981    34.0921        -0.12          8    13.5826
2024-05-08 00:23:0.000000   -3950040.0914    2522359.7678   -4311603.2480    32.1583   -55.5940    34.1542        -0.12          8    13.4502
2024-05-08 00:23:30.000000   -3950039.4835    2522359.5024   -4311603.4592    32.7662   -55.8594    33.9430        -0.12          8    13.3129
2024-05-08 00:24:0.000000   -3950039.1046    2522359.2768   -4311603.5173    33.1451   -56.0850    33.8849        -0.13          8    13.0183
2024-05-08 00:24:30.000000   -3950038.2494    2522358.9920   -4311603.1122    34.0003   -56.3698    34.2900        -0.13          8    12.8257
2024-05-08 00:25:0.000000   -3950036.9536    2522358.3976   -4311602.7548    35.2961   -56.9642    34.6474        -0.13          8    12.6930
2024-05-08 00:25:30.000000   -3950036.0147    2522358.3672   -4311602.9712    36.2350   -56.9946    34.4310        -0.13          8    12.5054
2024-05-08 00:26:0.000000   -3950035.1402    2522357.7990   -4311602.6916    37.1095   -57.5628    34.7106        -0.13          8    12.5809
2024-05-08 00:26:30.000000   -3950034.2471    2522357.7451   -4311602.3396    38.0026   -57.6167    35.0626        -0.13          8    12.3590
2024-05-08 00:27:0.000000   -3950033.2345    2522357.5262   -4311602.5564    39.0152   -57.8356    34.8458        -0.14          8    12.1100
2024-05-08 00:27:30.000000   -3950033.3264    2522358.0419   -4311602.9125    38.9233   -57.3199    34.4897        -0.13          8    11.8838
2024-05-08 00:28:0.000000   -3950031.1200    2522356.6627   -4311602.1000    41.1297   -58.6991    35.3022        -0.14          8    11.7286
2024-05-08 00:28:30.000000   -3950029.9290    2522356.4423   -4311602.0590    42.3207   -58.9195    35.3432        -0.14          8    11.5995
2024-05-08 00:29:0.000000   -3950030.4219    2522356.8189   -4311602.7585    41.8278   -58.5429    34.6437        -0.14          8    11.3938
2024-05-08 00:29:30.000000   -3950027.2847    2522355.2875   -4311601.3265    44.9650   -60.0743    36.0757        -0.15          8    11.2939
2024-05-08 00:30:0.000000   -3950027.7550    2522355.5572   -4311601.5671    44.4947   -59.8046    35.8351        -0.15          8    11.1286
2024-05-08 00:30:30.000000   -3950027.3128    2522356.0903   -4311601.8968    44.9369   -59.2715    35.5054        -0.14          8    10.8522
2024-05-08 00:31:0.000000   -3950025.4772    2522355.2030   -4311601.2260    46.7725   -60.1588    36.1762        -0.15          8    10.9284
2024-05-08 00:31:30.000000   -3950024.2279    2522354.7415   -4311601.3666    48.0218   -60.6203    36.0356        -0.15          8    10.6924
2024-05-08 00:32:0.000000   -3950023.3727    2522354.6246   -4311601.0719    48.8770   -60.7372    36.3303        -0.15          8    10.5269
2024-05-08 00:32:30.000000   -3950022.6883    2522354.1275   -4311601.0609    49.5614   -61.2343    36.3413        -0.15          8    10.1776
2024-05-08 00:33:0.000000   -3950023.8443    2522355.7605   -4311605.0034    48.4054   -59.6013    32.3988        -0.14          9    16.5504
2024-05-08 00:33:30.000000   -3950022.6243    2522355.1903   -4311604.9620    49.6254   -60.1715    32.4402        -0.14          9    16.7149
2024-05-08 00:34:0.000000   -3950021.1457    2522354.7364   -4311604.2830    51.1040   -60.6254    33.1192        -0.15          9    16.0376
2024-05-08 00:34:30.000000   -3950021.1951    2522354.6130   -4311604.8846    51.0546   -60.7488    32.5176        -0.15          9    15.7679
2024-05-08 00:35:0.000000   -3950019.9789    2522354.1279   -4311604.8471    52.2708   -61.2339    32.5551        -0.15          9    15.9679
2024-05-08 00:35:30.000000   -3950019.0395    2522353.9294   -4311604.7346    53.2102   -61.4324    32.6676        -0.15          9    16.0086
2024-05-08 00:36:0.000000   -3950018.1327    2522353.8360   -4311604.6361    54.1170   -61.5258    32.7661        -0.15          9    15.3319
2024-05-08 00:36:30.000000   -3950017.9542    2522353.8023   -4311605.0868    54.2955   -61.5595    32.3154        -0.15          9    14.7207
2024-05-08 00:37:0.000000   -3950015.8196    2522353.0301   -4311604.2437    56.4301   -62.3317    33.1585        -0.16          9    14.5341
2024-05-08 00:37:30.000000   -3950025.3988    2522356.3388   -4311608.6453    46.8509   -59.0230    28.7569        -0.13         10    17.6798
2024-05-08 00:38:0.000000   -3950024.9382    2522355.9200   -4311608.9687    47.3115   -59.4418    28.4335        -0.13         10    17.7153
2024-05-08 00:38:30.000000   -3950024.9393    2522355.9469   -4311609.2166    47.3104   -59.4149    28.1856        -0.13         10    17.7929
2024-05-08 00:39:0.000000   -3950024.8126    2522356.5288   -4311609.5824    47.4371   -58.8330    27.8198        -0.13         10    17.7120
2024-05-08 00:39:30.000000   -3950024.4666    2522356.1014   -4311610.1537    47.7831   -59.2604    27.2485        -0.13         10    17.3268
2024-05-08 00:40:0.000000   -3950024.2713    2522356.3147   -4311610.0046    47.9784   -59.0471    27.3976        -0.13         10    17.3784
2024-05-08 00:40:30.000000   -3950023.1219    2522356.0914   -4311610.6187    49.1278   -59.2704    26.7835        -0.13         10    17.1709
2024-05-08 00:41:0.000000   -3950023.2243    2522356.0963   -4311610.3009    49.0254   -59.2655    27.1013        -0.13         10    16.7078
2024-05-08 00:41:30.000000   -3950022.5687    2522355.8064   -4311610.4013    49.6810   -59.5554    27.0009        -0.13         10    16.9323
2024-05-08 00:42:0.000000   -3950022.8333    2522356.2567   -4311610.9987    49.4164   -59.1051    26.4035        -0.13         10    16.5213
2024-05-08 00:42:30.000000   -3950023.1298    2522356.1420   -4311611.4034    49.1199   -59.2198    25.9988        -0.12         10    16.5112
2024-05-08 00:43:0.000000   -3950023.2389    2522356.2123   -4311611.7186    49.0108   -59.1495    25.6836        -0.12         10    16.3194
2024-05-08 00:43:30.000000   -3950022.5790    2522355.9205   -4311611.8267    49.6707   -59.4413    25.5755        -0.12         10    16.5434
2024-05-08 00:44:0.000000   -3950021.8973    2522356.0689   -4311611.5668    50.3524   -59.2929    25.8354        -0.12         10    16.1303
2024-05-08 00:44:30.000000   -3950023.0056    2522356.4398   -4311612.0599    49.2441   -58.9220    25.3423        -0.12         10    15.7804
2024-05-08 00:45:0.000000   -3950021.7794    2522355.9754   -4311612.0188    50.4703   -59.3864    25.3834        -0.12         10    16.2567
2024-05-08 00:45:30.000000   -3950021.7566    2522356.0325   -4311612.4159    50.4931   -59.3293    24.9863        -0.12         11    15.1692
2024-05-08 00:46:0.000000   -3950021.5722    2522356.0643   -4311612.7781    50.6775   -59.2975    24.6241        -0.12         11    14.9642
2024-05-08 00:46:30.000000   -3950022.3756    2522356.2582   -4311613.0323    49.8741   -59.1036    24.3699        -0.12         11    14.8112
2024-05-08 00:47:0.000000   -3950021.9214    2522356.4211   -4311613.5154    50.3283   -58.9407    23.8868        -0.12         11    14.7561
2024-05-08 00:47:30.000000   -3950021.3081    2522355.7425   -4311613.3872    50.9416   -59.6193    24.0150        -0.12         11    14.5481
2024-05-08 00:48:0.000000   -3950021.5574    2522356.0573   -4311613.7797    50.6923   -59.3045    23.6225        -0.12         11    14.5786
2024-05-08 00:48:30.000000   -3950020.4110    2522355.5797   -4311614.0023    51.8387   -59.7821    23.3999        -0.12         11    14.3688
2024-05-08 00:49:0.000000   -3950021.2703    2522356.2286   -4311614.1787    50.9794   -59.1332    23.2235        -0.12         11    14.2678
2024-05-08 00:49:30.000000   -3950021.0184    2522355.9002   -4311614.5046    51.2313   -59.4616    22.8976        -0.12         11    14.0050
