GPS Single Point Positioning Results (without Ionosphere Correction)
====================================================================================================
Station: HOB200AUS
Approx Position: X=-3950072.2497, Y=2522415.3618, Z=-4311637.4022

Epoch                             X (m)           Y (m)           Z (m)     dX (m)     dY (m)     dZ (m)   Clock (us) Satellites    RMS (m)
----------------------------------------------------------------------------------------------------
2024-05-11 00:00:0.000000   -3949952.4699    2522322.5628   -4311555.4922   119.7798   -92.7990    81.9100        -0.32          7    17.3422
2024-05-11 00:00:30.000000   -3950059.4863    2522366.4304   -4311609.1125    12.7634   -48.9314    28.2897        -0.07          8    17.4468
2024-05-11 00:01:0.000000   -3950058.5040    2522365.9569   -4311608.7064    13.7457   -49.4049    28.6958        -0.07          8    17.4913
2024-05-11 00:01:30.000000   -3950057.2591    2522365.8484   -4311608.2141    14.9906   -49.5134    29.1881        -0.07          8    17.1082
2024-05-11 00:02:0.000000   -3950057.5536    2522366.3368   -4311608.7685    14.6961   -49.0250    28.6337        -0.07          8    17.1323
2024-05-11 00:02:30.000000   -3950055.5534    2522365.3168   -4311607.9711    16.6963   -50.0450    29.4311        -0.08          8    16.7889
2024-05-11 00:03:0.000000   -3950053.5878    2522364.6866   -4311607.3829    18.6619   -50.6752    30.0193        -0.08          8    16.6742
2024-05-11 00:03:30.000000   -3950054.2412    2522364.8548   -4311607.8565    18.0085   -50.5070    29.5457        -0.08          8    16.4039
2024-05-11 00:04:0.000000   -3950053.3141    2522364.5662   -4311607.8343    18.9356   -50.7956    29.5679        -0.08          8    16.3963
2024-05-11 00:04:30.000000   -3950052.4972    2522364.2881   -4311607.5201    19.7525   -51.0737    29.8821        -0.08          8    16.1567
2024-05-11 00:05:0.000000   -3950051.6249    2522364.1836   -4311607.4920    20.6248   -51.1782    29.9102        -0.08          8    16.1044
2024-05-11 00:05:30.000000   -3950050.7334    2522363.3348   -4311607.1476    21.5163   -52.0270    30.2546        -0.09          8    15.8226
2024-05-11 00:06:0.000000   -3950049.5433    2522363.1953   -4311607.0237    22.7064   -52.1665    30.3785        -0.09          8    15.7548
2024-05-11 00:06:30.000000   -3950049.1079    2522362.7398   -4311606.9211    23.1418   -52.6220    30.4811        -0.09          8    15.5863
2024-05-11 00:07:0.000000   -3950046.5271    2522361.5707   -4311606.1081    25.7226   -53.7911    31.2941        -0.09          8    15.2897
2024-05-11 00:07:30.000000   -3950045.9736    2522362.0395   -4311606.0290    26.2761   -53.3223    31.3732        -0.10          8    15.1728
2024-05-11 00:08:0.000000   -3950044.9756    2522361.6307   -4311605.7192    27.2741   -53.7311    31.6830        -0.10          8    15.0989
2024-05-11 00:08:30.000000   -3950044.8637    2522361.5733   -4311606.2948    27.3860   -53.7885    31.1074        -0.10          8    14.8229
2024-05-11 00:09:0.000000   -3950042.9156    2522360.4815   -4311605.7608    29.3341   -54.8803    31.6414        -0.10          8    14.7202
2024-05-11 00:09:30.000000   -3950041.6721    2522359.9379   -4311604.9797    30.5776   -55.4239    32.4225        -0.10          8    14.4612
2024-05-11 00:10:0.000000   -3950041.8208    2522360.4877   -4311605.7946    30.4289   -54.8741    31.6076        -0.10          8    14.3783
2024-05-11 00:10:30.000000   -3950040.3569    2522359.7710   -4311605.5809    31.8928   -55.5908    31.8213        -0.10          8    14.2985
2024-05-11 00:11:0.000000   -3950038.5319    2522359.4565   -4311604.6256    33.7178   -55.9053    32.7766        -0.11          8    14.0071
2024-05-11 00:11:30.000000   -3950038.2806    2522358.9561   -4311605.1258    33.9691   -56.4057    32.2764        -0.11          8    13.8617
2024-05-11 00:12:0.000000   -3950038.1013    2522359.1428   -4311605.0668    34.1484   -56.2190    32.3354        -0.11          8    13.5391
2024-05-11 00:12:30.000000   -3950036.1615    2522358.3273   -4311604.4491    36.0882   -57.0345    32.9531        -0.11          8    13.4630
2024-05-11 00:13:0.000000   -3950035.4346    2522358.0506   -4311604.5462    36.8151   -57.3112    32.8560        -0.11          8    13.0545
2024-05-11 00:13:30.000000   -3950034.0407    2522357.9329   -4311604.3522    38.2090   -57.4289    33.0500        -0.12          8    12.9642
2024-05-11 00:14:0.000000   -3950033.1132    2522357.2595   -4311603.8163    39.1365   -58.1023    33.5859        -0.12          8    12.9612
2024-05-11 00:14:30.000000   -3950032.7838    2522357.2530   -4311604.2325    39.4659   -58.1088    33.1697        -0.12          8    12.7489
2024-05-11 00:15:0.000000   -3950031.6721    2522356.9370   -4311604.1815    40.5776   -58.4248    33.2207        -0.12          8    12.7094
2024-05-11 00:15:30.000000   -3950031.3652    2522356.9791   -4311604.4804    40.8845   -58.3827    32.9218        -0.12          8    12.3520
2024-05-11 00:16:0.000000   -3950029.4518    2522356.3621   -4311604.0574    42.7979   -58.9997    33.3448        -0.12          8    12.0657
2024-05-11 00:16:30.000000   -3950029.4460    2522356.2798   -4311603.9394    42.8037   -59.0820    33.4628        -0.12          8    12.0805
2024-05-11 00:17:0.000000   -3950027.7243    2522355.5815   -4311603.9534    44.5254   -59.7803    33.4488        -0.13          8    11.9552
2024-05-11 00:17:30.000000   -3950027.7926    2522355.3744   -4311603.3584    44.4571   -59.9874    34.0438        -0.13          8    11.5940
2024-05-11 00:18:0.000000   -3950027.1652    2522355.7743   -4311603.9747    45.0845   -59.5875    33.4275        -0.13          8    11.5089
2024-05-11 00:18:30.000000   -3950026.3099    2522355.1782   -4311603.6022    45.9398   -60.1836    33.8000        -0.13          8    11.2168
2024-05-11 00:19:0.000000   -3950024.4958    2522354.7576   -4311603.3490    47.7539   -60.6042    34.0532        -0.13          8    11.3249
2024-05-11 00:19:30.000000   -3950024.1296    2522354.6037   -4311603.0768    48.1201   -60.7581    34.3254        -0.13          8    11.1225
2024-05-11 00:20:0.000000   -3950023.5787    2522354.5350   -4311603.3129    48.6710   -60.8268    34.0893        -0.13          8    10.9489
2024-05-11 00:20:30.000000   -3950023.2453    2522355.5780   -4311607.2699    49.0044   -59.7838    30.1323        -0.12          9    18.5996
2024-05-11 00:21:0.000000   -3950021.7477    2522355.1368   -4311606.2737    50.5020   -60.2250    31.1285        -0.13          9    18.0355
2024-05-11 00:21:30.000000   -3950021.3600    2522354.8727   -4311607.1833    50.8897   -60.4891    30.2189        -0.13          9    17.8756
2024-05-11 00:22:0.000000   -3950020.4334    2522354.4998   -4311606.8241    51.8163   -60.8620    30.5781        -0.13          9    17.3263
2024-05-11 00:22:30.000000   -3950019.8507    2522354.3885   -4311606.6404    52.3990   -60.9733    30.7618        -0.13          9    17.4954
2024-05-11 00:23:0.000000   -3950018.2474    2522353.9714   -4311606.8042    54.0023   -61.3904    30.5980        -0.13          9    17.3864
2024-05-11 00:23:30.000000   -3950018.3316    2522354.1567   -4311607.3509    53.9181   -61.2051    30.0513        -0.13          9    17.2294
2024-05-11 00:24:0.000000   -3950018.7586    2522354.4340   -4311607.6130    53.4911   -60.9278    29.7892        -0.13          9    16.7734
2024-05-11 00:24:30.000000   -3950016.3823    2522353.8271   -4311607.1889    55.8674   -61.5347    30.2133        -0.13          9    16.2527
2024-05-11 00:25:0.000000   -3950025.4236    2522357.0682   -4311611.4250    46.8261   -58.2936    25.9772        -0.11         10    18.8657
2024-05-11 00:25:30.000000   -3950025.5832    2522357.0376   -4311611.5706    46.6665   -58.3242    25.8316        -0.11         10    18.6096
2024-05-11 00:26:0.000000   -3950024.5346    2522356.8409   -4311611.6750    47.7151   -58.5209    25.7272        -0.11         10    18.7075
2024-05-11 00:26:30.000000   -3950024.2850    2522356.7045   -4311611.8665    47.9647   -58.6573    25.5357        -0.11         10    18.6362
2024-05-11 00:27:0.000000   -3950024.3385    2522356.6689   -4311612.2505    47.9112   -58.6929    25.1517        -0.10         10    18.3028
2024-05-11 00:27:30.000000   -3950024.8487    2522357.0229   -4311612.9429    47.4010   -58.3389    24.4593        -0.10         10    17.9819
2024-05-11 00:28:0.000000   -3950023.9508    2522356.8813   -4311612.7062    48.2989   -58.4805    24.6960        -0.10         10    17.9947
2024-05-11 00:28:30.000000   -3950023.4533    2522356.8605   -4311612.9209    48.7964   -58.5013    24.4813        -0.10         10    17.5364
2024-05-11 00:29:0.000000   -3950023.9440    2522357.0725   -4311613.5790    48.3057   -58.2893    23.8232        -0.10         10    17.8596
2024-05-11 00:29:30.000000   -3950022.9348    2522356.6152   -4311613.3812    49.3149   -58.7466    24.0210        -0.10         10    17.2304
2024-05-11 00:30:0.000000   -3950022.3868    2522356.4661   -4311613.5518    49.8629   -58.8957    23.8504        -0.10         10    17.2878
2024-05-11 00:30:30.000000   -3950023.6054    2522356.8847   -4311614.5379    48.6443   -58.4771    22.8643        -0.10         10    17.0049
2024-05-11 00:31:0.000000   -3950022.4380    2522356.5796   -4311614.3336    49.8117   -58.7822    23.0686        -0.10         10    16.9638
2024-05-11 00:31:30.000000   -3950023.1058    2522356.9594   -4311614.3868    49.1439   -58.4024    23.0154        -0.10         10    16.6773
2024-05-11 00:32:0.000000   -3950022.9955    2522356.8986   -4311614.5635    49.2542   -58.4632    22.8387        -0.10         10    16.3335
2024-05-11 00:32:30.000000   -3950022.2696    2522356.8492   -4311614.7782    49.9801   -58.5126    22.6240        -0.10         10    16.2743
2024-05-11 00:33:0.000000   -3950021.8560    2522356.8594   -4311615.1078    50.3937   -58.5024    22.2944        -0.10         11    15.6820
2024-05-11 00:33:30.000000   -3950022.4060    2522357.0378   -4311615.6566    49.8437   -58.3240    21.7456        -0.10         11    15.5347
2024-05-11 00:34:0.000000   -3950022.4808    2522357.1438   -4311615.5755    49.7689   -58.2180    21.8267        -0.10         11    15.4281
2024-05-11 00:34:30.000000   -3950021.8956    2522357.3238   -4311616.2498    50.3541   -58.0380    21.1524        -0.10         11    15.1117
2024-05-11 00:35:0.000000   -3950022.3613    2522357.1426   -4311617.1005    49.8884   -58.2192    20.3017        -0.09         11    15.1812
2024-05-11 00:35:30.000000   -3950021.7905    2522357.3199   -4311616.6589    50.4592   -58.0419    20.7433        -0.09         11    15.1057
2024-05-11 00:36:0.000000   -3950020.9886    2522356.6893   -4311616.4970    51.2611   -58.6725    20.9052        -0.10         11    14.9437
2024-05-11 00:36:30.000000   -3950022.0913    2522357.3338   -4311617.0745    50.1584   -58.0280    20.3277        -0.09         11    14.5538
2024-05-11 00:37:0.000000   -3950021.9351    2522357.4477   -4311617.5593    50.3146   -57.9141    19.8429        -0.09         11    14.4903
2024-05-11 00:37:30.000000   -3950022.7994    2522357.0846   -4311620.2054    49.4503   -58.2772    17.1968        -0.08         10    13.8060
2024-05-11 00:38:0.000000   -3950022.4549    2522357.1245   -4311619.9032    49.7948   -58.2373    17.4990        -0.09         10    13.5900
2024-05-11 00:38:30.000000   -3950021.6456    2522356.8731   -4311619.9640    50.6041   -58.4887    17.4382        -0.09         10    13.6942
2024-05-11 00:39:0.000000   -3950021.8161    2522357.1697   -4311620.5363    50.4336   -58.1921    16.8659        -0.09         10    13.5727
2024-05-11 00:39:30.000000   -3950022.3378    2522357.3861   -4311620.8448    49.9119   -57.9757    16.5574        -0.08         10    13.3326
2024-05-11 00:40:0.000000   -3950022.4124    2522357.4143   -4311620.8164    49.8373   -57.9475    16.5858        -0.08         10    13.2754
2024-05-11 00:40:30.000000   -3950022.1154    2522357.6690   -4311621.1260    50.1343   -57.6928    16.2762        -0.08         10    13.2390
2024-05-11 00:41:0.000000   -3950022.3142    2522357.5810   -4311621.9444    49.9355   -57.7808    15.4578        -0.08         10    13.1820
2024-05-11 00:41:30.000000   -3950022.0885    2522357.8412   -4311621.9634    50.1612   -57.5206    15.4388        -0.08         10    12.8854
2024-05-11 00:42:0.000000   -3950022.4157    2522358.3128   -4311622.2182    49.8340   -57.0490    15.1840        -0.08         10    13.0393
2024-05-11 00:42:30.000000   -3950022.7949    2522358.1353   -4311622.3474    49.4548   -57.2265    15.0548        -0.08         10    13.0230
2024-05-11 00:43:0.000000   -3950022.5821    2522358.6094   -4311622.6080    49.6676   -56.7524    14.7942        -0.08         10    12.7600
2024-05-11 00:43:30.000000   -3950022.5662    2522358.2307   -4311623.1483    49.6835   -57.1311    14.2539        -0.08         10    12.6559
2024-05-11 00:44:0.000000   -3950022.6379    2522358.3180   -4311623.1366    49.6118   -57.0438    14.2656        -0.08         10    12.5140
2024-05-11 00:44:30.000000   -3950022.9084    2522358.5192   -4311623.9546    49.3413   -56.8426    13.4476        -0.07         10    12.2996
2024-05-11 00:45:0.000000   -3950022.4632    2522358.4597   -4311623.9847    49.7865   -56.9021    13.4175        -0.07         10    12.3775
2024-05-11 00:45:30.000000   -3950022.2070    2522358.7210   -4311623.7912    50.0427   -56.6408    13.6110        -0.07         10    12.4915
2024-05-11 00:46:0.000000   -3950022.8444    2522358.8123   -4311624.4770    49.4053   -56.5495    12.9252        -0.07         10    12.3053
2024-05-11 00:46:30.000000   -3950022.9147    2522359.3173   -4311624.9452    49.3350   -56.0445    12.4570        -0.07         10    12.3714
2024-05-11 00:47:0.000000   -3950023.2010    2522359.3835   -4311625.1059    49.0487   -55.9783    12.2963        -0.07         10    12.3021
2024-05-11 00:47:30.000000   -3950023.2784    2522359.4388   -4311624.8051    48.9713   -55.9230    12.5971        -0.07         10    12.1522
2024-05-11 00:48:0.000000   -3950023.7179    2522359.6659   -4311625.9432    48.5318   -55.6959    11.4590        -0.07         10    12.2127
2024-05-11 00:48:30.000000   -3950024.0511    2522359.8128   -4311625.4642    48.1986   -55.5490    11.9380        -0.07         10    12.0670
2024-05-11 00:49:0.000000   -3950023.6208    2522359.7027   -4311625.8240    48.6289   -55.6591    11.5782        -0.07         10    12.3150
2024-05-11 00:49:30.000000   -3950023.9148    2522360.0937   -4311626.1588    48.3349   -55.2681    11.2434        -0.06         10    12.0814
