GPS Single Point Positioning Results (with Klobuchar Ionosphere Model)
====================================================================================================
Station: HOB200AUS
Approx Position: X=-3950072.2497, Y=2522415.3618, Z=-4311637.4022
GPS Week: 2313

Epoch                             X (m)           Y (m)           Z (m)     dX (m)     dY (m)     dZ (m)   Clock (us) Satellites    RMS (m)
----------------------------------------------------------------------------------------------------
2024-05-11 00:00:0.000000   -3949951.7823    2522320.3562   -4311551.0560   120.4674   -95.0056    86.3462        -0.35          7    16.9155
2024-05-11 00:00:30.000000   -3950056.5935    2522363.3281   -4311603.5706    15.6562   -52.0337    33.8316        -0.10          8    17.0345
2024-05-11 00:01:0.000000   -3950055.6332    2522362.8777   -4311603.1720    16.6165   -52.4841    34.2302        -0.10          8    17.0910
2024-05-11 00:01:30.000000   -3950054.4100    2522362.7922   -4311602.6866    17.8397   -52.5696    34.7156        -0.11          8    16.7146
2024-05-11 00:02:0.000000   -3950054.7263    2522363.3033   -4311603.2475    17.5234   -52.0585    34.1547        -0.10          8    16.7452
2024-05-11 00:02:30.000000   -3950052.7475    2522362.3059   -4311602.4559    19.5022   -53.0559    34.9463        -0.11          8    16.4125
2024-05-11 00:03:0.000000   -3950050.8032    2522361.6980   -4311601.8731    21.4465   -53.6638    35.5291        -0.11          8    16.3041
2024-05-11 00:03:30.000000   -3950051.4776    2522361.8884   -4311602.3516    20.7721   -53.4734    35.0506        -0.11          8    16.0435
2024-05-11 00:04:0.000000   -3950050.5711    2522361.6217   -4311602.3337    21.6786   -53.7401    35.0685        -0.11          8    16.0457
2024-05-11 00:04:30.000000   -3950049.7746    2522361.3653   -4311602.0233    22.4751   -53.9965    35.3789        -0.12          8    15.8145
2024-05-11 00:05:0.000000   -3950048.9225    2522361.2823   -4311601.9984    23.3272   -54.0795    35.4038        -0.12          8    15.7684
2024-05-11 00:05:30.000000   -3950048.0507    2522360.4547   -4311601.6566    24.1990   -54.9071    35.7456        -0.12          8    15.4992
2024-05-11 00:06:0.000000   -3950046.8800    2522360.3362   -4311601.5349    25.3697   -55.0256    35.8673        -0.12          8    15.4386
2024-05-11 00:06:30.000000   -3950046.4636    2522359.9013   -4311601.4338    25.7861   -55.4605    35.9684        -0.12          8    15.2795
2024-05-11 00:07:0.000000   -3950043.9014    2522358.7526   -4311600.6217    28.3483   -56.6092    36.7805        -0.13          8    14.9888
2024-05-11 00:07:30.000000   -3950043.3661    2522359.2415   -4311600.5431    28.8836   -56.1203    36.8591        -0.13          8    14.8837
2024-05-11 00:08:0.000000   -3950042.3859    2522358.8525   -4311600.2332    29.8638   -56.5093    37.1690        -0.13          8    14.8171
2024-05-11 00:08:30.000000   -3950042.2913    2522358.8145   -4311600.8080    29.9584   -56.5473    36.5942        -0.13          8    14.5533
2024-05-11 00:09:0.000000   -3950040.3599    2522357.7419   -4311600.2727    31.8898   -57.6199    37.1295        -0.13          8    14.4576
2024-05-11 00:09:30.000000   -3950039.1326    2522357.2171   -4311599.4898    33.1171   -58.1447    37.9124        -0.14          8    14.2107
2024-05-11 00:10:0.000000   -3950039.2970    2522357.7853   -4311600.3022    32.9527   -57.5765    37.1000        -0.13          8    14.1355
2024-05-11 00:10:30.000000   -3950037.8482    2522357.0868   -4311600.0854    34.4015   -58.2750    37.3168        -0.14          8    14.0669
2024-05-11 00:11:0.000000   -3950036.0377    2522356.7900   -4311599.1266    36.2120   -58.5718    38.2756        -0.14          8    13.7848
2024-05-11 00:11:30.000000   -3950035.8003    2522356.3071   -4311599.6226    36.4494   -59.0547    37.7796        -0.14          8    13.6500
2024-05-11 00:12:0.000000   -3950035.6342    2522356.5107   -4311599.5588    36.6155   -58.8511    37.8434        -0.14          8    13.3349
2024-05-11 00:12:30.000000   -3950033.7070    2522355.7118   -4311598.9358    38.5427   -59.6500    38.4664        -0.14          8    13.2697
2024-05-11 00:13:0.000000   -3950032.9919    2522355.4512   -4311599.0269    39.2578   -59.9106    38.3753        -0.15          8    12.8766
2024-05-11 00:13:30.000000   -3950031.6093    2522355.3494   -4311598.8264    40.6404   -60.0124    38.5758        -0.15          8    12.7892
2024-05-11 00:14:0.000000   -3950030.6922    2522354.6914   -4311598.2834    41.5575   -60.6704    39.1188        -0.15          8    12.7962
2024-05-11 00:14:30.000000   -3950030.3725    2522354.6998   -4311598.6918    41.8772   -60.6620    38.7104        -0.15          8    12.5920
2024-05-11 00:15:0.000000   -3950029.2697    2522354.3983   -4311598.6326    42.9800   -60.9635    38.7696        -0.15          8    12.5671
2024-05-11 00:15:30.000000   -3950028.9710    2522354.4546   -4311598.9226    43.2787   -60.9072    38.4796        -0.15          8    12.2195
2024-05-11 00:16:0.000000   -3950027.0649    2522353.8512   -4311598.4902    45.1848   -61.5106    38.9120        -0.15          8    11.9367
2024-05-11 00:16:30.000000   -3950027.0657    2522353.7821   -4311598.3622    45.1840   -61.5797    39.0400        -0.16          8    11.9549
2024-05-11 00:17:0.000000   -3950025.3496    2522353.0965   -4311598.3656    46.9001   -62.2653    39.0366        -0.16          8    11.8527
2024-05-11 00:17:30.000000   -3950025.4227    2522352.9017   -4311597.7594    46.8270   -62.4601    39.6428        -0.16          8    11.4914
2024-05-11 00:18:0.000000   -3950024.7994    2522353.3135   -4311598.3640    47.4503   -62.0483    39.0382        -0.16          8    11.4273
2024-05-11 00:18:30.000000   -3950023.9471    2522352.7288   -4311597.9791    48.3026   -62.6330    39.4231        -0.16          8    11.1287
2024-05-11 00:19:0.000000   -3950022.1353    2522352.3191   -4311597.7131    50.1144   -63.0427    39.6891        -0.16          8    11.2539
2024-05-11 00:19:30.000000   -3950021.7703    2522352.1756   -4311597.4275    50.4794   -63.1862    39.9747        -0.16          8    11.0522
2024-05-11 00:20:0.000000   -3950021.2199    2522352.1169   -4311597.6496    51.0298   -63.2449    39.7526        -0.16          8    10.8902
2024-05-11 00:20:30.000000   -3950020.7961    2522353.0614   -4311601.2387    51.4536   -62.3004    36.1635        -0.16          9    17.4274
2024-05-11 00:21:0.000000   -3950019.3035    2522352.6327   -4311600.2239    52.9462   -62.7291    37.1783        -0.16          9    16.8968
2024-05-11 00:21:30.000000   -3950018.9200    2522352.3808   -4311601.1145    53.3297   -62.9810    36.2877        -0.16          9    16.7540
2024-05-11 00:22:0.000000   -3950017.9969    2522352.0197   -4311600.7359    54.2528   -63.3421    36.6663        -0.16          9    16.2532
2024-05-11 00:22:30.000000   -3950017.4169    2522351.9199   -4311600.5325    54.8328   -63.4419    36.8697        -0.16          9    16.4333
2024-05-11 00:23:0.000000   -3950015.8155    2522351.5140   -4311600.6762    56.4342   -63.8478    36.7260        -0.16          9    16.3515
2024-05-11 00:23:30.000000   -3950015.9008    2522351.7101   -4311601.2024    56.3489   -63.6517    36.1998        -0.16          9    16.2251
2024-05-11 00:24:0.000000   -3950016.3280    2522351.9978   -4311601.4437    55.9217   -63.3640    35.9585        -0.16          9    15.7942
2024-05-11 00:24:30.000000   -3950013.9512    2522351.4009   -4311600.9984    58.2985   -63.9609    36.4038        -0.17          9    15.3138
2024-05-11 00:25:0.000000   -3950023.3649    2522354.7738   -4311605.3653    48.8848   -60.5880    32.0369        -0.14         10    18.4695
2024-05-11 00:25:30.000000   -3950023.5308    2522354.7545   -4311605.4925    48.7189   -60.6073    31.9097        -0.14         10    18.2337
2024-05-11 00:26:0.000000   -3950022.4876    2522354.5684   -4311605.5782    49.7621   -60.7934    31.8240        -0.14         10    18.3750
2024-05-11 00:26:30.000000   -3950022.2427    2522354.4423   -4311605.7508    50.0070   -60.9195    31.6514        -0.14         10    18.3193
2024-05-11 00:27:0.000000   -3950022.3000    2522354.4166   -4311606.1158    49.9497   -60.9452    31.2864        -0.14         10    18.0002
2024-05-11 00:27:30.000000   -3950022.8132    2522354.7800   -4311606.7889    49.4365   -60.5818    30.6133        -0.14         10    17.7326
2024-05-11 00:28:0.000000   -3950021.9174    2522354.6474   -4311606.5327    50.3323   -60.7144    30.8695        -0.14         10    17.7596
2024-05-11 00:28:30.000000   -3950021.4212    2522354.6351   -4311606.7277    50.8285   -60.7267    30.6745        -0.14         10    17.2993
2024-05-11 00:29:0.000000   -3950021.9124    2522354.8552   -4311607.3660    50.3373   -60.5066    30.0362        -0.14         10    17.6577
2024-05-11 00:29:30.000000   -3950020.9028    2522354.4056   -4311607.1484    51.3469   -60.9562    30.2538        -0.14         10    17.0832
2024-05-11 00:30:0.000000   -3950020.3536    2522354.2637   -4311607.2990    51.8961   -61.0981    30.1032        -0.14         10    17.1370
2024-05-11 00:30:30.000000   -3950021.5702    2522354.6890   -4311608.2650    50.6795   -60.6728    29.1372        -0.13         10    16.8872
2024-05-11 00:31:0.000000   -3950020.4000    2522354.3902   -4311608.0405    51.8497   -60.9716    29.3617        -0.14         10    16.8772
2024-05-11 00:31:30.000000   -3950021.0640    2522354.7758   -4311608.0735    51.1857   -60.5860    29.3287        -0.13         10    16.6005
2024-05-11 00:32:0.000000   -3950020.9493    2522354.7204   -4311608.2300    51.3004   -60.6414    29.1722        -0.13         10    16.2751
2024-05-11 00:32:30.000000   -3950020.2181    2522354.6759   -4311608.4245    52.0316   -60.6859    28.9777        -0.13         10    16.2510
2024-05-11 00:33:0.000000   -3950020.0701    2522354.8077   -4311608.7899    52.1796   -60.5541    28.6123        -0.13         11    15.6447
2024-05-11 00:33:30.000000   -3950020.6148    2522354.9904   -4311609.3184    51.6349   -60.3714    28.0838        -0.13         11    15.5302
2024-05-11 00:34:0.000000   -3950020.6834    2522355.1001   -4311609.2172    51.5663   -60.2617    28.1850        -0.13         11    15.4169
2024-05-11 00:34:30.000000   -3950020.0914    2522355.2834   -4311609.8714    52.1583   -60.0784    27.5308        -0.13         11    15.1374
2024-05-11 00:35:0.000000   -3950020.5495    2522355.1051   -4311610.7021    51.7002   -60.2567    26.7001        -0.13         11    15.2512
2024-05-11 00:35:30.000000   -3950019.9706    2522355.2849   -4311610.2408    52.2791   -60.0769    27.1614        -0.13         11    15.1897
2024-05-11 00:36:0.000000   -3950019.1599    2522354.6564   -4311610.0593    53.0898   -60.7054    27.3429        -0.13         11    15.0287
2024-05-11 00:36:30.000000   -3950020.2531    2522355.3025   -4311610.6175    51.9966   -60.0593    26.7847        -0.13         11    14.6323
2024-05-11 00:37:0.000000   -3950020.0870    2522355.4177   -4311611.0831    52.1627   -59.9441    26.3191        -0.13         11    14.6152
2024-05-11 00:37:30.000000   -3950020.9740    2522355.0034   -4311613.9930    51.2757   -60.3584    23.4092        -0.12         10    13.6200
2024-05-11 00:38:0.000000   -3950020.6194    2522355.0443   -4311613.6718    51.6303   -60.3175    23.7304        -0.12         10    13.3960
2024-05-11 00:38:30.000000   -3950019.7994    2522354.7935   -4311613.7136    52.4503   -60.5683    23.6886        -0.12         10    13.5203
2024-05-11 00:39:0.000000   -3950019.9587    2522355.0905   -4311614.2671    52.2910   -60.2713    23.1351        -0.12         10    13.4073
2024-05-11 00:39:30.000000   -3950020.4687    2522355.3069   -4311614.5569    51.7810   -60.0549    22.8453        -0.12         10    13.1731
2024-05-11 00:40:0.000000   -3950020.5311    2522355.3348   -4311614.5100    51.7186   -60.0270    22.8922        -0.12         10    13.1252
2024-05-11 00:40:30.000000   -3950020.2214    2522355.5889   -4311614.8011    52.0283   -59.7729    22.6011        -0.12         10    13.1000
2024-05-11 00:41:0.000000   -3950020.4071    2522355.4999   -4311615.6014    51.8426   -59.8619    21.8008        -0.11         10    13.0549
2024-05-11 00:41:30.000000   -3950020.1678    2522355.7587   -4311615.6024    52.0819   -59.6031    21.7998        -0.11         10    12.7667
2024-05-11 00:42:0.000000   -3950020.4809    2522356.2288   -4311615.8394    51.7688   -59.1330    21.5628        -0.11         10    12.9316
2024-05-11 00:42:30.000000   -3950020.8458    2522356.0493   -4311615.9511    51.4039   -59.3125    21.4511        -0.11         10    12.9219
2024-05-11 00:43:0.000000   -3950020.6182    2522356.5212   -4311616.1944    51.6315   -58.8406    21.2078        -0.11         10    12.6743
2024-05-11 00:43:30.000000   -3950020.5872    2522356.1400   -4311616.7178    51.6625   -59.2218    20.6844        -0.11         10    12.5702
2024-05-11 00:44:0.000000   -3950020.6435    2522356.2244   -4311616.6894    51.6062   -59.1374    20.7128        -0.11         10    12.4378
2024-05-11 00:44:30.000000   -3950020.8982    2522356.4225   -4311617.4910    51.3515   -58.9393    19.9112        -0.11         10    12.2362
2024-05-11 00:45:0.000000   -3950020.4369    2522356.3596   -4311617.5051    51.8128   -59.0022    19.8971        -0.11         10    12.3211
2024-05-11 00:45:30.000000   -3950020.1644    2522356.6171   -4311617.2959    52.0853   -58.7447    20.1063        -0.11         10    12.4376
2024-05-11 00:46:0.000000   -3950020.7852    2522356.7045   -4311617.9665    51.4645   -58.6573    19.4357        -0.11         10    12.2678
2024-05-11 00:46:30.000000   -3950020.8386    2522357.2052   -4311618.4199    51.4111   -58.1566    18.9823        -0.11         10    12.3404
2024-05-11 00:47:0.000000   -3950021.1079    2522357.2668   -4311618.5662    51.1418   -58.0950    18.8360        -0.11         10    12.2815
2024-05-11 00:47:30.000000   -3950021.1680    2522357.3173   -4311618.2514    51.0817   -58.0445    19.1508        -0.11         10    12.1346
2024-05-11 00:48:0.000000   -3950021.5900    2522357.5394   -4311619.3759    50.6597   -57.8224    18.0263        -0.10         10    12.1971
2024-05-11 00:48:30.000000   -3950021.9056    2522357.6810   -4311618.8840    50.3441   -57.6808    18.5182        -0.10         10    12.0589
2024-05-11 00:49:0.000000   -3950021.4575    2522357.5653   -4311619.2313    50.7922   -57.7965    18.1709        -0.10         10    12.3104
2024-05-11 00:49:30.000000   -3950021.7336    2522357.9505   -4311619.5541    50.5161   -57.4113    17.8481        -0.10         10    12.0962
