GPS Single Point Positioning Results (without Ionosphere Correction)
====================================================================================================
Station: HOB200AUS
Approx Position: X=-3950072.2497, Y=2522415.3618, Z=-4311637.4022

Epoch                             X (m)           Y (m)           Z (m)     dX (m)     dY (m)     dZ (m)   Clock (us) Satellites    RMS (m)
----------------------------------------------------------------------------------------------------
2024-05-08 00:00:0.000000   -3950069.1858    2522391.9251   -4311648.2473     3.0639   -23.4367   -10.8451        -0.01          8    14.4323
2024-05-08 00:00:30.000000   -3950090.2349    2522385.4963   -4311624.1332   -17.9852   -29.8655    13.2690         0.01          9    19.8522
2024-05-08 00:01:0.000000   -3950089.4894    2522385.0085   -4311623.6254   -17.2397   -30.3533    13.7768         0.01          9    20.0609
2024-05-08 00:01:30.000000   -3950088.9923    2522384.5898   -4311623.1309   -16.7426   -30.7720    14.2713         0.01          9    19.8971
2024-05-08 00:02:0.000000   -3950088.5372    2522384.1565   -4311622.9958   -16.2875   -31.2053    14.4064         0.01          9    20.1911
2024-05-08 00:02:30.000000   -3950087.3938    2522383.8283   -4311622.7147   -15.1441   -31.5335    14.6875         0.00          9    20.1127
2024-05-08 00:03:0.000000   -3950087.2109    2522383.8083   -4311622.7080   -14.9612   -31.5535    14.6942         0.00          9    20.1448
2024-05-08 00:03:30.000000   -3950085.7794    2522383.0861   -4311621.9898   -13.5297   -32.2757    15.4124         0.00          9    20.2297
2024-05-08 00:04:0.000000   -3950085.2854    2522382.7614   -4311621.6625   -13.0357   -32.6004    15.7397         0.00          9    20.3589
2024-05-08 00:04:30.000000   -3950084.3165    2522382.4831   -4311621.5955   -12.0668   -32.8787    15.8067        -0.00          9    20.5339
2024-05-08 00:05:0.000000   -3950083.5400    2522382.0980   -4311621.9226   -11.2903   -33.2638    15.4796        -0.00          9    20.3742
2024-05-08 00:05:30.000000   -3950083.5652    2522381.6607   -4311621.3169   -11.3155   -33.7011    16.0853        -0.00          9    20.6192
2024-05-08 00:06:0.000000   -3950082.8271    2522381.4371   -4311621.0275   -10.5774   -33.9247    16.3747        -0.01          9    20.7255
2024-05-08 00:06:30.000000   -3950082.1799    2522381.2305   -4311620.8919    -9.9302   -34.1313    16.5103        -0.01          9    20.4071
2024-05-08 00:07:0.000000   -3950080.4972    2522380.5975   -4311620.2411    -8.2475   -34.7643    17.1611        -0.01          9    20.7793
2024-05-08 00:07:30.000000   -3950079.2627    2522380.3372   -4311619.9193    -7.0130   -35.0246    17.4829        -0.01          9    20.9183
2024-05-08 00:08:0.000000   -3950079.4770    2522380.1760   -4311620.1616    -7.2273   -35.1858    17.2406        -0.01          9    20.9134
2024-05-08 00:08:30.000000   -3950078.8309    2522380.1845   -4311619.7955    -6.5812   -35.1773    17.6067        -0.01          9    20.8867
2024-05-08 00:09:0.000000   -3950078.1988    2522379.4862   -4311619.4182    -5.9491   -35.8756    17.9840        -0.02          9    21.0230
2024-05-08 00:09:30.000000   -3950077.5460    2522378.9740   -4311618.7961    -5.2963   -36.3878    18.6061        -0.02          9    21.0238
2024-05-08 00:10:0.000000   -3950067.3084    2522371.6031   -4311613.6262     4.9413   -43.7587    23.7760        -0.05          8    17.6654
2024-05-08 00:10:30.000000   -3950066.6291    2522371.3290   -4311613.7483     5.6206   -44.0328    23.6539        -0.05          8    17.3498
2024-05-08 00:11:0.000000   -3950066.0479    2522370.9616   -4311613.2549     6.2018   -44.4002    24.1473        -0.05          8    17.4218
2024-05-08 00:11:30.000000   -3950065.6817    2522371.1399   -4311613.6464     6.5680   -44.2219    23.7558        -0.05          8    16.9326
2024-05-08 00:12:0.000000   -3950064.3028    2522370.5927   -4311613.1737     7.9469   -44.7691    24.2285        -0.05          8    16.8789
2024-05-08 00:12:30.000000   -3950063.3075    2522370.0570   -4311613.2861     8.9422   -45.3048    24.1161        -0.06          8    17.1259
2024-05-08 00:13:0.000000   -3950062.9528    2522369.6914   -4311612.9697     9.2969   -45.6704    24.4325        -0.06          8    16.7690
2024-05-08 00:13:30.000000   -3950061.1344    2522369.0919   -4311612.0757    11.1153   -46.2699    25.3265        -0.06          8    16.6259
2024-05-08 00:14:0.000000   -3950061.0638    2522369.3588   -4311612.2599    11.1859   -46.0030    25.1423        -0.06          8    16.5803
2024-05-08 00:14:30.000000   -3950060.1932    2522369.0223   -4311612.4260    12.0565   -46.3395    24.9762        -0.06          8    16.3594
2024-05-08 00:15:0.000000   -3950058.2737    2522368.1078   -4311611.2772    13.9760   -47.2540    26.1250        -0.07          8    16.1454
2024-05-08 00:15:30.000000   -3950057.6871    2522367.9848   -4311611.3997    14.5626   -47.3770    26.0025        -0.07          8    16.0586
2024-05-08 00:16:0.000000   -3950056.2990    2522367.3574   -4311611.2702    15.9507   -48.0044    26.1320        -0.07          8    15.9191
2024-05-08 00:16:30.000000   -3950055.4813    2522367.1536   -4311610.6403    16.7684   -48.2082    26.7619        -0.07          8    15.6303
2024-05-08 00:17:0.000000   -3950055.2080    2522366.8736   -4311610.4056    17.0417   -48.4882    26.9966        -0.07          8    15.5526
2024-05-08 00:17:30.000000   -3950054.7661    2522366.6781   -4311610.5513    17.4836   -48.6837    26.8509        -0.07          8    15.5348
2024-05-08 00:18:0.000000   -3950053.1529    2522366.0833   -4311610.1629    19.0968   -49.2785    27.2393        -0.08          8    15.2023
2024-05-08 00:18:30.000000   -3950052.9711    2522365.8970   -4311610.0293    19.2786   -49.4648    27.3729        -0.08          8    15.0402
2024-05-08 00:19:0.000000   -3950051.8165    2522365.6033   -4311610.3408    20.4332   -49.7585    27.0614        -0.08          8    15.1933
2024-05-08 00:19:30.000000   -3950050.2163    2522364.9123   -4311609.8537    22.0334   -50.4495    27.5485        -0.08          8    14.8021
2024-05-08 00:20:0.000000   -3950049.0026    2522364.4722   -4311609.0153    23.2471   -50.8896    28.3869        -0.08          8    14.7684
2024-05-08 00:20:30.000000   -3950048.3223    2522364.2033   -4311609.3623    23.9274   -51.1585    28.0399        -0.08          8    14.3560
2024-05-08 00:21:0.000000   -3950048.1353    2522364.4194   -4311609.4785    24.1144   -50.9424    27.9237        -0.08          8    14.3292
2024-05-08 00:21:30.000000   -3950045.9074    2522362.9799   -4311608.7662    26.3423   -52.3819    28.6360        -0.09          8    14.0918
2024-05-08 00:22:0.000000   -3950046.2235    2522363.8008   -4311609.1860    26.0262   -51.5610    28.2162        -0.09          8    13.9488
2024-05-08 00:22:30.000000   -3950044.0738    2522362.7315   -4311608.2213    28.1759   -52.6303    29.1809        -0.09          8    13.8220
2024-05-08 00:23:0.000000   -3950042.5434    2522362.3221   -4311608.1623    29.7063   -53.0397    29.2399        -0.09          8    13.6804
2024-05-08 00:23:30.000000   -3950041.9265    2522362.0436   -4311608.3771    30.3232   -53.3182    29.0251        -0.10          8    13.5365
2024-05-08 00:24:0.000000   -3950041.5392    2522361.8052   -4311608.4393    30.7105   -53.5566    28.9629        -0.10          8    13.2366
2024-05-08 00:24:30.000000   -3950040.6762    2522361.5080   -4311608.0388    31.5735   -53.8538    29.3634        -0.10          8    13.0366
2024-05-08 00:25:0.000000   -3950039.3732    2522360.9015   -4311607.6864    32.8765   -54.4603    29.7158        -0.10          8    12.8931
2024-05-08 00:25:30.000000   -3950038.4276    2522360.8594   -4311607.9083    33.8221   -54.5024    29.4939        -0.10          8    12.6993
2024-05-08 00:26:0.000000   -3950037.5471    2522360.2798   -4311607.6347    34.7026   -55.0820    29.7675        -0.10          8    12.7738
2024-05-08 00:26:30.000000   -3950036.6487    2522360.2149   -4311607.2892    35.6010   -55.1469    30.1130        -0.10          8    12.5457
2024-05-08 00:27:0.000000   -3950035.6314    2522359.9854   -4311607.5129    36.6183   -55.3764    29.8893        -0.11          8    12.2851
2024-05-08 00:27:30.000000   -3950035.7194    2522360.4908   -4311607.8765    36.5303   -54.8710    29.5257        -0.10          8    12.0530
2024-05-08 00:28:0.000000   -3950033.5097    2522359.1017   -4311607.0719    38.7400   -56.2601    30.3303        -0.11          8    11.8996
2024-05-08 00:28:30.000000   -3950032.3161    2522358.8718   -4311607.0393    39.9336   -56.4900    30.3629        -0.11          8    11.7624
2024-05-08 00:29:0.000000   -3950032.8071    2522359.2392   -4311607.7477    39.4426   -56.1226    29.6545        -0.11          8    11.5457
2024-05-08 00:29:30.000000   -3950029.6687    2522357.6990   -4311606.3249    42.5810   -57.6628    31.0773        -0.12          8    11.4404
2024-05-08 00:30:0.000000   -3950030.1386    2522357.9604   -4311606.5753    42.1111   -57.4014    30.8269        -0.12          8    11.2690
2024-05-08 00:30:30.000000   -3950029.6967    2522358.4855   -4311606.9153    42.5530   -56.8763    30.4869        -0.11          8    10.9846
2024-05-08 00:31:0.000000   -3950027.8621    2522357.5906   -4311606.2552    44.3876   -57.7712    31.1470        -0.12          8    11.0619
2024-05-08 00:31:30.000000   -3950026.6146    2522357.1218   -4311606.4069    45.6351   -58.2400    30.9953        -0.12          8    10.8200
2024-05-08 00:32:0.000000   -3950025.7619    2522356.9980   -4311606.1237    46.4878   -58.3638    31.2785        -0.12          8    10.6528
2024-05-08 00:32:30.000000   -3950025.0808    2522356.4945   -4311606.1247    47.1689   -58.8673    31.2775        -0.12          8    10.2951
2024-05-08 00:33:0.000000   -3950026.3101    2522358.2074   -4311610.3678    45.9396   -57.1544    27.0344        -0.11          9    17.5104
2024-05-08 00:33:30.000000   -3950025.0896    2522357.6286   -4311610.3421    47.1601   -57.7332    27.0601        -0.11          9    17.6689
2024-05-08 00:34:0.000000   -3950023.6112    2522357.1664   -4311609.6791    48.6385   -58.1954    27.7231        -0.12          9    16.9580
2024-05-08 00:34:30.000000   -3950023.6614    2522357.0350   -4311610.2970    48.5883   -58.3268    27.1052        -0.12          9    16.6617
2024-05-08 00:35:0.000000   -3950022.4466    2522356.5422   -4311610.2761    49.8031   -58.8196    27.1261        -0.12          9    16.8450
2024-05-08 00:35:30.000000   -3950021.5093    2522356.3362   -4311610.1805    50.7404   -59.0256    27.2217        -0.12          9    16.8778
2024-05-08 00:36:0.000000   -3950020.6052    2522356.2356   -4311610.0992    51.6445   -59.1262    27.3030        -0.12          9    16.1761
2024-05-08 00:36:30.000000   -3950020.4302    2522356.1951   -4311610.5674    51.8195   -59.1667    26.8348        -0.12          9    15.5319
2024-05-08 00:37:0.000000   -3950018.2996    2522355.4163   -4311609.7420    53.9501   -59.9455    27.6602        -0.12          9    15.3201
2024-05-08 00:37:30.000000   -3950027.5390    2522358.6069   -4311614.0214    44.7107   -56.7549    23.3808        -0.10         10    17.9839
2024-05-08 00:38:0.000000   -3950027.0764    2522358.1806   -4311614.3601    45.1733   -57.1812    23.0421        -0.10         10    18.0334
2024-05-08 00:38:30.000000   -3950027.0763    2522358.2003   -4311614.6235    45.1734   -57.1615    22.7787        -0.10         10    18.0959
2024-05-08 00:39:0.000000   -3950026.9489    2522358.7754   -4311615.0050    45.3008   -56.5864    22.3972        -0.10         10    17.9784
2024-05-08 00:39:30.000000   -3950026.6030    2522358.3416   -4311615.5921    45.6467   -57.0202    21.8101        -0.10         10    17.5724
2024-05-08 00:40:0.000000   -3950026.4085    2522358.5487   -4311615.4588    45.8412   -56.8131    21.9434        -0.10         10    17.6013
2024-05-08 00:40:30.000000   -3950025.2604    2522358.3197   -4311616.0891    46.9893   -57.0421    21.3131        -0.10         10    17.3790
2024-05-08 00:41:0.000000   -3950025.3649    2522358.3191   -4311615.7875    46.8848   -57.0427    21.6147        -0.10         10    16.9172
2024-05-08 00:41:30.000000   -3950024.7120    2522358.0242   -4311615.9042    47.5377   -57.3376    21.4980        -0.10         10    17.1137
2024-05-08 00:42:0.000000   -3950024.9799    2522358.4697   -4311616.5179    47.2698   -56.8921    20.8843        -0.09         10    16.6840
2024-05-08 00:42:30.000000   -3950025.2805    2522358.3508   -4311616.9391    46.9692   -57.0110    20.4631        -0.09         10    16.6472
2024-05-08 00:43:0.000000   -3950025.3942    2522358.4170   -4311617.2708    46.8555   -56.9448    20.1314        -0.09         10    16.4454
2024-05-08 00:43:30.000000   -3950024.7397    2522358.1215   -4311617.3954    47.5100   -57.2403    20.0068        -0.09         10    16.6456
2024-05-08 00:44:0.000000   -3950024.0639    2522358.2667   -4311617.1522    48.1858   -57.0951    20.2500        -0.09         10    16.2126
2024-05-08 00:44:30.000000   -3950025.1787    2522358.6346   -4311617.6619    47.0710   -56.7272    19.7403        -0.09         10    15.8694
2024-05-08 00:45:0.000000   -3950023.9598    2522358.1676   -4311617.6373    48.2899   -57.1942    19.7649        -0.09         10    16.3078
2024-05-08 00:45:30.000000   -3950023.8467    2522358.1804   -4311618.0308    48.4030   -57.1814    19.3714        -0.09         11    15.2068
2024-05-08 00:46:0.000000   -3950023.6709    2522358.2105   -4311618.4097    48.5788   -57.1513    18.9925        -0.09         11    15.0023
2024-05-08 00:46:30.000000   -3950024.4832    2522358.4029   -4311618.6805    47.7665   -56.9589    18.7217        -0.09         11    14.8338
2024-05-08 00:47:0.000000   -3950024.0384    2522358.5647   -4311619.1800    48.2113   -56.7971    18.2222        -0.09         11    14.7452
2024-05-08 00:47:30.000000   -3950023.4350    2522357.8853   -4311619.0682    48.8147   -57.4765    18.3340        -0.09         11    14.5285
2024-05-08 00:48:0.000000   -3950023.6946    2522358.1995   -4311619.4769    48.5551   -57.1623    17.9253        -0.09         11    14.5403
2024-05-08 00:48:30.000000   -3950022.5589    2522357.7216   -4311619.7156    49.6908   -57.6402    17.6866        -0.09         11    14.3447
2024-05-08 00:49:0.000000   -3950023.4293    2522358.3705   -4311619.9079    48.8204   -56.9913    17.4943        -0.09         11    14.1974
2024-05-08 00:49:30.000000   -3950023.1888    2522358.0424   -4311620.2495    49.0609   -57.3194    17.1527        -0.09         11    13.9438
