GPS Single Point Positioning Results (with Klobuchar Ionosphere Model)
====================================================================================================
Station: KOUR00GUF
Approx Position: X=3839591.4332, Y=-5059567.5514, Z=579956.9164
GPS Week: 2313

Epoch                             X (m)           Y (m)           Z (m)     dX (m)     dY (m)     dZ (m)   Clock (us) Satellites    RMS (m)
----------------------------------------------------------------------------------------------------
2024-05-08 00:00:0.000000    3839591.7231   -5059554.2981     579943.0369     0.2899    13.2533   -13.8795        -0.06          9     7.6185
2024-05-08 00:00:30.000000    3839591.8473   -5059554.5929     579943.1849     0.4141    12.9585   -13.7315        -0.06          9     7.4327
2024-05-08 00:01:0.000000    3839592.6272   -5059555.3237     579943.4391     1.1940    12.2277   -13.4773        -0.06          9     7.4839
2024-05-08 00:01:30.000000    3839592.3052   -5059555.2988     579943.2459     0.8720    12.2526   -13.6705        -0.06          9     7.5009
2024-05-08 00:02:0.000000    3839592.0490   -5059555.5503     579943.3114     0.6158    12.0011   -13.6050        -0.06          9     7.5985
2024-05-08 00:02:30.000000    3839592.1776   -5059555.5039     579943.3493     0.7444    12.0475   -13.5671        -0.06          9     7.6282
2024-05-08 00:03:0.000000    3839592.4853   -5059555.9168     579943.6464     1.0521    11.6346   -13.2700        -0.06          9     7.5689
2024-05-08 00:03:30.000000    3839592.0378   -5059556.0094     579943.5244     0.6046    11.5420   -13.3920        -0.06          9     7.6389
2024-05-08 00:04:0.000000    3839592.5229   -5059556.2567     579943.6131     1.0897    11.2947   -13.3033        -0.06          9     7.6099
2024-05-08 00:04:30.000000    3839592.5937   -5059556.3198     579943.7798     1.1605    11.2316   -13.1366        -0.06          9     7.6228
2024-05-08 00:05:0.000000    3839592.4453   -5059556.7843     579943.9045     1.0121    10.7671   -13.0119        -0.06          9     7.5232
2024-05-08 00:05:30.000000    3839592.1702   -5059556.6792     579944.0707     0.7370    10.8722   -12.8457        -0.06          9     7.5448
2024-05-08 00:06:0.000000    3839592.1653   -5059556.9662     579943.9609     0.7321    10.5852   -12.9555        -0.06          9     7.5602
2024-05-08 00:06:30.000000    3839592.3920   -5059557.0914     579943.9698     0.9588    10.4600   -12.9466        -0.06          9     7.6218
2024-05-08 00:07:0.000000    3839592.3838   -5059557.8237     579944.2741     0.9506     9.7277   -12.6423        -0.06          9     7.5425
2024-05-08 00:07:30.000000    3839592.3756   -5059557.4193     579944.1189     0.9424    10.1321   -12.7975        -0.06          9     7.5809
2024-05-08 00:08:0.000000    3839592.3503   -5059557.1903     579944.3091     0.9171    10.3611   -12.6073        -0.06          9     7.6211
2024-05-08 00:08:30.000000    3839592.0649   -5059557.6665     579944.1649     0.6317     9.8849   -12.7515        -0.06          9     7.6224
2024-05-08 00:09:0.000000    3839592.3731   -5059557.7683     579944.4876     0.9399     9.7831   -12.4288        -0.06          9     7.5394
2024-05-08 00:09:30.000000    3839592.4480   -5059557.9468     579944.7769     1.0148     9.6046   -12.1395        -0.06          9     7.6293
2024-05-08 00:10:0.000000    3839592.8671   -5059558.3388     579944.8721     1.4339     9.2126   -12.0443        -0.05          9     7.5505
2024-05-08 00:10:30.000000    3839592.6416   -5059558.2301     579944.7681     1.2084     9.3213   -12.1483        -0.05          9     7.4258
2024-05-08 00:11:0.000000    3839592.5997   -5059558.8252     579944.7802     1.1665     8.7262   -12.1362        -0.05          9     7.4178
2024-05-08 00:11:30.000000    3839592.2025   -5059558.4883     579944.9003     0.7693     9.0631   -12.0161        -0.05          9     7.5668
2024-05-08 00:12:0.000000    3839592.2219   -5059558.9052     579945.0758     0.7887     8.6462   -11.8406        -0.05          9     7.6293
2024-05-08 00:12:30.000000    3839592.3624   -5059558.9653     579945.2463     0.9292     8.5861   -11.6701        -0.05          9     7.5983
2024-05-08 00:13:0.000000    3839591.9340   -5059559.0007     579945.1596     0.5008     8.5507   -11.7568        -0.05          9     7.6426
2024-05-08 00:13:30.000000    3839592.4371   -5059559.5998     579945.3995     1.0039     7.9516   -11.5169        -0.05          9     7.5674
2024-05-08 00:14:0.000000    3839592.5337   -5059559.5619     579945.2167     1.1005     7.9895   -11.6997        -0.05          9     7.5289
2024-05-08 00:14:30.000000    3839592.5793   -5059559.9129     579945.5378     1.1461     7.6385   -11.3786        -0.05          9     7.4189
2024-05-08 00:15:0.000000    3839592.2106   -5059560.0071     579945.6950     0.7774     7.5443   -11.2214        -0.05          9     7.5838
2024-05-08 00:15:30.000000    3839592.7100   -5059560.1756     579945.8099     1.2768     7.3758   -11.1065        -0.05          9     7.5819
2024-05-08 00:16:0.000000    3839592.4816   -5059560.2151     579946.0070     1.0484     7.3363   -10.9094        -0.05          9     7.6712
2024-05-08 00:16:30.000000    3839592.4586   -5059560.5668     579946.0622     1.0254     6.9846   -10.8542        -0.05          9     7.8159
2024-05-08 00:17:0.000000    3839592.3548   -5059560.3445     579945.9572     0.9216     7.2069   -10.9592        -0.05          9     7.5725
2024-05-08 00:17:30.000000    3839592.4037   -5059561.1843     579946.3828     0.9705     6.3671   -10.5336        -0.05          9     7.4658
2024-05-08 00:18:0.000000    3839592.2968   -5059560.8430     579946.3966     0.8636     6.7084   -10.5198        -0.05          9     7.5833
2024-05-08 00:18:30.000000    3839592.6580   -5059561.4000     579946.4125     1.2248     6.1514   -10.5039        -0.05          9     7.5360
2024-05-08 00:19:0.000000    3839592.6566   -5059561.5257     579946.4724     1.2234     6.0257   -10.4440        -0.05          9     7.6405
2024-05-08 00:19:30.000000    3839592.3748   -5059561.6371     579946.5966     0.9416     5.9143   -10.3198        -0.05          9     7.5761
2024-05-08 00:20:0.000000    3839592.3163   -5059561.9087     579946.6947     0.8831     5.6427   -10.2217        -0.05          9     7.6011
2024-05-08 00:20:30.000000    3839592.2801   -5059561.7152     579946.8630     0.8469     5.8362   -10.0534        -0.05          9     7.5581
2024-05-08 00:21:0.000000    3839592.2704   -5059562.2384     579947.1150     0.8372     5.3130    -9.8014        -0.05          9     7.6905
2024-05-08 00:21:30.000000    3839592.3333   -5059562.4338     579947.1350     0.9001     5.1176    -9.7814        -0.05          9     7.6660
2024-05-08 00:22:0.000000    3839592.1141   -5059562.3765     579947.0340     0.6809     5.1749    -9.8824        -0.05          9     7.7878
2024-05-08 00:22:30.000000    3839592.5102   -5059562.6460     579947.1991     1.0770     4.9054    -9.7173        -0.05          9     7.7745
2024-05-08 00:23:0.000000    3839593.1590   -5059563.2610     579947.8283     1.7258     4.2904    -9.0881        -0.04         10     7.8666
2024-05-08 00:23:30.000000    3839592.8895   -5059563.4825     579947.8416     1.4563     4.0689    -9.0748        -0.04         10     7.8525
2024-05-08 00:24:0.000000    3839593.0400   -5059563.6253     579947.9481     1.6068     3.9261    -8.9683        -0.04         10     7.8852
2024-05-08 00:24:30.000000    3839592.9993   -5059563.7728     579948.0214     1.5661     3.7786    -8.8950        -0.04         10     7.9490
2024-05-08 00:25:0.000000    3839593.0539   -5059564.0688     579948.2380     1.6207     3.4826    -8.6784        -0.04         10     7.7831
2024-05-08 00:25:30.000000    3839593.3422   -5059564.6133     579948.5775     1.9090     2.9381    -8.3389        -0.04         10     7.8295
2024-05-08 00:26:0.000000    3839593.2088   -5059564.2023     579948.8530     1.7756     3.3491    -8.0634        -0.04         10     7.9122
2024-05-08 00:26:30.000000    3839593.0079   -5059564.2600     579948.6166     1.5747     3.2914    -8.2998        -0.04         10     8.0442
2024-05-08 00:27:0.000000    3839593.1111   -5059564.5154     579948.6986     1.6779     3.0360    -8.2178        -0.04         10     8.1996
2024-05-08 00:27:30.000000    3839593.1914   -5059564.3982     579948.6998     1.7582     3.1532    -8.2166        -0.04         10     8.0005
2024-05-08 00:28:0.000000    3839592.5972   -5059564.1614     579949.0077     1.1640     3.3900    -7.9087        -0.04         10     7.9033
2024-05-08 00:28:30.000000    3839592.5382   -5059564.6886     579949.1685     1.1050     2.8628    -7.7479        -0.04         10     8.0976
2024-05-08 00:29:0.000000    3839592.7189   -5059565.0074     579949.4138     1.2857     2.5440    -7.5026        -0.04         10     7.9500
2024-05-08 00:29:30.000000    3839592.7115   -5059565.0387     579949.2771     1.2783     2.5127    -7.6393        -0.04         10     8.0434
2024-05-08 00:30:0.000000    3839592.8537   -5059565.0875     579949.2285     1.4205     2.4639    -7.6879        -0.04         10     7.9585
2024-05-08 00:30:30.000000    3839592.7350   -5059565.1668     579949.1572     1.3018     2.3846    -7.7592        -0.04         10     7.9290
2024-05-08 00:31:0.000000    3839592.5905   -5059565.3930     579949.4258     1.1573     2.1584    -7.4906        -0.04         10     7.9939
2024-05-08 00:31:30.000000    3839592.6281   -5059565.3565     579949.5941     1.1949     2.1949    -7.3223        -0.04         10     7.8829
2024-05-08 00:32:0.000000    3839592.2042   -5059565.3638     579949.6934     0.7710     2.1876    -7.2230        -0.04         10     8.0934
2024-05-08 00:32:30.000000    3839592.2043   -5059565.7367     579949.7909     0.7711     1.8147    -7.1255        -0.04         10     8.0696
2024-05-08 00:33:0.000000    3839592.5110   -5059566.1751     579949.8933     1.0778     1.3763    -7.0231        -0.04         10     8.0547
2024-05-08 00:33:30.000000    3839592.4044   -5059566.2250     579950.1661     0.9712     1.3264    -6.7503        -0.04         10     8.0276
2024-05-08 00:34:0.000000    3839592.3107   -5059566.3385     579950.0132     0.8775     1.2129    -6.9032        -0.04         10     8.0644
2024-05-08 00:34:30.000000    3839592.5069   -5059566.3050     579950.3027     1.0737     1.2464    -6.6137        -0.04         10     8.3601
2024-05-08 00:35:0.000000    3839592.1921   -5059566.3290     579950.0974     0.7589     1.2224    -6.8190        -0.04         10     8.1070
2024-05-08 00:35:30.000000    3839592.5439   -5059566.5662     579950.1877     1.1107     0.9852    -6.7287        -0.04         10     8.0577
2024-05-08 00:36:0.000000    3839592.5266   -5059566.6422     579950.3134     1.0934     0.9092    -6.6030        -0.04         10     8.1196
2024-05-08 00:36:30.000000    3839592.2317   -5059566.7227     579950.5313     0.7985     0.8287    -6.3851        -0.04         10     8.0937
2024-05-08 00:37:0.000000    3839592.4025   -5059566.9441     579950.5867     0.9693     0.6073    -6.3297        -0.04         10     8.0755
2024-05-08 00:37:30.000000    3839592.2296   -5059566.9981     579950.5862     0.7964     0.5533    -6.3302        -0.04         10     8.2006
2024-05-08 00:38:0.000000    3839592.1675   -5059567.0980     579950.8665     0.7343     0.4534    -6.0499        -0.04         10     8.1710
2024-05-08 00:38:30.000000    3839592.3322   -5059567.4195     579950.8663     0.8990     0.1319    -6.0501        -0.04         10     8.2384
2024-05-08 00:39:0.000000    3839592.2636   -5059567.2696     579951.1091     0.8304     0.2818    -5.8073        -0.04         10     8.1021
2024-05-08 00:39:30.000000    3839592.1154   -5059567.3610     579950.9606     0.6822     0.1904    -5.9558        -0.04         10     8.2078
2024-05-08 00:40:0.000000    3839591.7475   -5059567.3786     579951.0101     0.3143     0.1728    -5.9063        -0.04         10     8.1390
2024-05-08 00:40:30.000000    3839591.9511   -5059567.5570     579951.0827     0.5179    -0.0056    -5.8337        -0.04         10     8.3548
2024-05-08 00:41:0.000000    3839592.0501   -5059567.7752     579951.3447     0.6169    -0.2238    -5.5717        -0.04         10     8.2308
2024-05-08 00:41:30.000000    3839591.7911   -5059567.7845     579951.5482     0.3579    -0.2331    -5.3682        -0.04         10     8.2869
2024-05-08 00:42:0.000000    3839592.3924   -5059568.1285     579951.4739     0.9592    -0.5771    -5.4425        -0.04         10     8.2234
2024-05-08 00:42:30.000000    3839591.9711   -5059567.8428     579951.6361     0.5379    -0.2914    -5.2803        -0.04         10     8.2402
2024-05-08 00:43:0.000000    3839592.1065   -5059568.2347     579951.6888     0.6733    -0.6833    -5.2276        -0.04         10     8.3341
2024-05-08 00:43:30.000000    3839592.0767   -5059568.7501     579951.5715     0.6435    -1.1987    -5.3449        -0.04         10     8.4241
2024-05-08 00:44:0.000000    3839591.9005   -5059568.2776     579951.7579     0.4673    -0.7262    -5.1585        -0.04         10     8.5165
2024-05-08 00:44:30.000000    3839591.6842   -5059568.3715     579952.0070     0.2510    -0.8201    -4.9094        -0.04         10     8.6016
2024-05-08 00:45:0.000000    3839591.6435   -5059568.6418     579952.0370     0.2103    -1.0904    -4.8794        -0.04         10     8.3888
2024-05-08 00:45:30.000000    3839591.6952   -5059568.8713     579952.0674     0.2620    -1.3199    -4.8490        -0.04         10     8.5725
2024-05-08 00:46:0.000000    3839591.9860   -5059568.9837     579952.2497     0.5528    -1.4323    -4.6667        -0.04         10     8.3684
2024-05-08 00:46:30.000000    3839591.6162   -5059568.8862     579952.0494     0.1830    -1.3348    -4.8670        -0.04         10     8.4338
2024-05-08 00:47:0.000000    3839591.9406   -5059569.0036     579952.0181     0.5074    -1.4522    -4.8983        -0.04         10     8.2425
2024-05-08 00:47:30.000000    3839591.9873   -5059569.4900     579952.2653     0.5541    -1.9386    -4.6511        -0.03         10     8.4176
2024-05-08 00:48:0.000000    3839592.0082   -5059569.4643     579952.4083     0.5750    -1.9129    -4.5081        -0.03         10     8.2944
2024-05-08 00:48:30.000000    3839592.2248   -5059569.9081     579952.3944     0.7916    -2.3567    -4.5220        -0.03         10     8.4726
2024-05-08 00:49:0.000000    3839591.8095   -5059569.8825     579952.3726     0.3763    -2.3311    -4.5438        -0.03         10     8.4516
2024-05-08 00:49:30.000000    3839591.8708   -5059569.9124     579952.4151     0.4376    -2.3610    -4.5013        -0.03         10     8.4669
