GPS Single Point Positioning Results (with Klobuchar Ionosphere Model)
====================================================================================================
Station: KOUR00GUF
Approx Position: X=3839591.4332, Y=-5059567.5514, Z=579956.9164
GPS Week: 2313

Epoch                             X (m)           Y (m)           Z (m)     dX (m)     dY (m)     dZ (m)   Clock (us) Satellites    RMS (m)
----------------------------------------------------------------------------------------------------
2024-05-11 00:00:0.000000    3839590.4275   -5059563.1070     579953.1730    -1.0057     4.4444    -3.7434         0.00          9     6.1899
2024-05-11 00:00:30.000000    3839590.4122   -5059563.4332     579953.3861    -1.0210     4.1182    -3.5303         0.00          9     6.0565
2024-05-11 00:01:0.000000    3839590.4704   -5059563.3472     579953.3465    -0.9628     4.2042    -3.5699         0.00          9     6.1941
2024-05-11 00:01:30.000000    3839590.8543   -5059563.6620     579953.3736    -0.5789     3.8894    -3.5428         0.01          9     6.0751
2024-05-11 00:02:0.000000    3839590.6909   -5059563.4459     579953.4060    -0.7423     4.1055    -3.5104         0.00          9     6.1351
2024-05-11 00:02:30.000000    3839590.6731   -5059563.9279     579953.7487    -0.7601     3.6235    -3.1677         0.00          9     6.1102
2024-05-11 00:03:0.000000    3839590.6588   -5059563.7039     579953.7340    -0.7744     3.8475    -3.1824         0.00          9     6.0838
2024-05-11 00:03:30.000000    3839590.4801   -5059564.0498     579953.8003    -0.9531     3.5016    -3.1161         0.00          9     6.1224
2024-05-11 00:04:0.000000    3839590.4688   -5059563.8259     579953.7475    -0.9644     3.7255    -3.1689         0.00          9     6.3494
2024-05-11 00:04:30.000000    3839590.3666   -5059563.8707     579953.7562    -1.0666     3.6807    -3.1602         0.00          9     6.1117
2024-05-11 00:05:0.000000    3839590.2046   -5059564.2683     579953.6750    -1.2286     3.2831    -3.2414         0.00          9     6.0930
2024-05-11 00:05:30.000000    3839590.5554   -5059564.4237     579954.0281    -0.8778     3.1277    -2.8883         0.01          9     6.0372
2024-05-11 00:06:0.000000    3839590.0939   -5059564.3100     579953.9177    -1.3393     3.2414    -2.9987         0.00          9     6.0720
2024-05-11 00:06:30.000000    3839590.4063   -5059564.4840     579954.0307    -1.0269     3.0674    -2.8857         0.01          9     6.1476
2024-05-11 00:07:0.000000    3839590.2955   -5059564.5175     579953.8129    -1.1377     3.0339    -3.1035         0.01          9     6.1512
2024-05-11 00:07:30.000000    3839590.4840   -5059564.8118     579954.0840    -0.9492     2.7396    -2.8324         0.01          9     6.2558
2024-05-11 00:08:0.000000    3839590.0377   -5059564.5953     579953.9387    -1.3955     2.9561    -2.9777         0.00          9     6.3006
2024-05-11 00:08:30.000000    3839589.9872   -5059564.6899     579954.0639    -1.4460     2.8615    -2.8525         0.00          9     6.2113
2024-05-11 00:09:0.000000    3839589.9855   -5059564.8874     579954.2160    -1.4477     2.6640    -2.7004         0.00          9     6.1120
2024-05-11 00:09:30.000000    3839589.9814   -5059564.9095     579954.0618    -1.4518     2.6419    -2.8546         0.00          9     6.2158
2024-05-11 00:10:0.000000    3839590.2840   -5059565.0684     579954.2607    -1.1492     2.4830    -2.6557         0.01          9     6.1836
2024-05-11 00:10:30.000000    3839590.7852   -5059565.2679     579954.2968    -0.6480     2.2835    -2.6196         0.01         10     5.9415
2024-05-11 00:11:0.000000    3839590.4712   -5059565.4583     579954.4392    -0.9620     2.0931    -2.4772         0.01         10     5.9580
2024-05-11 00:11:30.000000    3839590.5385   -5059565.8094     579954.6583    -0.8947     1.7420    -2.2581         0.01         10     5.9716
2024-05-11 00:12:0.000000    3839590.3661   -5059565.5546     579954.4375    -1.0671     1.9968    -2.4789         0.01         10     5.9970
2024-05-11 00:12:30.000000    3839590.1959   -5059565.7212     579954.2510    -1.2373     1.8302    -2.6654         0.01         10     6.0614
2024-05-11 00:13:0.000000    3839590.2134   -5059565.5232     579954.5354    -1.2198     2.0282    -2.3810         0.01         10     6.0016
2024-05-11 00:13:30.000000    3839590.5987   -5059565.7364     579954.7922    -0.8345     1.8150    -2.1242         0.01         10     5.8957
2024-05-11 00:14:0.000000    3839590.2117   -5059565.7449     579954.7223    -1.2215     1.8065    -2.1941         0.01         10     6.0257
2024-05-11 00:14:30.000000    3839589.9172   -5059565.6393     579954.8207    -1.5160     1.9121    -2.0957         0.01         10     6.0733
2024-05-11 00:15:0.000000    3839590.1599   -5059565.6397     579954.6811    -1.2733     1.9117    -2.2353         0.01         10     6.1367
2024-05-11 00:15:30.000000    3839590.0509   -5059565.5198     579954.9507    -1.3823     2.0316    -1.9657         0.01         10     6.1295
2024-05-11 00:16:0.000000    3839589.7755   -5059565.8509     579954.8839    -1.6577     1.7005    -2.0325         0.01         10     6.1202
2024-05-11 00:16:30.000000    3839590.0249   -5059565.8421     579955.0651    -1.4083     1.7093    -1.8513         0.01         10     6.1043
2024-05-11 00:17:0.000000    3839590.0514   -5059566.1692     579955.0177    -1.3818     1.3822    -1.8987         0.01         10     6.0806
2024-05-11 00:17:30.000000    3839589.7665   -5059565.8460     579954.8059    -1.6667     1.7054    -2.1105         0.01         10     5.9769
2024-05-11 00:18:0.000000    3839589.8376   -5059565.7996     579954.7916    -1.5956     1.7518    -2.1248         0.01         10     6.0766
2024-05-11 00:18:30.000000    3839589.5836   -5059565.9041     579954.8755    -1.8496     1.6473    -2.0409         0.01         10     6.0478
2024-05-11 00:19:0.000000    3839589.8092   -5059566.1750     579954.9717    -1.6240     1.3764    -1.9447         0.01         10     6.1340
2024-05-11 00:19:30.000000    3839589.6629   -5059566.0498     579955.0802    -1.7703     1.5016    -1.8362         0.01         10     6.1360
2024-05-11 00:20:0.000000    3839589.5070   -5059566.3159     579955.0832    -1.9262     1.2355    -1.8332         0.01         10     6.0964
2024-05-11 00:20:30.000000    3839589.4249   -5059566.5100     579955.0877    -2.0083     1.0414    -1.8287         0.01         10     6.0457
2024-05-11 00:21:0.000000    3839589.6500   -5059566.6679     579955.2347    -1.7832     0.8835    -1.6817         0.01         10     6.1883
2024-05-11 00:21:30.000000    3839589.7392   -5059566.9657     579955.1959    -1.6940     0.5857    -1.7205         0.01         10     6.2608
2024-05-11 00:22:0.000000    3839589.5220   -5059566.9119     579955.2870    -1.9112     0.6395    -1.6294         0.01         10     6.3481
2024-05-11 00:22:30.000000    3839589.3321   -5059566.5209     579954.9513    -2.1011     1.0305    -1.9651         0.01         10     6.3078
2024-05-11 00:23:0.000000    3839589.6889   -5059566.8259     579954.9405    -1.7443     0.7255    -1.9759         0.01         10     6.2120
2024-05-11 00:23:30.000000    3839589.5847   -5059566.9603     579954.9759    -1.8485     0.5911    -1.9405         0.01         10     6.0125
2024-05-11 00:24:0.000000    3839589.4876   -5059566.9967     579954.9898    -1.9456     0.5547    -1.9266         0.01         10     6.2511
2024-05-11 00:24:30.000000    3839589.7133   -5059566.9640     579955.2599    -1.7199     0.5874    -1.6565         0.01         10     6.2788
2024-05-11 00:25:0.000000    3839589.8400   -5059567.4966     579955.2106    -1.5932     0.0548    -1.7058         0.01         10     6.0661
2024-05-11 00:25:30.000000    3839589.4541   -5059567.3338     579955.1517    -1.9791     0.2176    -1.7647         0.01         10     6.2911
2024-05-11 00:26:0.000000    3839589.7639   -5059567.3077     579955.5576    -1.6693     0.2437    -1.3588         0.01         10     6.0729
2024-05-11 00:26:30.000000    3839589.4970   -5059567.6120     579955.4034    -1.9362    -0.0606    -1.5130         0.01         10     6.2185
2024-05-11 00:27:0.000000    3839589.2939   -5059567.4753     579955.3961    -2.1393     0.0761    -1.5203         0.01         10     6.1515
2024-05-11 00:27:30.000000    3839589.3560   -5059567.3833     579955.2725    -2.0772     0.1681    -1.6439         0.01         10     6.1226
2024-05-11 00:28:0.000000    3839589.2374   -5059567.3146     579955.5217    -2.1958     0.2368    -1.3947         0.01         10     6.2353
2024-05-11 00:28:30.000000    3839588.7991   -5059567.1846     579955.6021    -2.6341     0.3668    -1.3143         0.01         10     6.1879
2024-05-11 00:29:0.000000    3839588.7571   -5059567.2386     579955.4097    -2.6761     0.3128    -1.5067         0.01         10     6.0339
2024-05-11 00:29:30.000000    3839589.1119   -5059567.3479     579955.4669    -2.3213     0.2035    -1.4495         0.01         10     6.1886
2024-05-11 00:30:0.000000    3839589.5023   -5059567.7572     579955.6088    -1.9309    -0.2058    -1.3076         0.01         10     6.1681
2024-05-11 00:30:30.000000    3839588.9502   -5059567.5395     579955.6333    -2.4830     0.0119    -1.2831         0.01         10     6.1671
2024-05-11 00:31:0.000000    3839589.4799   -5059568.0540     579955.5531    -1.9533    -0.5026    -1.3633         0.01         10     5.8986
2024-05-11 00:31:30.000000    3839589.0734   -5059568.0453     579955.3146    -2.3598    -0.4939    -1.6018         0.01         10     6.1403
2024-05-11 00:32:0.000000    3839588.9454   -5059568.0729     579955.6102    -2.4878    -0.5215    -1.3062         0.01         10     6.2705
2024-05-11 00:32:30.000000    3839589.0319   -5059568.0024     579955.5620    -2.4013    -0.4510    -1.3544         0.01         10     6.3114
2024-05-11 00:33:0.000000    3839589.1978   -5059568.2217     579955.5806    -2.2354    -0.6703    -1.3358         0.01         10     6.2890
2024-05-11 00:33:30.000000    3839589.4779   -5059568.3424     579955.4787    -1.9553    -0.7910    -1.4377         0.01         10     6.1881
2024-05-11 00:34:0.000000    3839589.3961   -5059568.5238     579955.1247    -2.0371    -0.9724    -1.7917         0.01         10     6.0914
2024-05-11 00:34:30.000000    3839589.6895   -5059568.6336     579955.3755    -1.7437    -1.0822    -1.5409         0.01         10     6.2031
2024-05-11 00:35:0.000000    3839589.4345   -5059568.6837     579955.1517    -1.9987    -1.1323    -1.7647         0.01         10     5.9756
2024-05-11 00:35:30.000000    3839589.5313   -5059568.7473     579955.2581    -1.9019    -1.1959    -1.6583         0.01         10     6.0796
2024-05-11 00:36:0.000000    3839589.8484   -5059568.8842     579955.3416    -1.5848    -1.3328    -1.5748         0.01         10     6.0025
2024-05-11 00:36:30.000000    3839589.5641   -5059569.0867     579955.0481    -1.8691    -1.5353    -1.8683         0.01         10     5.9575
2024-05-11 00:37:0.000000    3839589.5203   -5059568.9837     579954.9255    -1.9129    -1.4323    -1.9909         0.01         10     6.0328
2024-05-11 00:37:30.000000    3839589.4508   -5059569.2151     579954.9622    -1.9824    -1.6637    -1.9542         0.01         10     6.0814
2024-05-11 00:38:0.000000    3839589.8358   -5059569.2592     579955.0738    -1.5974    -1.7078    -1.8426         0.01         10     5.9625
2024-05-11 00:38:30.000000    3839590.1463   -5059569.5806     579955.0925    -1.2869    -2.0292    -1.8239         0.01         10     6.0504
2024-05-11 00:39:0.000000    3839589.2006   -5059568.5014     579955.4719    -2.2326    -0.9500    -1.4445         0.01          9     5.8368
2024-05-11 00:39:30.000000    3839589.4099   -5059568.7614     579955.5279    -2.0233    -1.2100    -1.3885         0.01          9     5.6772
2024-05-11 00:40:0.000000    3839589.5660   -5059568.8923     579955.3515    -1.8672    -1.3409    -1.5649         0.01          9     5.7958
2024-05-11 00:40:30.000000    3839589.1684   -5059569.2286     579955.2978    -2.2648    -1.6772    -1.6186         0.01          9     5.8193
2024-05-11 00:41:0.000000    3839588.9044   -5059568.9207     579955.3429    -2.5288    -1.3693    -1.5735         0.01          9     5.8160
2024-05-11 00:41:30.000000    3839589.2167   -5059569.2052     579955.3711    -2.2165    -1.6538    -1.5453         0.01          9     5.8156
2024-05-11 00:42:0.000000    3839589.6529   -5059569.3733     579955.1047    -1.7803    -1.8219    -1.8117         0.01          9     5.6418
2024-05-11 00:42:30.000000    3839589.2350   -5059569.4021     579955.2967    -2.1982    -1.8507    -1.6197         0.01          9     5.5800
2024-05-11 00:43:0.000000    3839589.4388   -5059569.4231     579955.3829    -1.9944    -1.8717    -1.5335         0.01          9     5.7680
2024-05-11 00:43:30.000000    3839589.2691   -5059569.7620     579955.2603    -2.1641    -2.2106    -1.6561         0.01          9     5.6358
2024-05-11 00:44:0.000000    3839589.2823   -5059569.4405     579955.1011    -2.1509    -1.8891    -1.8153         0.01          9     5.5384
2024-05-11 00:44:30.000000    3839589.5662   -5059570.2285     579955.1094    -1.8670    -2.6771    -1.8070         0.01          9     5.6997
2024-05-11 00:45:0.000000    3839589.4767   -5059570.2348     579955.0923    -1.9565    -2.6834    -1.8241         0.01          9     5.6455
2024-05-11 00:45:30.000000    3839589.5631   -5059570.1084     579954.9884    -1.8701    -2.5570    -1.9280         0.01          9     5.5222
2024-05-11 00:46:0.000000    3839589.9348   -5059570.3290     579954.8207    -1.4984    -2.7776    -2.0957         0.01          9     5.5953
2024-05-11 00:46:30.000000    3839589.4932   -5059570.4834     579955.0298    -1.9400    -2.9320    -1.8866         0.01          9     5.6906
2024-05-11 00:47:0.000000    3839589.7894   -5059570.5966     579955.0875    -1.6438    -3.0452    -1.8289         0.01          9     5.5500
2024-05-11 00:47:30.000000    3839589.9422   -5059570.7881     579954.7637    -1.4910    -3.2367    -2.1527         0.01          9     5.5564
2024-05-11 00:48:0.000000    3839589.8925   -5059571.4022     579954.7198    -1.5407    -3.8508    -2.1966         0.02          9     5.6618
2024-05-11 00:48:30.000000    3839590.3616   -5059571.7152     579954.8545    -1.0716    -4.1638    -2.0619         0.02          9     5.5489
2024-05-11 00:49:0.000000    3839590.0934   -5059571.1699     579954.8609    -1.3398    -3.6185    -2.0555         0.02          9     5.4291
2024-05-11 00:49:30.000000    3839590.0435   -5059571.5238     579955.0203    -1.3897    -3.9724    -1.8961         0.02          9     5.5150
