GPS Single Point Positioning Results (without Ionosphere Correction)
====================================================================================================
Station: KOUR00GUF
Approx Position: X=3839591.4332, Y=-5059567.5514, Z=579956.9164

Epoch                             X (m)           Y (m)           Z (m)     dX (m)     dY (m)     dZ (m)   Clock (us) Satellites    RMS (m)
----------------------------------------------------------------------------------------------------
2024-05-08 00:00:0.000000    3839597.7640   -5059560.8476     579943.9299     6.3308     6.7038   -12.9865        -0.02          9     7.4579
2024-05-08 00:00:30.000000    3839597.8644   -5059561.1097     579944.0702     6.4312     6.4417   -12.8462        -0.02          9     7.2799
2024-05-08 00:01:0.000000    3839598.6207   -5059561.8082     579944.3169     7.1875     5.7432   -12.5995        -0.02          9     7.3321
2024-05-08 00:01:30.000000    3839598.2754   -5059561.7515     579944.1163     6.8422     5.7999   -12.8001        -0.02          9     7.3533
2024-05-08 00:02:0.000000    3839597.9962   -5059561.9717     579944.1747     6.5630     5.5797   -12.7417        -0.02          9     7.4589
2024-05-08 00:02:30.000000    3839598.1021   -5059561.8944     579944.2056     6.6689     5.6570   -12.7108        -0.02          9     7.4900
2024-05-08 00:03:0.000000    3839598.3873   -5059562.2769     579944.4961     6.9541     5.2745   -12.4203        -0.01          9     7.4324
2024-05-08 00:03:30.000000    3839597.9176   -5059562.3396     579944.3676     6.4844     5.2118   -12.5488        -0.02          9     7.5150
2024-05-08 00:04:0.000000    3839598.3808   -5059562.5573     579944.4500     6.9476     4.9941   -12.4664        -0.01          9     7.4871
2024-05-08 00:04:30.000000    3839598.4300   -5059562.5913     579944.6106     6.9968     4.9601   -12.3058        -0.01          9     7.5069
2024-05-08 00:05:0.000000    3839598.2602   -5059563.0272     579944.7295     6.8270     4.5242   -12.1869        -0.01          9     7.4138
2024-05-08 00:05:30.000000    3839597.9639   -5059562.8939     579944.8900     6.5307     4.6575   -12.0264        -0.01          9     7.4391
2024-05-08 00:06:0.000000    3839597.9381   -5059563.1531     579944.7748     6.5049     4.3983   -12.1416        -0.01          9     7.4630
2024-05-08 00:06:30.000000    3839598.1440   -5059563.2509     579944.7783     6.7108     4.3005   -12.1381        -0.01          9     7.5287
2024-05-08 00:07:0.000000    3839598.1154   -5059563.9561     579945.0776     6.6822     3.5953   -11.8388        -0.01          9     7.4503
2024-05-08 00:07:30.000000    3839598.0869   -5059563.5251     579944.9174     6.6537     4.0263   -11.9990        -0.01          9     7.4954
2024-05-08 00:08:0.000000    3839598.0416   -5059563.2698     579945.1029     6.6084     4.2816   -11.8135        -0.01          9     7.5439
2024-05-08 00:08:30.000000    3839597.7363   -5059563.7202     579944.9543     6.3031     3.8312   -11.9621        -0.01          9     7.5546
2024-05-08 00:09:0.000000    3839598.0250   -5059563.7964     579945.2726     6.5918     3.7550   -11.6438        -0.01          9     7.4711
2024-05-08 00:09:30.000000    3839598.0804   -5059563.9498     579945.5577     6.6472     3.6016   -11.3587        -0.01          9     7.5710
2024-05-08 00:10:0.000000    3839598.4803   -5059564.3169     579945.6490     7.0471     3.2345   -11.2674        -0.01          9     7.4869
2024-05-08 00:10:30.000000    3839598.2358   -5059564.1837     579945.5411     6.8026     3.3677   -11.3753        -0.01          9     7.3727
2024-05-08 00:11:0.000000    3839598.1751   -5059564.7547     579945.5496     6.7419     2.7967   -11.3668        -0.01          9     7.3716
2024-05-08 00:11:30.000000    3839597.7592   -5059564.3940     579945.6662     6.3260     3.1574   -11.2502        -0.01          9     7.5198
2024-05-08 00:12:0.000000    3839597.7601   -5059564.7873     579945.8385     6.3269     2.7641   -11.0779        -0.01          9     7.5850
2024-05-08 00:12:30.000000    3839597.8822   -5059564.8243     579946.0058     6.4490     2.7271   -10.9106        -0.01          9     7.5592
2024-05-08 00:13:0.000000    3839597.4357   -5059564.8368     579945.9161     6.0025     2.7146   -11.0003        -0.01          9     7.6100
2024-05-08 00:13:30.000000    3839597.9208   -5059565.4133     579946.1532     6.4876     2.1381   -10.7632        -0.01          9     7.5333
2024-05-08 00:14:0.000000    3839597.9995   -5059565.3531     579945.9678     6.5663     2.1983   -10.9486        -0.01          9     7.5050
2024-05-08 00:14:30.000000    3839598.0275   -5059565.6822     579946.2864     6.5943     1.8692   -10.6300        -0.01          9     7.4011
2024-05-08 00:15:0.000000    3839597.6413   -5059565.7546     579946.4412     6.2081     1.7968   -10.4752        -0.01          9     7.5687
2024-05-08 00:15:30.000000    3839598.1233   -5059565.9017     579946.5538     6.6901     1.6497   -10.3626        -0.01          9     7.5739
2024-05-08 00:16:0.000000    3839597.8776   -5059565.9200     579946.7489     6.4444     1.6314   -10.1675        -0.01          9     7.6701
2024-05-08 00:16:30.000000    3839597.8375   -5059566.2509     579946.8021     6.4043     1.3005   -10.1143        -0.01          9     7.8152
2024-05-08 00:17:0.000000    3839597.7167   -5059566.0079     579946.6952     6.2835     1.5435   -10.2212        -0.01          9     7.5790
2024-05-08 00:17:30.000000    3839597.7488   -5059566.8273     579947.1191     6.3156     0.7241    -9.7973        -0.01          9     7.4775
2024-05-08 00:18:0.000000    3839597.6252   -5059566.4658     579947.1313     6.1920     1.0856    -9.7851        -0.01          9     7.6010
2024-05-08 00:18:30.000000    3839597.9697   -5059567.0029     579947.1457     6.5365     0.5485    -9.7707        -0.01          9     7.5515
2024-05-08 00:19:0.000000    3839597.9519   -5059567.1089     579947.2042     6.5187     0.4425    -9.7122        -0.01          9     7.6621
2024-05-08 00:19:30.000000    3839597.6538   -5059567.2009     579947.3272     6.2206     0.3505    -9.5892        -0.01          9     7.6019
2024-05-08 00:20:0.000000    3839597.5791   -5059567.4532     579947.4242     6.1459     0.0982    -9.4922        -0.01          9     7.6290
2024-05-08 00:20:30.000000    3839597.5267   -5059567.2407     579947.5914     6.0935     0.3107    -9.3250        -0.01          9     7.5955
2024-05-08 00:21:0.000000    3839597.5010   -5059567.7452     579947.8425     6.0678    -0.1938    -9.0739        -0.01          9     7.7289
2024-05-08 00:21:30.000000    3839597.5480   -5059567.9219     579947.8616     6.1148    -0.3705    -9.0548        -0.01          9     7.7075
2024-05-08 00:22:0.000000    3839597.3130   -5059567.8462     579947.7598     5.8798    -0.2948    -9.1566        -0.01          9     7.8350
2024-05-08 00:22:30.000000    3839597.6934   -5059568.0975     579947.9242     6.2602    -0.5461    -8.9922        -0.01          9     7.8228
2024-05-08 00:23:0.000000    3839598.4769   -5059568.8086     579948.6508     7.0437    -1.2572    -8.2656        -0.00         10     8.1274
2024-05-08 00:23:30.000000    3839598.1914   -5059569.0114     579948.6637     6.7582    -1.4600    -8.2527        -0.00         10     8.1230
2024-05-08 00:24:0.000000    3839598.3258   -5059569.1357     579948.7698     6.8926    -1.5843    -8.1466        -0.00         10     8.1506
2024-05-08 00:24:30.000000    3839598.2693   -5059569.2649     579948.8428     6.8361    -1.7135    -8.0736        -0.00         10     8.2187
2024-05-08 00:25:0.000000    3839598.3081   -5059569.5426     579949.0591     6.8749    -1.9912    -7.8573        -0.00         10     8.0407
2024-05-08 00:25:30.000000    3839598.5806   -5059570.0691     579949.3984     7.1474    -2.5177    -7.5180        -0.00         10     8.0991
2024-05-08 00:26:0.000000    3839598.4316   -5059569.6402     579949.6737     6.9984    -2.0888    -7.2427        -0.00         10     8.1810
2024-05-08 00:26:30.000000    3839598.2151   -5059569.6802     579949.4371     6.7819    -2.1288    -7.4793        -0.00         10     8.3075
2024-05-08 00:27:0.000000    3839598.3028   -5059569.9181     579949.5190     6.8696    -2.3667    -7.3974        -0.00         10     8.4656
2024-05-08 00:27:30.000000    3839598.3677   -5059569.7834     579949.5202     6.9345    -2.2320    -7.3962        -0.00         10     8.2544
2024-05-08 00:28:0.000000    3839597.7581   -5059569.5294     579949.8280     6.3249    -1.9780    -7.0884        -0.00         10     8.1600
2024-05-08 00:28:30.000000    3839597.6838   -5059570.0394     579949.9889     6.2506    -2.4880    -6.9275        -0.00         10     8.3624
2024-05-08 00:29:0.000000    3839597.8493   -5059570.3413     579950.2341     6.4161    -2.7899    -6.6823        -0.00         10     8.2058
2024-05-08 00:29:30.000000    3839597.8267   -5059570.3558     579950.0975     6.3935    -2.8044    -6.8189        -0.00         10     8.3085
2024-05-08 00:30:0.000000    3839597.9539   -5059570.3879     579950.0489     6.5207    -2.8365    -6.8675        -0.00         10     8.2238
2024-05-08 00:30:30.000000    3839597.8203   -5059570.4507     579949.9776     6.3871    -2.8993    -6.9388        -0.00         10     8.1912
2024-05-08 00:31:0.000000    3839597.6609   -5059570.6606     579950.2462     6.2277    -3.1092    -6.6702        -0.00         10     8.2478
2024-05-08 00:31:30.000000    3839597.6838   -5059570.6079     579950.4146     6.2506    -3.0565    -6.5018        -0.00         10     8.1295
2024-05-08 00:32:0.000000    3839597.2451   -5059570.5993     579950.5140     5.8119    -3.0479    -6.4024        -0.00         10     8.3512
2024-05-08 00:32:30.000000    3839597.2307   -5059570.9564     579950.6115     5.7975    -3.4050    -6.3049        -0.00         10     8.3305
2024-05-08 00:33:0.000000    3839597.5230   -5059571.3792     579950.7139     6.0898    -3.8278    -6.2025        -0.00         10     8.3099
2024-05-08 00:33:30.000000    3839597.4021   -5059571.4137     579950.9868     5.9689    -3.8623    -5.9296        -0.00         10     8.2853
2024-05-08 00:34:0.000000    3839597.2941   -5059571.5120     579950.8339     5.8609    -3.9606    -6.0825        -0.00         10     8.3174
2024-05-08 00:34:30.000000    3839597.4762   -5059571.4634     579951.1234     6.0430    -3.9120    -5.7930        -0.00         10     8.6193
2024-05-08 00:35:0.000000    3839597.1475   -5059571.4726     579950.9180     5.7143    -3.9212    -5.9984        -0.00         10     8.3678
2024-05-08 00:35:30.000000    3839597.4854   -5059571.6952     579951.0082     6.0522    -4.1438    -5.9082        -0.00         10     8.3106
2024-05-08 00:36:0.000000    3839597.4543   -5059571.7566     579951.1339     6.0211    -4.2052    -5.7825        -0.00         10     8.3768
2024-05-08 00:36:30.000000    3839597.1457   -5059571.8227     579951.3517     5.7125    -4.2713    -5.5647        -0.00         10     8.3498
2024-05-08 00:37:0.000000    3839597.3030   -5059572.0299     579951.4070     5.8698    -4.4785    -5.5094        -0.00         10     8.3288
2024-05-08 00:37:30.000000    3839597.1165   -5059572.0697     579951.4063     5.6833    -4.5183    -5.5101        -0.00         10     8.4550
2024-05-08 00:38:0.000000    3839597.0410   -5059572.1556     579951.6864     5.6078    -4.6042    -5.2300        -0.00         10     8.4242
2024-05-08 00:38:30.000000    3839597.1924   -5059572.4632     579951.6858     5.7592    -4.9118    -5.2306        -0.00         10     8.4872
2024-05-08 00:39:0.000000    3839597.1105   -5059572.2997     579951.9283     5.6773    -4.7483    -4.9881        -0.00         10     8.3470
2024-05-08 00:39:30.000000    3839596.9491   -5059572.3773     579951.7794     5.5159    -4.8259    -5.1370        -0.00         10     8.4647
2024-05-08 00:40:0.000000    3839596.5682   -5059572.3815     579951.8285     5.1350    -4.8301    -5.0879        -0.00         10     8.3880
2024-05-08 00:40:30.000000    3839596.7587   -5059572.5465     579951.9006     5.3255    -4.9951    -5.0158        -0.00         10     8.6106
2024-05-08 00:41:0.000000    3839596.8448   -5059572.7514     579952.1621     5.4116    -5.2000    -4.7543        -0.00         10     8.4883
2024-05-08 00:41:30.000000    3839596.5730   -5059572.7475     579952.3650     5.1398    -5.1961    -4.5514        -0.00         10     8.5358
2024-05-08 00:42:0.000000    3839597.1615   -5059573.0786     579952.2900     5.7283    -5.5272    -4.6264         0.00         10     8.4743
2024-05-08 00:42:30.000000    3839596.7276   -5059572.7800     579952.4515     5.2944    -5.2286    -4.4649        -0.00         10     8.4876
2024-05-08 00:43:0.000000    3839596.8504   -5059573.1591     579952.5034     5.4172    -5.6077    -4.4130        -0.00         10     8.5816
2024-05-08 00:43:30.000000    3839596.8082   -5059573.6619     579952.3852     5.3750    -6.1105    -4.5312         0.00         10     8.6754
2024-05-08 00:44:0.000000    3839596.6196   -5059573.1769     579952.5708     5.1864    -5.6255    -4.3456        -0.00         10     8.7757
2024-05-08 00:44:30.000000    3839596.3910   -5059573.2584     579952.8189     4.9578    -5.7070    -4.0975        -0.00         10     8.8542
2024-05-08 00:45:0.000000    3839596.3381   -5059573.5164     579952.8478     4.9049    -5.9650    -4.0686        -0.00         10     8.6367
2024-05-08 00:45:30.000000    3839596.3777   -5059573.7338     579952.8770     4.9445    -6.1824    -4.0394        -0.00         10     8.8309
2024-05-08 00:46:0.000000    3839596.6566   -5059573.8341     579953.0581     5.2234    -6.2827    -3.8583         0.00         10     8.6217
2024-05-08 00:46:30.000000    3839596.2748   -5059573.7248     579952.8565     4.8416    -6.1734    -4.0599        -0.00         10     8.6861
2024-05-08 00:47:0.000000    3839596.5875   -5059573.8305     579952.8238     5.1543    -6.2791    -4.0926        -0.00         10     8.4923
2024-05-08 00:47:30.000000    3839596.6226   -5059574.3054     579953.0695     5.1894    -6.7540    -3.8469         0.00         10     8.6642
2024-05-08 00:48:0.000000    3839596.6319   -5059574.2682     579953.2110     5.1987    -6.7168    -3.7054         0.00         10     8.5396
2024-05-08 00:48:30.000000    3839596.8372   -5059574.7007     579953.1955     5.4040    -7.1493    -3.7209         0.00         10     8.7259
2024-05-08 00:49:0.000000    3839596.4105   -5059574.6639     579953.1720     4.9773    -7.1125    -3.7444         0.00         10     8.6965
2024-05-08 00:49:30.000000    3839596.4606   -5059574.6829     579953.2127     5.0274    -7.1315    -3.7037         0.00         10     8.7110
