GPS Single Point Positioning Results (without Ionosphere Correction)
====================================================================================================
Station: KOUR00GUF
Approx Position: X=3839591.4332, Y=-5059567.5514, Z=579956.9164

Epoch                             X (m)           Y (m)           Z (m)     dX (m)     dY (m)     dZ (m)   Clock (us) Satellites    RMS (m)
----------------------------------------------------------------------------------------------------
2024-05-11 00:00:0.000000    3839597.4113   -5059570.8219     579954.3218     5.9781    -3.2705    -2.5946         0.06          9     5.9573
2024-05-11 00:00:30.000000    3839597.3747   -5059571.1217     579954.5318     5.9415    -3.5703    -2.3846         0.06          9     5.8423
2024-05-11 00:01:0.000000    3839597.4119   -5059571.0096     579954.4891     5.9787    -3.4582    -2.4273         0.06          9     5.9776
2024-05-11 00:01:30.000000    3839597.7750   -5059571.2987     579954.5135     6.3418    -3.7473    -2.4029         0.06          9     5.8694
2024-05-11 00:02:0.000000    3839597.5909   -5059571.0572     579954.5431     6.1577    -3.5058    -2.3733         0.06          9     5.9388
2024-05-11 00:02:30.000000    3839597.5527   -5059571.5142     579954.8834     6.1195    -3.9628    -2.0330         0.06          9     5.9277
2024-05-11 00:03:0.000000    3839597.5182   -5059571.2655     579954.8664     6.0850    -3.7141    -2.0500         0.06          9     5.9162
2024-05-11 00:03:30.000000    3839597.3194   -5059571.5871     579954.9306     5.8862    -4.0357    -1.9858         0.06          9     5.9639
2024-05-11 00:04:0.000000    3839597.2882   -5059571.3391     579954.8758     5.8550    -3.7877    -2.0406         0.06          9     6.2001
2024-05-11 00:04:30.000000    3839597.1664   -5059571.3602     579954.8827     5.7332    -3.8088    -2.0337         0.06          9     5.9721
2024-05-11 00:05:0.000000    3839596.9849   -5059571.7344     579954.7998     5.5517    -4.1830    -2.1166         0.06          9     5.9565
2024-05-11 00:05:30.000000    3839597.3163   -5059571.8667     579955.1514     5.8831    -4.3153    -1.7650         0.06          9     5.9175
2024-05-11 00:06:0.000000    3839596.8357   -5059571.7301     579955.0396     5.4025    -4.1787    -1.8768         0.06          9     5.9567
2024-05-11 00:06:30.000000    3839597.1291   -5059571.8817     579955.1512     5.6959    -4.3303    -1.7652         0.06          9     6.0439
2024-05-11 00:07:0.000000    3839596.9995   -5059571.8929     579954.9323     5.5663    -4.3415    -1.9841         0.06          9     6.0622
2024-05-11 00:07:30.000000    3839597.1692   -5059572.1653     579955.2024     5.7360    -4.6139    -1.7140         0.06          9     6.1823
2024-05-11 00:08:0.000000    3839596.7044   -5059571.9270     579955.0563     5.2712    -4.3756    -1.8601         0.06          9     6.2256
2024-05-11 00:08:30.000000    3839596.6355   -5059572.0002     579955.1807     5.2023    -4.4488    -1.7357         0.06          9     6.1495
2024-05-11 00:09:0.000000    3839596.6156   -5059572.1765     579955.3320     5.1824    -4.6251    -1.5844         0.06          9     6.0533
2024-05-11 00:09:30.000000    3839596.5934   -5059572.1778     579955.1773     5.1602    -4.6264    -1.7391         0.06          9     6.1717
2024-05-11 00:10:0.000000    3839596.8781   -5059572.3160     579955.3757     5.4449    -4.7646    -1.5407         0.06          9     6.1456
2024-05-11 00:10:30.000000    3839597.5632   -5059572.6488     579955.5428     6.1300    -5.0974    -1.3736         0.06         10     6.0949
2024-05-11 00:11:0.000000    3839597.2308   -5059572.8179     579955.6851     5.7976    -5.2665    -1.2313         0.06         10     6.1175
2024-05-11 00:11:30.000000    3839597.2800   -5059573.1477     579955.9040     5.8468    -5.5963    -1.0124         0.06         10     6.1455
2024-05-11 00:12:0.000000    3839597.0893   -5059572.8720     579955.6832     5.6561    -5.3206    -1.2332         0.06         10     6.2004
2024-05-11 00:12:30.000000    3839596.9012   -5059573.0179     579955.4967     5.4680    -5.4665    -1.4197         0.06         10     6.2441
2024-05-11 00:13:0.000000    3839596.9008   -5059572.7993     579955.7811     5.4676    -5.2479    -1.1353         0.06         10     6.1991
2024-05-11 00:13:30.000000    3839597.2682   -5059572.9922     579956.0380     5.8350    -5.4408    -0.8784         0.06         10     6.0977
2024-05-11 00:14:0.000000    3839596.8635   -5059572.9806     579955.9682     5.4303    -5.4292    -0.9482         0.06         10     6.2159
2024-05-11 00:14:30.000000    3839596.5515   -5059572.8550     579956.0668     5.1183    -5.3036    -0.8496         0.06         10     6.2457
2024-05-11 00:15:0.000000    3839596.7767   -5059572.8357     579955.9274     5.3435    -5.2843    -0.9890         0.06         10     6.3397
2024-05-11 00:15:30.000000    3839596.6504   -5059572.6963     579956.1972     5.2172    -5.1449    -0.7192         0.06         10     6.3459
2024-05-11 00:16:0.000000    3839596.3577   -5059573.0081     579956.1306     4.9245    -5.4567    -0.7858         0.06         10     6.3490
2024-05-11 00:16:30.000000    3839596.5900   -5059572.9801     579956.3121     5.1568    -5.4287    -0.6043         0.06         10     6.3047
2024-05-11 00:17:0.000000    3839596.5995   -5059573.2882     579956.2649     5.1663    -5.7368    -0.6515         0.06         10     6.2817
2024-05-11 00:17:30.000000    3839596.2976   -5059572.9463     579956.0534     4.8644    -5.3949    -0.8630         0.06         10     6.2108
2024-05-11 00:18:0.000000    3839596.3520   -5059572.8813     579956.0394     4.9188    -5.3299    -0.8770         0.06         10     6.3151
2024-05-11 00:18:30.000000    3839596.0813   -5059572.9674     579956.1236     4.6481    -5.4160    -0.7928         0.06         10     6.2663
2024-05-11 00:19:0.000000    3839596.2904   -5059573.2202     579956.2200     4.8572    -5.6688    -0.6964         0.06         10     6.3581
2024-05-11 00:19:30.000000    3839596.1277   -5059573.0771     579956.3288     4.6945    -5.5257    -0.5876         0.06         10     6.3781
2024-05-11 00:20:0.000000    3839595.9555   -5059573.3256     579956.3320     4.5223    -5.7742    -0.5844         0.06         10     6.3276
2024-05-11 00:20:30.000000    3839595.8574   -5059573.5022     579956.3367     4.4242    -5.9508    -0.5797         0.06         10     6.3060
2024-05-11 00:21:0.000000    3839596.0666   -5059573.6428     579956.4838     4.6334    -6.0914    -0.4326         0.06         10     6.4148
2024-05-11 00:21:30.000000    3839596.1400   -5059573.9236     579956.4452     4.7068    -6.3722    -0.4712         0.06         10     6.5175
2024-05-11 00:22:0.000000    3839595.9071   -5059573.8530     579956.5364     4.4739    -6.3016    -0.3800         0.06         10     6.6242
2024-05-11 00:22:30.000000    3839595.7017   -5059573.4454     579956.2008     4.2685    -5.8940    -0.7156         0.06         10     6.5850
2024-05-11 00:23:0.000000    3839596.0431   -5059573.7340     579956.1899     4.6099    -6.1826    -0.7265         0.06         10     6.5056
2024-05-11 00:23:30.000000    3839595.9237   -5059573.8522     579956.2252     4.4905    -6.3008    -0.6912         0.06         10     6.2928
2024-05-11 00:24:0.000000    3839595.8115   -5059573.8726     579956.2391     4.3783    -6.3212    -0.6773         0.06         10     6.5475
2024-05-11 00:24:30.000000    3839596.0223   -5059573.8241     579956.5091     4.5891    -6.2727    -0.4073         0.06         10     6.5888
2024-05-11 00:25:0.000000    3839596.1341   -5059574.3410     579956.4595     4.7009    -6.7896    -0.4569         0.06         10     6.3652
2024-05-11 00:25:30.000000    3839595.7335   -5059574.1627     579956.4002     4.3003    -6.6113    -0.5162         0.06         10     6.6075
2024-05-11 00:26:0.000000    3839596.0286   -5059574.1213     579956.8058     4.5954    -6.5699    -0.1106         0.06         10     6.3619
2024-05-11 00:26:30.000000    3839595.7473   -5059574.4104     579956.6512     4.3141    -6.8590    -0.2652         0.06         10     6.5260
2024-05-11 00:27:0.000000    3839595.5297   -5059574.2587     579956.6434     4.0965    -6.7073    -0.2730         0.06         10     6.4599
2024-05-11 00:27:30.000000    3839595.5776   -5059574.1518     579956.5191     4.1444    -6.6004    -0.3973         0.06         10     6.4394
2024-05-11 00:28:0.000000    3839595.4449   -5059574.0685     579956.7676     4.0117    -6.5171    -0.1488         0.06         10     6.5610
2024-05-11 00:28:30.000000    3839594.9926   -5059573.9239     579956.8473     3.5594    -6.3725    -0.0691         0.06         10     6.5156
2024-05-11 00:29:0.000000    3839594.9367   -5059573.9636     579956.6540     3.5035    -6.4122    -0.2624         0.06         10     6.3543
2024-05-11 00:29:30.000000    3839595.2778   -5059574.0587     579956.7102     3.8446    -6.5073    -0.2062         0.06         10     6.5278
2024-05-11 00:30:0.000000    3839595.6545   -5059574.4539     579956.8510     4.2213    -6.9025    -0.0654         0.06         10     6.4999
2024-05-11 00:30:30.000000    3839595.0890   -5059574.2224     579956.8744     3.6558    -6.6710    -0.0420         0.06         10     6.4955
2024-05-11 00:31:0.000000    3839595.6053   -5059574.7232     579956.7929     4.1721    -7.1718    -0.1235         0.06         10     6.2166
2024-05-11 00:31:30.000000    3839595.1856   -5059574.7010     579956.5531     3.7524    -7.1496    -0.3633         0.06         10     6.5023
2024-05-11 00:32:0.000000    3839595.0445   -5059574.7153     579956.8471     3.6113    -7.1639    -0.0693         0.06         10     6.6354
2024-05-11 00:32:30.000000    3839595.1181   -5059574.6317     579956.7973     3.6849    -7.0803    -0.1191         0.06         10     6.6803
2024-05-11 00:33:0.000000    3839595.2712   -5059574.8381     579956.8142     3.8380    -7.2867    -0.1022         0.06         10     6.6556
2024-05-11 00:33:30.000000    3839595.5387   -5059574.9460     579956.7105     4.1055    -7.3946    -0.2059         0.06         10     6.5637
2024-05-11 00:34:0.000000    3839595.4444   -5059575.1148     579956.3545     4.0112    -7.5634    -0.5619         0.06         10     6.4450
2024-05-11 00:34:30.000000    3839595.7256   -5059575.2123     579956.6032     4.2924    -7.6609    -0.3132         0.06         10     6.5679
2024-05-11 00:35:0.000000    3839595.4584   -5059575.2503     579956.3773     4.0252    -7.6989    -0.5391         0.06         10     6.3302
2024-05-11 00:35:30.000000    3839595.5432   -5059575.3019     579956.4813     4.1100    -7.7505    -0.4351         0.06         10     6.4560
2024-05-11 00:36:0.000000    3839595.8485   -5059575.4270     579956.5624     4.4153    -7.8756    -0.3540         0.06         10     6.3648
2024-05-11 00:36:30.000000    3839595.5525   -5059575.6180     579956.2663     4.1193    -8.0666    -0.6501         0.06         10     6.3132
2024-05-11 00:37:0.000000    3839595.4973   -5059575.5037     579956.1410     4.0641    -7.9523    -0.7754         0.06         10     6.3935
2024-05-11 00:37:30.000000    3839595.4165   -5059575.7239     579956.1749     3.9833    -8.1725    -0.7415         0.06         10     6.4470
2024-05-11 00:38:0.000000    3839595.7903   -5059575.7572     579956.2836     4.3571    -8.2058    -0.6328         0.06         10     6.3383
2024-05-11 00:38:30.000000    3839596.0900   -5059576.0679     579956.2992     4.6568    -8.5165    -0.6172         0.06         10     6.4232
2024-05-11 00:39:0.000000    3839595.0371   -5059574.8105     579956.7374     3.6039    -7.2591    -0.1790         0.06          9     6.0654
2024-05-11 00:39:30.000000    3839595.2364   -5059575.0617     579956.7894     3.8032    -7.5103    -0.1270         0.06          9     5.9059
2024-05-11 00:40:0.000000    3839595.3827   -5059575.1839     579956.6087     3.9495    -7.6325    -0.3077         0.06          9     6.0298
2024-05-11 00:40:30.000000    3839594.9754   -5059575.5120     579956.5505     3.5422    -7.9606    -0.3659         0.06          9     6.0551
2024-05-11 00:41:0.000000    3839594.7020   -5059575.1961     579956.5911     3.2688    -7.6447    -0.3253         0.06          9     6.0576
2024-05-11 00:41:30.000000    3839595.0052   -5059575.4729     579956.6146     3.5720    -7.9215    -0.3018         0.06          9     6.0554
2024-05-11 00:42:0.000000    3839595.4325   -5059575.6337     579956.3433     3.9993    -8.0823    -0.5731         0.06          9     5.8813
2024-05-11 00:42:30.000000    3839595.0059   -5059575.6554     579956.5303     3.5727    -8.1040    -0.3861         0.06          9     5.8210
2024-05-11 00:43:0.000000    3839595.2014   -5059575.6698     579956.6114     3.7682    -8.1184    -0.3050         0.06          9     6.0068
2024-05-11 00:43:30.000000    3839595.0235   -5059576.0023     579956.4835     3.5903    -8.4509    -0.4329         0.06          9     5.8763
2024-05-11 00:44:0.000000    3839595.0289   -5059575.6747     579956.3188     3.5957    -8.1233    -0.5976         0.06          9     5.7854
2024-05-11 00:44:30.000000    3839595.3052   -5059576.4570     579956.3215     3.8720    -8.9056    -0.5949         0.06          9     5.9502
2024-05-11 00:45:0.000000    3839595.2084   -5059576.4580     579956.2986     3.7752    -8.9066    -0.6178         0.06          9     5.8929
2024-05-11 00:45:30.000000    3839595.2877   -5059576.3265     579956.1888     3.8545    -8.7751    -0.7276         0.06          9     5.7752
2024-05-11 00:46:0.000000    3839595.6527   -5059576.5424     579956.0151     4.2195    -8.9910    -0.9013         0.06          9     5.8498
2024-05-11 00:46:30.000000    3839595.2046   -5059576.6925     579956.2181     3.7714    -9.1411    -0.6983         0.06          9     5.9443
2024-05-11 00:47:0.000000    3839595.4946   -5059576.8017     579956.2694     4.0614    -9.2503    -0.6470         0.06          9     5.8014
2024-05-11 00:47:30.000000    3839595.6415   -5059576.9897     579955.9391     4.2083    -9.4383    -0.9773         0.06          9     5.8090
2024-05-11 00:48:0.000000    3839595.5862   -5059577.6005     579955.8885     4.1530   -10.0491    -1.0279         0.06          9     5.9178
2024-05-11 00:48:30.000000    3839596.0501   -5059577.9107     579956.0165     4.6169   -10.3593    -0.8999         0.06          9     5.8060
2024-05-11 00:49:0.000000    3839595.7770   -5059577.3628     579956.0161     4.3438    -9.8114    -0.9003         0.06          9     5.6865
2024-05-11 00:49:30.000000    3839595.7224   -5059577.7146     579956.1685     4.2892   -10.1632    -0.7479         0.06          9     5.7796
