GPS Single Point Positioning Results (without Ionosphere Correction)
====================================================================================================
Station: NTUS00SGP
Approx Position: X=-1508022.5722, Y=6195577.3952, Z=148799.3912

Epoch                             X (m)           Y (m)           Z (m)     dX (m)     dY (m)     dZ (m)   Clock (us) Satellites    RMS (m)
----------------------------------------------------------------------------------------------------
2024-05-08 00:00:0.000000   -1508026.5327    6195517.2745     148781.4346    -3.9605   -60.1207   -17.9566        -0.07          7    18.8097
2024-05-08 00:00:30.000000   -1508030.7350    6195578.1592     148799.2435    -8.1628     0.7640    -0.1477         0.08          8    22.3504
2024-05-08 00:01:0.000000   -1508030.6430    6195578.6773     148799.6275    -8.0708     1.2821     0.2363         0.08          8    22.2972
2024-05-08 00:01:30.000000   -1508030.5579    6195579.1772     148799.9933    -7.9857     1.7820     0.6021         0.08          8    22.2557
2024-05-08 00:02:0.000000   -1508030.4893    6195579.6707     148800.3697    -7.9171     2.2755     0.9785         0.08          8    22.1985
2024-05-08 00:02:30.000000   -1508030.4168    6195580.2172     148800.7360    -7.8446     2.8220     1.3448         0.08          8    22.1484
2024-05-08 00:03:0.000000   -1508030.3104    6195580.6075     148801.0740    -7.7382     3.2123     1.6828         0.08          8    22.0753
2024-05-08 00:03:30.000000   -1508030.1316    6195580.9603     148801.4240    -7.5594     3.5651     2.0328         0.08          8    22.0125
2024-05-08 00:04:0.000000   -1508030.0024    6195581.4081     148801.7896    -7.4302     4.0129     2.3984         0.08          8    21.9707
2024-05-08 00:04:30.000000   -1508029.9231    6195581.9492     148802.1664    -7.3509     4.5540     2.7752         0.08          8    21.9189
2024-05-08 00:05:0.000000   -1508029.7986    6195582.4994     148802.5497    -7.2264     5.1042     3.1585         0.09          8    21.8710
2024-05-08 00:05:30.000000   -1508029.6751    6195583.0656     148802.9493    -7.1029     5.6704     3.5581         0.09          8    21.8229
2024-05-08 00:06:0.000000   -1508029.5409    6195583.5845     148803.3447    -6.9687     6.1893     3.9535         0.09          8    21.7726
2024-05-08 00:06:30.000000   -1508029.4164    6195584.1796     148803.7351    -6.8442     6.7844     4.3439         0.09          8    21.7054
2024-05-08 00:07:0.000000   -1508029.2582    6195584.6758     148804.1029    -6.6860     7.2806     4.7117         0.09          8    21.6793
2024-05-08 00:07:30.000000   -1508029.1484    6195585.2562     148804.4913    -6.5762     7.8610     5.1001         0.09          8    21.6262
2024-05-08 00:08:0.000000   -1508029.0075    6195585.7801     148804.8632    -6.4353     8.3849     5.4720         0.09          8    21.5743
2024-05-08 00:08:30.000000   -1508028.8659    6195586.3007     148805.2465    -6.2937     8.9055     5.8553         0.09          8    21.5197
2024-05-08 00:09:0.000000   -1508028.7154    6195586.7865     148805.6267    -6.1432     9.3913     6.2355         0.09          8    21.4738
2024-05-08 00:09:30.000000   -1508028.5733    6195587.3152     148806.0087    -6.0011     9.9200     6.6175         0.09          8    21.4428
2024-05-08 00:10:0.000000   -1508028.3912    6195587.7884     148806.3870    -5.8190    10.3932     6.9958         0.09          8    21.3733
2024-05-08 00:10:30.000000   -1508028.2534    6195588.3834     148806.7573    -5.6812    10.9882     7.3661         0.09          8    21.3366
2024-05-08 00:11:0.000000   -1508028.1205    6195588.8795     148807.1273    -5.5483    11.4843     7.7361         0.10          8    21.2879
2024-05-08 00:11:30.000000   -1508027.9585    6195589.4442     148807.5163    -5.3863    12.0490     8.1251         0.10          8    21.2384
2024-05-08 00:12:0.000000   -1508027.7756    6195589.9275     148807.8807    -5.2034    12.5323     8.4895         0.10          8    21.1999
2024-05-08 00:12:30.000000   -1508027.5667    6195590.4089     148808.2693    -4.9945    13.0137     8.8781         0.10          8    21.1550
2024-05-08 00:13:0.000000   -1508027.3988    6195590.7892     148808.6194    -4.8266    13.3940     9.2282         0.10          8    21.1588
2024-05-08 00:13:30.000000   -1508027.1625    6195591.2251     148808.9909    -4.5903    13.8299     9.5997         0.10          8    21.0729
2024-05-08 00:14:0.000000   -1508027.0484    6195591.7529     148809.3336    -4.4762    14.3577     9.9424         0.10          8    21.0606
2024-05-08 00:14:30.000000   -1508026.8380    6195592.2372     148809.6947    -4.2658    14.8420    10.3035         0.10          8    20.9881
2024-05-08 00:15:0.000000   -1508026.6848    6195592.7307     148810.0495    -4.1126    15.3355    10.6583         0.10          8    20.9518
2024-05-08 00:15:30.000000   -1508026.4923    6195593.1740     148810.3930    -3.9201    15.7788    11.0018         0.10          8    20.8996
2024-05-08 00:16:0.000000   -1508026.2816    6195593.6045     148810.7431    -3.7094    16.2093    11.3519         0.10          8    20.8399
2024-05-08 00:16:30.000000   -1508026.1126    6195593.9760     148811.0773    -3.5404    16.5808    11.6861         0.10          8    20.8414
2024-05-08 00:17:0.000000   -1508025.8672    6195594.3339     148811.4033    -3.2950    16.9387    12.0121         0.10          8    20.7721
2024-05-08 00:17:30.000000   -1508025.7144    6195594.7215     148811.7328    -3.1422    17.3263    12.3416         0.10          8    20.7531
2024-05-08 00:18:0.000000   -1508025.5340    6195595.1249     148812.0667    -2.9618    17.7297    12.6755         0.10          8    20.7198
2024-05-08 00:18:30.000000   -1508025.3410    6195595.4957     148812.3966    -2.7688    18.1005    13.0054         0.10          8    20.6436
2024-05-08 00:19:0.000000   -1508025.1599    6195595.8535     148812.7120    -2.5877    18.4583    13.3208         0.10          8    20.6168
2024-05-08 00:19:30.000000   -1508024.9239    6195596.2066     148813.0527    -2.3517    18.8114    13.6615         0.11          8    20.5775
2024-05-08 00:20:0.000000   -1508024.7216    6195596.5035     148813.3681    -2.1494    19.1083    13.9769         0.11          8    20.5589
2024-05-08 00:20:30.000000   -1508024.5328    6195596.8178     148813.6713    -1.9606    19.4226    14.2801         0.11          8    20.5390
2024-05-08 00:21:0.000000   -1508024.3059    6195597.1168     148813.9703    -1.7337    19.7216    14.5791         0.11          8    20.4994
2024-05-08 00:21:30.000000   -1508024.1341    6195597.4255     148814.2655    -1.5619    20.0303    14.8743         0.11          8    20.5022
2024-05-08 00:22:0.000000   -1508023.8811    6195597.6295     148814.5554    -1.3089    20.2343    15.1642         0.11          8    20.4278
2024-05-08 00:22:30.000000   -1508023.7241    6195597.9195     148814.8490    -1.1519    20.5243    15.4578         0.11          8    20.4363
2024-05-08 00:23:0.000000   -1508023.4814    6195598.1014     148815.1533    -0.9092    20.7062    15.7621         0.11          8    20.3780
2024-05-08 00:23:30.000000   -1508023.2878    6195598.3193     148815.4501    -0.7156    20.9241    16.0589         0.11          8    20.3907
2024-05-08 00:24:0.000000   -1508023.0927    6195598.4985     148815.7244    -0.5205    21.1033    16.3332         0.11          8    20.3744
2024-05-08 00:24:30.000000   -1508022.8680    6195598.6962     148816.0137    -0.2958    21.3010    16.6225         0.11          8    20.3312
2024-05-08 00:25:0.000000   -1508022.6735    6195598.8601     148816.3036    -0.1013    21.4649    16.9124         0.11          8    20.3435
2024-05-08 00:25:30.000000   -1508022.4100    6195598.9494     148816.5606     0.1622    21.5542    17.1694         0.11          8    20.2960
2024-05-08 00:26:0.000000   -1508022.1905    6195599.0872     148816.8231     0.3817    21.6920    17.4319         0.11          8    20.3167
2024-05-08 00:26:30.000000   -1508022.6550    6195601.7377     148816.6094    -0.0828    24.3425    17.2182         0.11          9    19.3073
2024-05-08 00:27:0.000000   -1508022.4613    6195601.9281     148816.8445     0.1109    24.5329    17.4533         0.12          9    19.2540
2024-05-08 00:27:30.000000   -1508022.2940    6195602.1665     148817.0847     0.2782    24.7713    17.6935         0.12          9    19.2568
2024-05-08 00:28:0.000000   -1508022.1045    6195602.3874     148817.2776     0.4677    24.9922    17.8864         0.12          9    19.2345
2024-05-08 00:28:30.000000   -1508021.9786    6195602.7072     148817.4943     0.5936    25.3120    18.1031         0.12          9    19.2413
2024-05-08 00:29:0.000000   -1508021.8315    6195602.9382     148817.6900     0.7407    25.5430    18.2988         0.12          9    19.2203
2024-05-08 00:29:30.000000   -1508021.1069    6195600.7262     148817.5094     1.4653    23.3310    18.1182         0.11         10    18.9487
2024-05-08 00:30:0.000000   -1508020.9137    6195600.9342     148817.6947     1.6585    23.5390    18.3035         0.11         10    18.9411
2024-05-08 00:30:30.000000   -1508020.6957    6195601.0645     148817.8992     1.8765    23.6693    18.5080         0.11         10    18.9192
2024-05-08 00:31:0.000000   -1508020.5410    6195601.2501     148818.0771     2.0312    23.8549    18.6859         0.11         10    18.9477
2024-05-08 00:31:30.000000   -1508020.3453    6195601.4250     148818.2453     2.2269    24.0298    18.8541         0.11         10    18.9262
2024-05-08 00:32:0.000000   -1508020.2477    6195601.6842     148818.3994     2.3245    24.2890    19.0082         0.11         10    18.9324
2024-05-08 00:32:30.000000   -1508020.0710    6195601.9125     148818.5547     2.5012    24.5173    19.1635         0.11         10    18.8965
2024-05-08 00:33:0.000000   -1508019.9195    6195602.1397     148818.6986     2.6527    24.7445    19.3074         0.11         10    18.8788
2024-05-08 00:33:30.000000   -1508019.7657    6195602.3460     148818.8561     2.8065    24.9508    19.4649         0.11         10    18.9007
2024-05-08 00:34:0.000000   -1508019.5813    6195602.5073     148819.0112     2.9909    25.1121    19.6200         0.11         10    18.8542
2024-05-08 00:34:30.000000   -1508019.4633    6195602.7764     148819.1728     3.1089    25.3812    19.7816         0.11         10    18.8647
2024-05-08 00:35:0.000000   -1508019.2940    6195602.8499     148819.3149     3.2782    25.4547    19.9237         0.11         10    18.8485
2024-05-08 00:35:30.000000   -1508019.1861    6195603.0288     148819.4501     3.3861    25.6336    20.0589         0.11         10    18.8331
2024-05-08 00:36:0.000000   -1508019.0590    6195603.0664     148819.6271     3.5132    25.6712    20.2359         0.11         10    18.7819
2024-05-08 00:36:30.000000   -1508018.9357    6195603.2037     148819.7574     3.6365    25.8085    20.3662         0.11         10    18.7283
2024-05-08 00:37:0.000000   -1508018.8092    6195603.3225     148819.9128     3.7630    25.9273    20.5216         0.11         10    18.7228
2024-05-08 00:37:30.000000   -1508018.6636    6195603.4788     148820.0150     3.9086    26.0836    20.6238         0.11         10    18.6805
2024-05-08 00:38:0.000000   -1508018.5286    6195603.4644     148820.1735     4.0436    26.0692    20.7823         0.11         10    18.6564
2024-05-08 00:38:30.000000   -1508018.3937    6195604.0193     148820.2247     4.1785    26.6241    20.8335         0.11         10    18.7411
2024-05-08 00:39:0.000000   -1508015.3376    6195567.8036     148826.0050     7.2346    -9.5916    26.6138         0.03          9    16.0972
2024-05-08 00:39:30.000000   -1508018.1301    6195604.3621     148820.4791     4.4421    26.9669    21.0879         0.11         10    18.7751
2024-05-08 00:40:0.000000   -1508017.9513    6195604.4347     148820.5860     4.6209    27.0395    21.1948         0.11         10    18.7129
2024-05-08 00:40:30.000000   -1508017.8467    6195604.5841     148820.7040     4.7255    27.1889    21.3128         0.11         10    18.6868
2024-05-08 00:41:0.000000   -1508017.7428    6195604.7941     148820.7926     4.8294    27.3989    21.4014         0.12         10    18.6801
2024-05-08 00:41:30.000000   -1508014.7219    6195570.7943     148826.1820     7.8503    -6.6009    26.7908         0.03          9    15.6284
2024-05-08 00:42:0.000000   -1508017.5716    6195605.4399     148820.9549     5.0006    28.0447    21.5637         0.12         10    18.7630
2024-05-08 00:42:30.000000   -1508017.4121    6195605.1569     148821.0816     5.1601    27.7617    21.6904         0.12         10    18.6006
2024-05-08 00:43:0.000000   -1508017.3362    6195605.3652     148821.1613     5.2360    27.9700    21.7701         0.12         10    18.5416
2024-05-08 00:43:30.000000   -1508014.4053    6195573.3854     148826.2405     8.1669    -4.0098    26.8493         0.04          9    15.2311
2024-05-08 00:44:0.000000   -1508017.1768    6195605.6470     148821.3405     5.3954    28.2518    21.9493         0.12         10    18.5349
2024-05-08 00:44:30.000000   -1508017.0926    6195605.7192     148821.4248     5.4796    28.3240    22.0336         0.12         10    18.4603
2024-05-08 00:45:0.000000   -1508017.0243    6195606.0804     148821.4563     5.5479    28.6852    22.0651         0.12         10    18.4486
2024-05-08 00:45:30.000000   -1508016.9153    6195606.1110     148821.5549     5.6569    28.7158    22.1637         0.12         10    18.3478
2024-05-08 00:46:0.000000   -1508016.7154    6195606.0569     148821.5681     5.8568    28.6617    22.1769         0.12         10    18.3559
2024-05-08 00:46:30.000000   -1508016.6642    6195606.4297     148821.6492     5.9080    29.0345    22.2580         0.12         10    18.3356
2024-05-08 00:47:0.000000   -1508016.5763    6195606.5976     148821.6626     5.9959    29.2024    22.2714         0.12         10    18.3260
2024-05-08 00:47:30.000000   -1508016.5465    6195606.9119     148821.7241     6.0257    29.5167    22.3329         0.12         10    18.3180
2024-05-08 00:48:0.000000   -1508016.5250    6195607.2348     148821.7473     6.0472    29.8396    22.3561         0.12         10    18.2441
2024-05-08 00:48:30.000000   -1508016.4415    6195607.4689     148821.7844     6.1307    30.0737    22.3932         0.12         10    18.2048
2024-05-08 00:49:0.000000   -1508016.3464    6195607.6693     148821.8249     6.2258    30.2741    22.4337         0.12         10    18.2124
2024-05-08 00:49:30.000000   -1508016.2856    6195607.8965     148821.8459     6.2866    30.5013    22.4547         0.12         10    18.1739
