GPS Single Point Positioning Results (with Klobuchar Ionosphere Model)
====================================================================================================
Station: NTUS00SGP
Approx Position: X=-1508022.5722, Y=6195577.3952, Z=148799.3912
GPS Week: 2313

Epoch                             X (m)           Y (m)           Z (m)     dX (m)     dY (m)     dZ (m)   Clock (us) Satellites    RMS (m)
----------------------------------------------------------------------------------------------------
2024-05-08 00:00:0.000000   -1508025.5851    6195511.5906     148781.9026    -3.0129   -65.8046   -17.4886        -0.10          7    18.7935
2024-05-08 00:00:30.000000   -1508029.7632    6195572.1678     148799.6307    -7.1910    -5.2274     0.2395         0.04          8    22.2822
2024-05-08 00:01:0.000000   -1508029.6667    6195572.6569     148800.0144    -7.0945    -4.7383     0.6232         0.05          8    22.2252
2024-05-08 00:01:30.000000   -1508029.5772    6195573.1276     148800.3798    -7.0050    -4.2676     0.9886         0.05          8    22.1797
2024-05-08 00:02:0.000000   -1508029.5041    6195573.5917     148800.7557    -6.9319    -3.8035     1.3645         0.05          8    22.1187
2024-05-08 00:02:30.000000   -1508029.4272    6195574.1087     148801.1214    -6.8550    -3.2865     1.7302         0.05          8    22.0646
2024-05-08 00:03:0.000000   -1508029.3163    6195574.4692     148801.4587    -6.7441    -2.9260     2.0675         0.05          8    21.9878
2024-05-08 00:03:30.000000   -1508029.1330    6195574.7920     148801.8080    -6.5608    -2.6032     2.4168         0.05          8    21.9212
2024-05-08 00:04:0.000000   -1508028.9995    6195575.2096     148802.1727    -6.4273    -2.1856     2.7815         0.05          8    21.8755
2024-05-08 00:04:30.000000   -1508028.9156    6195575.7205     148802.5486    -6.3434    -1.6747     3.1574         0.05          8    21.8198
2024-05-08 00:05:0.000000   -1508028.7868    6195576.2400     148802.9308    -6.2146    -1.1552     3.5396         0.05          8    21.7681
2024-05-08 00:05:30.000000   -1508028.6589    6195576.7755     148803.3293    -6.0867    -0.6197     3.9381         0.06          8    21.7161
2024-05-08 00:06:0.000000   -1508028.5202    6195577.2633     148803.7235    -5.9480    -0.1319     4.3323         0.06          8    21.6621
2024-05-08 00:06:30.000000   -1508028.3913    6195577.8273     148804.1126    -5.8191     0.4321     4.7214         0.06          8    21.5910
2024-05-08 00:07:0.000000   -1508028.2287    6195578.2921     148804.4791    -5.6565     0.8969     5.0879         0.06          8    21.5610
2024-05-08 00:07:30.000000   -1508028.1144    6195578.8409     148804.8661    -5.5422     1.4457     5.4749         0.06          8    21.5042
2024-05-08 00:08:0.000000   -1508027.9691    6195579.3329     148805.2364    -5.3969     1.9377     5.8452         0.06          8    21.4484
2024-05-08 00:08:30.000000   -1508027.8232    6195579.8215     148805.6182    -5.2510     2.4263     6.2270         0.06          8    21.3900
2024-05-08 00:09:0.000000   -1508027.6682    6195580.2750     148805.9966    -5.0960     2.8798     6.6054         0.06          8    21.3403
2024-05-08 00:09:30.000000   -1508027.5217    6195580.7713     148806.3770    -4.9495     3.3761     6.9858         0.06          8    21.3055
2024-05-08 00:10:0.000000   -1508027.3352    6195581.2119     148806.7535    -4.7630     3.8167     7.3623         0.06          8    21.2320
2024-05-08 00:10:30.000000   -1508027.1930    6195581.7740     148807.1219    -4.6208     4.3788     7.7307         0.06          8    21.1915
2024-05-08 00:11:0.000000   -1508027.0557    6195582.2370     148807.4900    -4.4835     4.8418     8.0988         0.06          8    21.1389
2024-05-08 00:11:30.000000   -1508026.8892    6195582.7685     148807.8770    -4.3170     5.3733     8.4858         0.06          8    21.0855
2024-05-08 00:12:0.000000   -1508026.7019    6195583.2184     148808.2394    -4.1297     5.8232     8.8482         0.06          8    21.0432
2024-05-08 00:12:30.000000   -1508026.4886    6195583.6662     148808.6259    -3.9164     6.2710     9.2347         0.06          8    20.9944
2024-05-08 00:13:0.000000   -1508026.3163    6195584.0126     148808.9738    -3.7441     6.6174     9.5826         0.06          8    20.9943
2024-05-08 00:13:30.000000   -1508026.0755    6195584.4146     148809.3433    -3.5033     7.0194     9.9521         0.07          8    20.9043
2024-05-08 00:14:0.000000   -1508025.9569    6195584.9083     148809.6837    -3.3847     7.5131    10.2925         0.07          8    20.8881
2024-05-08 00:14:30.000000   -1508025.7420    6195585.3583     148810.0426    -3.1698     7.9631    10.6514         0.07          8    20.8117
2024-05-08 00:15:0.000000   -1508025.5843    6195585.8172     148810.3951    -3.0121     8.4220    11.0039         0.07          8    20.7713
2024-05-08 00:15:30.000000   -1508025.3873    6195586.2259     148810.7363    -2.8151     8.8307    11.3451         0.07          8    20.7150
2024-05-08 00:16:0.000000   -1508025.1720    6195586.6216     148811.0841    -2.5998     9.2264    11.6929         0.07          8    20.6513
2024-05-08 00:16:30.000000   -1508024.9985    6195586.9581     148811.4160    -2.4263     9.5629    12.0248         0.07          8    20.6487
2024-05-08 00:17:0.000000   -1508024.7485    6195587.2808     148811.7396    -2.1763     9.8856    12.3484         0.07          8    20.5753
2024-05-08 00:17:30.000000   -1508024.5911    6195587.6332     148812.0668    -2.0189    10.2380    12.6756         0.07          8    20.5520
2024-05-08 00:18:0.000000   -1508024.4060    6195588.0012     148812.3983    -1.8338    10.6060    13.0071         0.07          8    20.5145
2024-05-08 00:18:30.000000   -1508024.2084    6195588.3365     148812.7258    -1.6362    10.9413    13.3346         0.07          8    20.4341
2024-05-08 00:19:0.000000   -1508024.0226    6195588.6586     148813.0390    -1.4504    11.2634    13.6478         0.07          8    20.4030
2024-05-08 00:19:30.000000   -1508023.7818    6195588.9759     148813.3772    -1.2096    11.5807    13.9860         0.07          8    20.3594
2024-05-08 00:20:0.000000   -1508023.5747    6195589.2369     148813.6904    -1.0025    11.8417    14.2992         0.07          8    20.3365
2024-05-08 00:20:30.000000   -1508023.3811    6195589.5152     148813.9913    -0.8089    12.1200    14.6001         0.07          8    20.3122
2024-05-08 00:21:0.000000   -1508023.1493    6195589.7780     148814.2880    -0.5771    12.3828    14.8968         0.07          8    20.2683
2024-05-08 00:21:30.000000   -1508022.9726    6195590.0504     148814.5809    -0.4004    12.6552    15.1897         0.07          8    20.2667
2024-05-08 00:22:0.000000   -1508022.7146    6195590.2181     148814.8686    -0.1424    12.8229    15.4774         0.07          8    20.1877
2024-05-08 00:22:30.000000   -1508022.5526    6195590.4717     148815.1600     0.0196    13.0765    15.7688         0.07          8    20.1918
2024-05-08 00:23:0.000000   -1508022.3048    6195590.6170     148815.4622     0.2674    13.2218    16.0710         0.07          8    20.1289
2024-05-08 00:23:30.000000   -1508022.1061    6195590.7982     148815.7569     0.4661    13.4030    16.3657         0.07          8    20.1370
2024-05-08 00:24:0.000000   -1508021.9058    6195590.9407     148816.0292     0.6664    13.5455    16.6380         0.07          8    20.1161
2024-05-08 00:24:30.000000   -1508021.6758    6195591.1015     148816.3165     0.8964    13.7063    16.9253         0.07          8    20.0681
2024-05-08 00:25:0.000000   -1508021.4759    6195591.2284     148816.6045     1.0963    13.8332    17.2133         0.07          8    20.0758
2024-05-08 00:25:30.000000   -1508021.2070    6195591.2807     148816.8595     1.3652    13.8855    17.4683         0.07          8    20.0235
2024-05-08 00:26:0.000000   -1508020.9820    6195591.3815     148817.1202     1.5902    13.9863    17.7290         0.07          8    20.0395
2024-05-08 00:26:30.000000   -1508021.3878    6195593.8046     148816.9382     1.1844    16.4094    17.5470         0.08          9    19.0012
2024-05-08 00:27:0.000000   -1508021.1874    6195593.9552     148817.1726     1.3848    16.5600    17.7814         0.08          9    18.9474
2024-05-08 00:27:30.000000   -1508021.0133    6195594.1539     148817.4121     1.5589    16.7587    18.0209         0.08          9    18.9464
2024-05-08 00:28:0.000000   -1508020.8170    6195594.3351     148817.6044     1.7552    16.9399    18.2132         0.08          9    18.9207
2024-05-08 00:28:30.000000   -1508020.6842    6195594.6153     148817.8205     1.8880    17.2201    18.4293         0.08          9    18.9241
2024-05-08 00:29:0.000000   -1508020.5302    6195594.8067     148818.0158     2.0420    17.4115    18.6246         0.08          9    18.8997
2024-05-08 00:29:30.000000   -1508019.8434    6195592.7407     148817.8628     2.7288    15.3455    18.4716         0.07         10    18.5619
2024-05-08 00:30:0.000000   -1508019.6439    6195592.9103     148818.0474     2.9283    15.5151    18.6562         0.07         10    18.5521
2024-05-08 00:30:30.000000   -1508019.4196    6195593.0023     148818.2515     3.1526    15.6071    18.8603         0.07         10    18.5276
2024-05-08 00:31:0.000000   -1508019.2585    6195593.1497     148818.4289     3.3137    15.7545    19.0377         0.07         10    18.5535
2024-05-08 00:31:30.000000   -1508019.0564    6195593.2864     148818.5967     3.5158    15.8912    19.2055         0.07         10    18.5294
2024-05-08 00:32:0.000000   -1508018.9522    6195593.5075     148818.7504     3.6200    16.1123    19.3592         0.07         10    18.5332
2024-05-08 00:32:30.000000   -1508018.7689    6195593.6978     148818.9055     3.8033    16.3026    19.5143         0.07         10    18.4949
2024-05-08 00:33:0.000000   -1508018.6108    6195593.8871     148819.0492     3.9614    16.4919    19.6580         0.07         10    18.4748
2024-05-08 00:33:30.000000   -1508018.4503    6195594.0556     148819.2066     4.1219    16.6604    19.8154         0.07         10    18.4940
2024-05-08 00:34:0.000000   -1508018.2591    6195594.1792     148819.3616     4.3131    16.7840    19.9704         0.07         10    18.4453
2024-05-08 00:34:30.000000   -1508018.1343    6195594.4107     148819.5231     4.4379    17.0155    20.1319         0.07         10    18.4534
2024-05-08 00:35:0.000000   -1508017.9581    6195594.4468     148819.6653     4.6141    17.0516    20.2741         0.07         10    18.4350
2024-05-08 00:35:30.000000   -1508017.8433    6195594.5884     148819.8006     4.7289    17.1932    20.4094         0.07         10    18.4172
2024-05-08 00:36:0.000000   -1508017.7092    6195594.5889     148819.9778     4.8630    17.1937    20.5866         0.07         10    18.3637
2024-05-08 00:36:30.000000   -1508017.5788    6195594.6893     148820.1084     4.9934    17.2941    20.7172         0.07         10    18.3079
2024-05-08 00:37:0.000000   -1508017.4452    6195594.7712     148820.2642     5.1270    17.3760    20.8730         0.07         10    18.3002
2024-05-08 00:37:30.000000   -1508017.2924    6195594.8909     148820.3667     5.2798    17.4957    20.9755         0.07         10    18.2558
2024-05-08 00:38:0.000000   -1508017.1501    6195594.8400     148820.5257     5.4221    17.4448    21.1345         0.07         10    18.2294
2024-05-08 00:38:30.000000   -1508017.0079    6195595.3588     148820.5774     5.5643    17.9636    21.1862         0.07         10    18.3117
2024-05-08 00:39:0.000000   -1508014.0127    6195559.9605     148826.2260     8.5595   -17.4347    26.8348        -0.01          9    15.7611
2024-05-08 00:39:30.000000   -1508016.7296    6195595.6298     148820.8331     5.8426    18.2346    21.4419         0.07         10    18.3409
2024-05-08 00:40:0.000000   -1508016.5433    6195595.6668     148820.9407     6.0289    18.2716    21.5495         0.07         10    18.2766
2024-05-08 00:40:30.000000   -1508016.4312    6195595.7808     148821.0595     6.1410    18.3856    21.6683         0.07         10    18.2485
2024-05-08 00:41:0.000000   -1508016.3197    6195595.9558     148821.1490     6.2525    18.5606    21.7578         0.07         10    18.2390
2024-05-08 00:41:30.000000   -1508013.3656    6195562.7977     148826.4036     9.2066   -14.5975    27.0124        -0.01          9    15.3172
2024-05-08 00:42:0.000000   -1508016.1333    6195596.5323     148821.3132     6.4389    19.1371    21.9220         0.07         10    18.3163
2024-05-08 00:42:30.000000   -1508015.9662    6195596.2152     148821.4409     6.6060    18.8200    22.0497         0.07         10    18.1519
2024-05-08 00:43:0.000000   -1508015.8825    6195596.3896     148821.5217     6.6897    18.9944    22.1305         0.07         10    18.0906
2024-05-08 00:43:30.000000   -1508013.0234    6195565.2677     148826.4637     9.5488   -12.1275    27.0725        -0.00          9    14.9402
2024-05-08 00:44:0.000000   -1508015.7076    6195596.6046     148821.7033     6.8646    19.2094    22.3121         0.07         10    18.0781
2024-05-08 00:44:30.000000   -1508015.6156    6195596.6439     148821.7888     6.9566    19.2487    22.3976         0.07         10    18.0011
2024-05-08 00:45:0.000000   -1508015.5395    6195596.9726     148821.8215     7.0327    19.5774    22.4303         0.08         10    17.9861
2024-05-08 00:45:30.000000   -1508015.4227    6195596.9712     148821.9215     7.1495    19.5760    22.5303         0.07         10    17.8833
2024-05-08 00:46:0.000000   -1508015.2150    6195596.8853     148821.9361     7.3572    19.4901    22.5449         0.07         10    17.8864
2024-05-08 00:46:30.000000   -1508015.1559    6195597.2269     148822.0185     7.4163    19.8317    22.6273         0.07         10    17.8638
2024-05-08 00:47:0.000000   -1508015.0601    6195597.3640     148822.0334     7.5121    19.9688    22.6422         0.07         10    17.8499
2024-05-08 00:47:30.000000   -1508015.0225    6195597.6480     148822.0963     7.5497    20.2528    22.7051         0.08         10    17.8386
2024-05-08 00:48:0.000000   -1508014.9932    6195597.9410     148822.1210     7.5790    20.5458    22.7298         0.08         10    17.7626
2024-05-08 00:48:30.000000   -1508014.9018    6195598.1457     148822.1595     7.6704    20.7505    22.7683         0.08         10    17.7198
2024-05-08 00:49:0.000000   -1508014.7990    6195598.3172     148822.2015     7.7732    20.9220    22.8103         0.08         10    17.7225
2024-05-08 00:49:30.000000   -1508014.7304    6195598.5162     148822.2240     7.8418    21.1210    22.8328         0.08         10    17.6802
