GPS Single Point Positioning Results (with Klobuchar Ionosphere Model)
====================================================================================================
Station: NTUS00SGP
Approx Position: X=-1508022.5722, Y=6195577.3952, Z=148799.3912
GPS Week: 2313

Epoch                             X (m)           Y (m)           Z (m)     dX (m)     dY (m)     dZ (m)   Clock (us) Satellites    RMS (m)
----------------------------------------------------------------------------------------------------
2024-05-11 00:00:0.000000   -1508038.3619    6195602.3462     148817.2992   -15.7897    24.9510    17.9080         0.12          7    17.7959
2024-05-11 00:00:30.000000   -1508027.2212    6195580.6354     148811.8870    -4.6490     3.2402    12.4958         0.05          8    20.9435
2024-05-11 00:01:0.000000   -1508027.0529    6195581.0467     148812.1831    -4.4807     3.6515    12.7919         0.05          8    20.8798
2024-05-11 00:01:30.000000   -1508026.8460    6195581.4225     148812.4776    -4.2738     4.0273    13.0864         0.05          8    20.8291
2024-05-11 00:02:0.000000   -1508026.6173    6195581.7283     148812.7614    -4.0451     4.3331    13.3702         0.05          8    20.7895
2024-05-11 00:02:30.000000   -1508026.4146    6195582.0877     148813.0233    -3.8424     4.6925    13.6321         0.05          8    20.7323
2024-05-11 00:03:0.000000   -1508026.1859    6195582.3884     148813.3237    -3.6137     4.9932    13.9325         0.05          8    20.6802
2024-05-11 00:03:30.000000   -1508025.9772    6195582.7505     148813.6036    -3.4050     5.3553    14.2124         0.06          8    20.6225
2024-05-11 00:04:0.000000   -1508025.7755    6195583.0770     148813.8751    -3.2033     5.6818    14.4839         0.06          8    20.5704
2024-05-11 00:04:30.000000   -1508025.5517    6195583.3815     148814.1651    -2.9795     5.9863    14.7739         0.06          8    20.5324
2024-05-11 00:05:0.000000   -1508025.3520    6195583.7330     148814.4156    -2.7798     6.3378    15.0244         0.06          8    20.4752
2024-05-11 00:05:30.000000   -1508025.1310    6195584.0343     148814.6471    -2.5588     6.6391    15.2559         0.06          8    20.4094
2024-05-11 00:06:0.000000   -1508024.9165    6195584.2858     148814.9111    -2.3443     6.8906    15.5199         0.06          8    20.3508
2024-05-11 00:06:30.000000   -1508024.7022    6195584.5462     148815.1569    -2.1300     7.1510    15.7657         0.06          8    20.2877
2024-05-11 00:07:0.000000   -1508024.4841    6195584.7662     148815.4146    -1.9119     7.3710    16.0234         0.06          8    20.2202
2024-05-11 00:07:30.000000   -1508024.2342    6195585.0548     148815.6609    -1.6620     7.6596    16.2697         0.06          8    20.1495
2024-05-11 00:08:0.000000   -1508023.9870    6195585.1852     148815.8915    -1.4148     7.7900    16.5003         0.06          8    20.1223
2024-05-11 00:08:30.000000   -1508023.7863    6195585.3687     148816.1228    -1.2141     7.9735    16.7316         0.06          8    20.0879
2024-05-11 00:09:0.000000   -1508023.5845    6195585.5330     148816.3558    -1.0123     8.1378    16.9646         0.06          8    20.0290
2024-05-11 00:09:30.000000   -1508023.3677    6195585.6377     148816.5972    -0.7955     8.2425    17.2060         0.06          8    19.9848
2024-05-11 00:10:0.000000   -1508023.1332    6195585.7046     148816.8128    -0.5610     8.3094    17.4216         0.06          8    19.9389
2024-05-11 00:10:30.000000   -1508022.8592    6195585.6638     148817.0344    -0.2870     8.2686    17.6432         0.06          8    19.9182
2024-05-11 00:11:0.000000   -1508022.6283    6195585.7406     148817.2681    -0.0561     8.3454    17.8769         0.06          8    19.8790
2024-05-11 00:11:30.000000   -1508022.3675    6195585.7749     148817.4935     0.2047     8.3797    18.1023         0.06          8    19.8363
2024-05-11 00:12:0.000000   -1508022.1045    6195585.8147     148817.7106     0.4677     8.4195    18.3194         0.06          8    19.7750
2024-05-11 00:12:30.000000   -1508021.8562    6195585.8970     148817.9345     0.7160     8.5018    18.5433         0.06          8    19.7412
2024-05-11 00:13:0.000000   -1508021.6000    6195585.8741     148818.1668     0.9722     8.4789    18.7756         0.06          8    19.7093
2024-05-11 00:13:30.000000   -1508021.3297    6195585.8226     148818.4073     1.2425     8.4274    19.0161         0.06          8    19.6694
2024-05-11 00:14:0.000000   -1508021.7079    6195588.0409     148818.2482     0.8643    10.6457    18.8570         0.06          9    18.6436
2024-05-11 00:14:30.000000   -1508021.4866    6195588.1326     148818.4327     1.0856    10.7374    19.0415         0.06          9    18.6058
2024-05-11 00:15:0.000000   -1508021.2768    6195588.2352     148818.6234     1.2954    10.8400    19.2322         0.06          9    18.5738
2024-05-11 00:15:30.000000   -1508021.1053    6195588.3926     148818.7833     1.4669    10.9974    19.3921         0.06          9    18.5582
2024-05-11 00:16:0.000000   -1508020.8853    6195588.4391     148818.9302     1.6869    11.0439    19.5390         0.06          9    18.5285
2024-05-11 00:16:30.000000   -1508020.7121    6195588.5838     148819.1137     1.8601    11.1886    19.7225         0.06          9    18.5029
2024-05-11 00:17:0.000000   -1508020.5487    6195588.6305     148819.2921     2.0235    11.2353    19.9009         0.07          9    18.5047
2024-05-11 00:17:30.000000   -1508020.3377    6195588.7136     148819.4462     2.2345    11.3184    20.0550         0.07          9    18.4825
2024-05-11 00:18:0.000000   -1508020.1613    6195588.7818     148819.6012     2.4109    11.3866    20.2100         0.07          9    18.4767
2024-05-11 00:18:30.000000   -1508019.9628    6195588.8509     148819.7605     2.6094    11.4557    20.3693         0.07          9    18.4443
2024-05-11 00:19:0.000000   -1508019.7358    6195588.8832     148819.8922     2.8364    11.4880    20.5010         0.06          9    18.4383
2024-05-11 00:19:30.000000   -1508019.5537    6195589.0004     148820.0286     3.0185    11.6052    20.6374         0.07          9    18.4083
2024-05-11 00:20:0.000000   -1508019.3925    6195589.0850     148820.1561     3.1797    11.6898    20.7649         0.07          9    18.3838
2024-05-11 00:20:30.000000   -1508019.2379    6195589.1456     148820.2836     3.3343    11.7504    20.8924         0.07          9    18.3417
2024-05-11 00:21:0.000000   -1508019.0971    6195589.2577     148820.4000     3.4751    11.8625    21.0088         0.07          9    18.3138
2024-05-11 00:21:30.000000   -1508018.9332    6195589.3127     148820.5479     3.6390    11.9175    21.1567         0.07          9    18.3099
2024-05-11 00:22:0.000000   -1508018.7623    6195589.3987     148820.6673     3.8099    12.0035    21.2761         0.07          9    18.2877
2024-05-11 00:22:30.000000   -1508018.5669    6195589.3240     148820.8088     4.0053    11.9288    21.4176         0.07          9    18.2652
2024-05-11 00:23:0.000000   -1508018.4451    6195589.3623     148820.9168     4.1271    11.9671    21.5256         0.07          9    18.2353
2024-05-11 00:23:30.000000   -1508018.2944    6195589.3136     148821.0446     4.2778    11.9184    21.6534         0.06          9    18.2097
2024-05-11 00:24:0.000000   -1508018.1576    6195589.2601     148821.1939     4.4146    11.8649    21.8027         0.07          9    18.1899
2024-05-11 00:24:30.000000   -1508017.5346    6195587.4951     148821.1059     5.0376    10.0999    21.7147         0.06         10    17.6147
2024-05-11 00:25:0.000000   -1508017.3806    6195587.4908     148821.2512     5.1916    10.0956    21.8600         0.06         10    17.5865
2024-05-11 00:25:30.000000   -1508017.2828    6195587.9799     148821.2952     5.2894    10.5847    21.9040         0.06         10    17.6699
2024-05-11 00:26:0.000000   -1508017.5766    6195593.7288     148820.5306     4.9956    16.3336    21.1394         0.07         10    19.2598
2024-05-11 00:26:30.000000   -1508017.4557    6195593.8625     148820.6303     5.1165    16.4673    21.2391         0.07         10    19.2804
2024-05-11 00:27:0.000000   -1508017.2992    6195593.7998     148820.7606     5.2730    16.4046    21.3694         0.07         10    19.2822
2024-05-11 00:27:30.000000   -1508016.6658    6195588.1457     148821.7343     5.9064    10.7505    22.3431         0.06         10    17.5885
2024-05-11 00:28:0.000000   -1508016.5029    6195588.2372     148821.8295     6.0693    10.8420    22.4383         0.06         10    17.5834
2024-05-11 00:28:30.000000   -1508016.3800    6195588.3004     148821.9256     6.1922    10.9052    22.5344         0.06         10    17.5919
2024-05-11 00:29:0.000000   -1508016.6770    6195593.8406     148821.1740     5.8952    16.4454    21.7828         0.07         10    19.2422
2024-05-11 00:29:30.000000   -1508016.0701    6195588.1582     148822.1328     6.5021    10.7630    22.7416         0.06         10    17.4764
2024-05-11 00:30:0.000000   -1508015.9783    6195588.4093     148822.2077     6.5939    11.0141    22.8165         0.06         10    17.5024
2024-05-11 00:30:30.000000   -1508015.8495    6195588.5880     148822.2656     6.7227    11.1928    22.8744         0.06         10    17.5534
2024-05-11 00:31:0.000000   -1508015.7117    6195588.3337     148822.3713     6.8605    10.9385    22.9801         0.06         10    17.4266
2024-05-11 00:31:30.000000   -1508015.5808    6195588.4586     148822.4640     6.9914    11.0634    23.0728         0.06         10    17.4022
2024-05-11 00:32:0.000000   -1508015.4369    6195588.4084     148822.5601     7.1353    11.0132    23.1689         0.06         10    17.3733
2024-05-11 00:32:30.000000   -1508015.2926    6195588.4180     148822.6412     7.2796    11.0228    23.2500         0.06         10    17.3266
2024-05-11 00:33:0.000000   -1508015.6755    6195593.4898     148821.9187     6.8967    16.0946    22.5275         0.07         10    18.9239
2024-05-11 00:33:30.000000   -1508015.1032    6195588.4778     148822.7463     7.4690    11.0826    23.3551         0.06         10    17.2616
2024-05-11 00:34:0.000000   -1508014.9841    6195588.4427     148822.7705     7.5881    11.0475    23.3793         0.06         10    17.2655
2024-05-11 00:34:30.000000   -1508014.9220    6195588.7028     148822.8188     7.6502    11.3076    23.4276         0.06         10    17.2499
2024-05-11 00:35:0.000000   -1508014.8335    6195588.7818     148822.8612     7.7387    11.3866    23.4700         0.06         10    17.2010
2024-05-11 00:35:30.000000   -1508014.7756    6195589.0622     148822.8819     7.7966    11.6670    23.4907         0.06         10    17.1767
2024-05-11 00:36:0.000000   -1508014.7349    6195589.3066     148822.9105     7.8373    11.9114    23.5193         0.06         10    17.1499
2024-05-11 00:36:30.000000   -1508014.7026    6195589.5683     148822.9361     7.8696    12.1731    23.5449         0.06         10    17.1175
2024-05-11 00:37:0.000000   -1508014.6669    6195589.7148     148822.9264     7.9053    12.3196    23.5352         0.06         10    17.0981
2024-05-11 00:37:30.000000   -1508014.6199    6195589.9203     148822.9470     7.9523    12.5251    23.5558         0.06         10    17.0845
2024-05-11 00:38:0.000000   -1508014.5891    6195590.1277     148822.9536     7.9831    12.7325    23.5624         0.06         10    17.0631
2024-05-11 00:38:30.000000   -1508014.5220    6195590.3377     148822.9571     8.0502    12.9425    23.5659         0.06         10    17.0178
2024-05-11 00:39:0.000000   -1508014.4496    6195590.5751     148822.9634     8.1226    13.1799    23.5722         0.06         10    16.9752
2024-05-11 00:39:30.000000   -1508014.4086    6195590.7917     148822.9778     8.1636    13.3965    23.5866         0.07         10    16.9242
2024-05-11 00:40:0.000000   -1508014.3683    6195590.9882     148822.9712     8.2039    13.5930    23.5800         0.07         10    16.8813
2024-05-11 00:40:30.000000   -1508014.3542    6195591.2052     148822.9323     8.2180    13.8100    23.5411         0.07         10    16.8154
2024-05-11 00:41:0.000000   -1508014.3187    6195591.4398     148822.9258     8.2535    14.0446    23.5346         0.07         10    16.7625
2024-05-11 00:41:30.000000   -1508014.3047    6195591.7248     148822.9124     8.2675    14.3296    23.5212         0.07         10    16.6926
2024-05-11 00:42:0.000000   -1508014.3329    6195592.0830     148822.8903     8.2393    14.6878    23.4991         0.07         10    16.6250
2024-05-11 00:42:30.000000   -1508014.3026    6195592.3909     148822.8711     8.2696    14.9957    23.4799         0.07         10    16.5734
2024-05-11 00:43:0.000000   -1508014.2683    6195592.6666     148822.8212     8.3039    15.2714    23.4300         0.07         10    16.5057
2024-05-11 00:43:30.000000   -1508014.2814    6195592.9585     148822.7819     8.2908    15.5633    23.3907         0.07         10    16.4318
2024-05-11 00:44:0.000000   -1508014.2617    6195593.1922     148822.7354     8.3105    15.7970    23.3442         0.07         10    16.3788
2024-05-11 00:44:30.000000   -1508014.2718    6195593.5241     148822.6747     8.3004    16.1289    23.2835         0.07         10    16.2916
2024-05-11 00:45:0.000000   -1508014.2868    6195593.9231     148822.6389     8.2854    16.5279    23.2477         0.07         10    16.2217
2024-05-11 00:45:30.000000   -1508014.3049    6195594.3073     148822.5830     8.2673    16.9121    23.1918         0.07         10    16.1446
2024-05-11 00:46:0.000000   -1508014.3650    6195594.6188     148822.4859     8.2072    17.2236    23.0947         0.07         10    16.0628
2024-05-11 00:46:30.000000   -1508014.3387    6195594.9419     148822.4116     8.2335    17.5467    23.0204         0.07         10    16.0094
2024-05-11 00:47:0.000000   -1508014.3860    6195595.3575     148822.3636     8.1862    17.9623    22.9724         0.08         10    15.9308
2024-05-11 00:47:30.000000   -1508014.4096    6195595.7493     148822.2899     8.1626    18.3541    22.8987         0.08         10    15.8496
2024-05-11 00:48:0.000000   -1508014.4847    6195596.2371     148822.2043     8.0875    18.8419    22.8131         0.08         10    15.7589
2024-05-11 00:48:30.000000   -1508014.5234    6195596.6949     148822.1156     8.0488    19.2997    22.7244         0.08         10    15.6668
2024-05-11 00:49:0.000000   -1508014.5730    6195597.1524     148822.0325     7.9992    19.7572    22.6413         0.08         10    15.5658
2024-05-11 00:49:30.000000   -1508014.6025    6195597.6220     148821.9329     7.9697    20.2268    22.5417         0.08         10    15.4754
