GPS Single Point Positioning Results (without Ionosphere Correction)
====================================================================================================
Station: NTUS00SGP
Approx Position: X=-1508022.5722, Y=6195577.3952, Z=148799.3912

Epoch                             X (m)           Y (m)           Z (m)     dX (m)     dY (m)     dZ (m)   Clock (us) Satellites    RMS (m)
----------------------------------------------------------------------------------------------------
2024-05-11 00:00:0.000000   -1508039.8123    6195610.7487     148816.9100   -17.2401    33.3535    17.5188         0.16          7    17.9486
2024-05-11 00:00:30.000000   -1508028.5626    6195588.8473     148811.4410    -5.9904    11.4521    12.0498         0.09          8    21.1359
2024-05-11 00:01:0.000000   -1508028.3996    6195589.2984     148811.7400    -5.8274    11.9032    12.3488         0.09          8    21.0769
2024-05-11 00:01:30.000000   -1508028.1979    6195589.7144     148812.0374    -5.6257    12.3192    12.6462         0.10          8    21.0310
2024-05-11 00:02:0.000000   -1508027.9744    6195590.0605     148812.3241    -5.4022    12.6653    12.9329         0.10          8    20.9961
2024-05-11 00:02:30.000000   -1508027.7770    6195590.4604     148812.5890    -5.2048    13.0652    13.1978         0.09          8    20.9436
2024-05-11 00:03:0.000000   -1508027.5535    6195590.8018     148812.8923    -4.9813    13.4066    13.5011         0.10          8    20.8963
2024-05-11 00:03:30.000000   -1508027.3502    6195591.2048     148813.1753    -4.7780    13.8096    13.7841         0.10          8    20.8435
2024-05-11 00:04:0.000000   -1508027.1538    6195591.5724     148813.4499    -4.5816    14.1772    14.0587         0.10          8    20.7961
2024-05-11 00:04:30.000000   -1508026.9354    6195591.9181     148813.7430    -4.3632    14.5229    14.3518         0.10          8    20.7630
2024-05-11 00:05:0.000000   -1508026.7410    6195592.3110     148813.9966    -4.1688    14.9158    14.6054         0.10          8    20.7108
2024-05-11 00:05:30.000000   -1508026.5254    6195592.6539     148814.2312    -3.9532    15.2587    14.8400         0.10          8    20.6498
2024-05-11 00:06:0.000000   -1508026.3164    6195592.9471     148814.4983    -3.7442    15.5519    15.1071         0.10          8    20.5963
2024-05-11 00:06:30.000000   -1508026.1075    6195593.2494     148814.7472    -3.5353    15.8542    15.3560         0.10          8    20.5381
2024-05-11 00:07:0.000000   -1508025.8950    6195593.5114     148815.0080    -3.3228    16.1162    15.6168         0.10          8    20.4757
2024-05-11 00:07:30.000000   -1508025.6506    6195593.8422     148815.2573    -3.0784    16.4470    15.8661         0.10          8    20.4100
2024-05-11 00:08:0.000000   -1508025.4090    6195594.0149     148815.4910    -2.8368    16.6197    16.0998         0.10          8    20.3879
2024-05-11 00:08:30.000000   -1508025.2140    6195594.2409     148815.7253    -2.6418    16.8457    16.3341         0.10          8    20.3586
2024-05-11 00:09:0.000000   -1508025.0180    6195594.4478     148815.9613    -2.4458    17.0526    16.5701         0.10          8    20.3049
2024-05-11 00:09:30.000000   -1508024.8070    6195594.5952     148816.2057    -2.2348    17.2000    16.8145         0.10          8    20.2661
2024-05-11 00:10:0.000000   -1508024.5783    6195594.7048     148816.4242    -2.0061    17.3096    17.0330         0.10          8    20.2254
2024-05-11 00:10:30.000000   -1508024.3102    6195594.7070     148816.6486    -1.7380    17.3118    17.2574         0.10          8    20.2100
2024-05-11 00:11:0.000000   -1508024.0852    6195594.8268     148816.8852    -1.5130    17.4316    17.4940         0.10          8    20.1762
2024-05-11 00:11:30.000000   -1508023.8305    6195594.9042     148817.1134    -1.2583    17.5090    17.7222         0.10          8    20.1390
2024-05-11 00:12:0.000000   -1508023.5736    6195594.9873     148817.3332    -1.0014    17.5921    17.9420         0.10          8    20.0831
2024-05-11 00:12:30.000000   -1508023.3316    6195595.1129     148817.5597    -0.7594    17.7177    18.1685         0.10          8    20.0547
2024-05-11 00:13:0.000000   -1508023.0816    6195595.1334     148817.7945    -0.5094    17.7382    18.4033         0.10          8    20.0285
2024-05-11 00:13:30.000000   -1508022.8177    6195595.1254     148818.0375    -0.2455    17.7302    18.6463         0.10          8    19.9943
2024-05-11 00:14:0.000000   -1508023.2701    6195597.6301     148817.8383    -0.6979    20.2349    18.4471         0.11          9    19.0048
2024-05-11 00:14:30.000000   -1508023.0567    6195597.7688     148818.0239    -0.4845    20.3736    18.6327         0.11          9    18.9714
2024-05-11 00:15:0.000000   -1508022.8549    6195597.9182     148818.2156    -0.2827    20.5230    18.8244         0.11          9    18.9437
2024-05-11 00:15:30.000000   -1508022.6913    6195598.1225     148818.3765    -0.1191    20.7273    18.9853         0.11          9    18.9325
2024-05-11 00:16:0.000000   -1508022.4795    6195598.2157     148818.5244     0.0927    20.8205    19.1332         0.11          9    18.9074
2024-05-11 00:16:30.000000   -1508022.3145    6195598.4071     148818.7086     0.2577    21.0119    19.3174         0.11          9    18.8863
2024-05-11 00:17:0.000000   -1508022.1593    6195598.5003     148818.8877     0.4129    21.1051    19.4965         0.11          9    18.8929
2024-05-11 00:17:30.000000   -1508021.9567    6195598.6299     148819.0426     0.6155    21.2347    19.6514         0.11          9    18.8752
2024-05-11 00:18:0.000000   -1508021.7887    6195598.7444     148819.1981     0.7835    21.3492    19.8069         0.11          9    18.8738
2024-05-11 00:18:30.000000   -1508021.5986    6195598.8598     148819.3579     0.9736    21.4646    19.9667         0.11          9    18.8457
2024-05-11 00:19:0.000000   -1508021.3802    6195598.9382     148819.4900     1.1920    21.5430    20.0988         0.11          9    18.8438
2024-05-11 00:19:30.000000   -1508021.2068    6195599.1013     148819.6267     1.3654    21.7061    20.2355         0.11          9    18.8179
2024-05-11 00:20:0.000000   -1508021.0542    6195599.2317     148819.7544     1.5180    21.8365    20.3632         0.11          9    18.7971
2024-05-11 00:20:30.000000   -1508020.9084    6195599.3381     148819.8821     1.6638    21.9429    20.4909         0.11          9    18.7587
2024-05-11 00:21:0.000000   -1508020.7766    6195599.4957     148819.9985     1.7956    22.1005    20.6073         0.11          9    18.7344
2024-05-11 00:21:30.000000   -1508020.6216    6195599.5960     148820.1463     1.9506    22.2008    20.7551         0.11          9    18.7345
2024-05-11 00:22:0.000000   -1508020.4597    6195599.7272     148820.2656     2.1125    22.3320    20.8744         0.11          9    18.7159
2024-05-11 00:22:30.000000   -1508020.2734    6195599.6974     148820.4068     2.2988    22.3022    21.0156         0.11          9    18.6972
2024-05-11 00:23:0.000000   -1508020.1608    6195599.7804     148820.5145     2.4114    22.3852    21.1233         0.11          9    18.6707
2024-05-11 00:23:30.000000   -1508020.0193    6195599.7763     148820.6419     2.5529    22.3811    21.2507         0.11          9    18.6486
2024-05-11 00:24:0.000000   -1508019.8919    6195599.7671     148820.7906     2.6803    22.3719    21.3994         0.11          9    18.6323
2024-05-11 00:24:30.000000   -1508019.2119    6195597.8148     148820.6747     3.3603    20.4196    21.2835         0.11         10    18.1077
2024-05-11 00:25:0.000000   -1508019.0664    6195597.8537     148820.8198     3.5058    20.4585    21.4286         0.11         10    18.0818
2024-05-11 00:25:30.000000   -1508018.9772    6195598.3856     148820.8635     3.5950    20.9904    21.4723         0.11         10    18.1681
2024-05-11 00:26:0.000000   -1508019.2796    6195604.1773     148820.0985     3.2926    26.7821    20.7073         0.12         10    19.7647
2024-05-11 00:26:30.000000   -1508019.1674    6195604.3533     148820.1977     3.4048    26.9581    20.8065         0.12         10    19.7890
2024-05-11 00:27:0.000000   -1508019.0196    6195604.3327     148820.3274     3.5526    26.9375    20.9362         0.12         10    19.7945
2024-05-11 00:27:30.000000   -1508018.3951    6195598.7205     148821.3005     4.1771    21.3253    21.9093         0.11         10    18.0972
2024-05-11 00:28:0.000000   -1508018.2410    6195598.8535     148821.3949     4.3312    21.4583    22.0037         0.11         10    18.0946
2024-05-11 00:28:30.000000   -1508018.1270    6195598.9580     148821.4903     4.4452    21.5628    22.0991         0.11         10    18.1062
2024-05-11 00:29:0.000000   -1508018.4330    6195604.5390     148820.7378     4.1392    27.1438    21.3466         0.12         10    19.7690
2024-05-11 00:29:30.000000   -1508017.8351    6195598.8972     148821.6957     4.7371    21.5020    22.3045         0.11         10    17.9953
2024-05-11 00:30:0.000000   -1508017.7524    6195599.1885     148821.7696     4.8198    21.7933    22.3784         0.11         10    18.0247
2024-05-11 00:30:30.000000   -1508017.6327    6195599.4070     148821.8264     4.9395    22.0118    22.4352         0.11         10    18.0791
2024-05-11 00:31:0.000000   -1508017.5041    6195599.1921     148821.9310     5.0681    21.7969    22.5398         0.11         10    17.9538
2024-05-11 00:31:30.000000   -1508017.3824    6195599.3560     148822.0225     5.1898    21.9608    22.6313         0.11         10    17.9319
2024-05-11 00:32:0.000000   -1508017.2476    6195599.3444     148822.1173     5.3246    21.9492    22.7261         0.11         10    17.9055
2024-05-11 00:32:30.000000   -1508017.1126    6195599.3922     148822.1972     5.4596    21.9970    22.8060         0.11         10    17.8616
2024-05-11 00:33:0.000000   -1508017.5047    6195604.5016     148821.4733     5.0675    27.1064    22.0821         0.12         10    19.4793
2024-05-11 00:33:30.000000   -1508016.9417    6195599.5268     148822.2995     5.6305    22.1316    22.9083         0.11         10    17.8038
2024-05-11 00:34:0.000000   -1508016.8319    6195599.5283     148822.3223     5.7403    22.1331    22.9311         0.11         10    17.8119
2024-05-11 00:34:30.000000   -1508016.7791    6195599.8246     148822.3691     5.7931    22.4294    22.9779         0.11         10    17.7994
2024-05-11 00:35:0.000000   -1508016.6999    6195599.9392     148822.4100     5.8723    22.5440    23.0188         0.11         10    17.7528
2024-05-11 00:35:30.000000   -1508016.6513    6195600.2546     148822.4292     5.9209    22.8594    23.0380         0.11         10    17.7313
2024-05-11 00:36:0.000000   -1508016.6198    6195600.5334     148822.4563     5.9524    23.1382    23.0651         0.11         10    17.7076
2024-05-11 00:36:30.000000   -1508016.5967    6195600.8289     148822.4802     5.9755    23.4337    23.0890         0.11         10    17.6786
2024-05-11 00:37:0.000000   -1508016.5702    6195601.0086     148822.4690     6.0020    23.6134    23.0778         0.11         10    17.6635
2024-05-11 00:37:30.000000   -1508016.5324    6195601.2465     148822.4880     6.0398    23.8513    23.0968         0.12         10    17.6543
2024-05-11 00:38:0.000000   -1508016.5106    6195601.4857     148822.4931     6.0616    24.0905    23.1019         0.12         10    17.6367
2024-05-11 00:38:30.000000   -1508016.4526    6195601.7267     148822.4950     6.1196    24.3315    23.1038         0.12         10    17.5951
2024-05-11 00:39:0.000000   -1508016.3892    6195601.9945     148822.4997     6.1830    24.5993    23.1085         0.12         10    17.5562
2024-05-11 00:39:30.000000   -1508016.3570    6195602.2406     148822.5127     6.2152    24.8454    23.1215         0.12         10    17.5090
2024-05-11 00:40:0.000000   -1508016.3255    6195602.4658     148822.5045     6.2467    25.0706    23.1133         0.12         10    17.4702
2024-05-11 00:40:30.000000   -1508016.3201    6195602.7107     148822.4642     6.2521    25.3155    23.0730         0.12         10    17.4086
2024-05-11 00:41:0.000000   -1508016.2932    6195602.9723     148822.4563     6.2790    25.5771    23.0651         0.12         10    17.3602
2024-05-11 00:41:30.000000   -1508016.2876    6195603.2834     148822.4415     6.2846    25.8882    23.0503         0.12         10    17.2946
2024-05-11 00:42:0.000000   -1508016.3241    6195603.6669     148822.4181     6.2481    26.2717    23.0269         0.12         10    17.2316
2024-05-11 00:42:30.000000   -1508016.3020    6195603.9990     148822.3977     6.2702    26.6038    23.0065         0.12         10    17.1845
2024-05-11 00:43:0.000000   -1508016.2757    6195604.2981     148822.3468     6.2965    26.9029    22.9556         0.12         10    17.1215
2024-05-11 00:43:30.000000   -1508016.2966    6195604.6122     148822.3064     6.2756    27.2170    22.9152         0.12         10    17.0528
2024-05-11 00:44:0.000000   -1508016.2846    6195604.8671     148822.2590     6.2876    27.4719    22.8678         0.12         10    17.0046
2024-05-11 00:44:30.000000   -1508016.3022    6195605.2192     148822.1974     6.2700    27.8240    22.8062         0.13         10    16.9227
2024-05-11 00:45:0.000000   -1508016.3244    6195605.6373     148822.1610     6.2478    28.2421    22.7698         0.13         10    16.8584
2024-05-11 00:45:30.000000   -1508016.3496    6195606.0395     148822.1045     6.2226    28.6443    22.7133         0.13         10    16.7863
2024-05-11 00:46:0.000000   -1508016.4164    6195606.3678     148822.0069     6.1558    28.9726    22.6157         0.13         10    16.7105
2024-05-11 00:46:30.000000   -1508016.3967    6195606.7066     148821.9323     6.1755    29.3114    22.5411         0.13         10    16.6625
2024-05-11 00:47:0.000000   -1508016.4503    6195607.1366     148821.8842     6.1219    29.7414    22.4930         0.13         10    16.5895
2024-05-11 00:47:30.000000   -1508016.4799    6195607.5416     148821.8105     6.0923    30.1464    22.4193         0.13         10    16.5137
2024-05-11 00:48:0.000000   -1508016.5608    6195608.0413     148821.7252     6.0114    30.6461    22.3340         0.13         10    16.4292
2024-05-11 00:48:30.000000   -1508016.6048    6195608.5098     148821.6369     5.9674    31.1146    22.2457         0.13         10    16.3430
2024-05-11 00:49:0.000000   -1508016.6596    6195608.9767     148821.5544     5.9126    31.5815    22.1632         0.14         10    16.2477
2024-05-11 00:49:30.000000   -1508016.6939    6195609.4545     148821.4556     5.8783    32.0593    22.0644         0.14         10    16.1634
