GPS Single Point Positioning Results (with Klobuchar Ionosphere Model)
====================================================================================================
Station: NYA200NOR
Approx Position: X=1202379.3100, Y=252474.6543, Z=6237786.5417
GPS Week: 2313

Epoch                             X (m)           Y (m)           Z (m)     dX (m)     dY (m)     dZ (m)   Clock (us) Satellites    RMS (m)
----------------------------------------------------------------------------------------------------
2024-05-08 00:00:0.000000    1202381.6142     252469.8457    6237800.0885     2.3042    -4.8086    13.5468         0.05         11    15.9364
2024-05-08 00:00:30.000000    1202381.6820     252469.7683    6237798.8175     2.3720    -4.8860    12.2758         0.04         11    16.0834
2024-05-08 00:01:0.000000    1202381.4389     252469.9069    6237800.4442     2.1289    -4.7474    13.9025         0.05         10    16.3576
2024-05-08 00:01:30.000000    1202381.5079     252469.8423    6237800.2781     2.1979    -4.8120    13.7364         0.05         10    16.4701
2024-05-08 00:02:0.000000    1202381.6229     252469.8149    6237799.1006     2.3129    -4.8394    12.5589         0.05         10    16.4047
2024-05-08 00:02:30.000000    1202381.6630     252469.8080    6237797.8666     2.3530    -4.8463    11.3249         0.04         10    16.4354
2024-05-08 00:03:0.000000    1202381.8610     252469.6412    6237797.6329     2.5510    -5.0131    11.0912         0.04         10    16.5857
2024-05-08 00:03:30.000000    1202381.8922     252469.7501    6237796.9806     2.5822    -4.9042    10.4389         0.04         10    16.4456
2024-05-08 00:04:0.000000    1202382.1185     252469.5651    6237795.7189     2.8085    -5.0892     9.1772         0.04         10    16.4418
2024-05-08 00:04:30.000000    1202382.2765     252469.4199    6237794.6993     2.9665    -5.2344     8.1576         0.04         10    16.6210
2024-05-08 00:05:0.000000    1202382.0531     252469.5822    6237793.4147     2.7431    -5.0721     6.8730         0.03         10    16.5878
2024-05-08 00:05:30.000000    1202382.2400     252469.6060    6237792.4143     2.9300    -5.0483     5.8726         0.03         10    16.7084
2024-05-08 00:06:0.000000    1202382.2172     252469.5600    6237792.8693     2.9072    -5.0943     6.3276         0.04         10    16.6704
2024-05-08 00:06:30.000000    1202382.2578     252469.5514    6237791.6330     2.9478    -5.1029     5.0913         0.03         10    16.6597
2024-05-08 00:07:0.000000    1202382.0993     252469.4054    6237789.9780     2.7893    -5.2489     3.4363         0.03         10    16.6818
2024-05-08 00:07:30.000000    1202382.3361     252469.4705    6237789.8345     3.0261    -5.1838     3.2928         0.03         10    16.6980
2024-05-08 00:08:0.000000    1202382.3962     252469.4784    6237789.0697     3.0862    -5.1759     2.5280         0.03         10    16.8855
2024-05-08 00:08:30.000000    1202382.4490     252469.3966    6237788.9925     3.1390    -5.2577     2.4508         0.03         10    16.8326
2024-05-08 00:09:0.000000    1202382.4234     252469.4548    6237787.5471     3.1134    -5.1995     1.0054         0.02         10    16.8238
2024-05-08 00:09:30.000000    1202382.5575     252469.4009    6237786.7305     3.2475    -5.2534     0.1888         0.02         10    16.8422
2024-05-08 00:10:0.000000    1202382.5348     252469.4786    6237786.6447     3.2248    -5.1757     0.1030         0.03         10    16.8904
2024-05-08 00:10:30.000000    1202382.8118     252469.5708    6237785.6727     3.5018    -5.0835    -0.8690         0.02         10    16.9536
2024-05-08 00:11:0.000000    1202382.8375     252469.4263    6237784.6567     3.5275    -5.2280    -1.8850         0.02         10    16.8446
2024-05-08 00:11:30.000000    1202382.7027     252469.3443    6237784.5903     3.3927    -5.3100    -1.9514         0.02         10    16.8659
2024-05-08 00:12:0.000000    1202382.8896     252469.5263    6237783.5990     3.5796    -5.1280    -2.9427         0.02         10    16.9227
2024-05-08 00:12:30.000000    1202383.0285     252469.5118    6237783.0914     3.7185    -5.1425    -3.4503         0.02         10    16.8958
2024-05-08 00:13:0.000000    1202383.0480     252469.5598    6237781.5727     3.7380    -5.0945    -4.9690         0.02         10    16.8769
2024-05-08 00:13:30.000000    1202383.0043     252469.5294    6237781.5414     3.6943    -5.1249    -5.0003         0.02         10    16.7492
2024-05-08 00:14:0.000000    1202383.1587     252469.4590    6237780.8845     3.8487    -5.1953    -5.6572         0.02         10    16.9187
2024-05-08 00:14:30.000000    1202383.1385     252469.3463    6237779.8234     3.8285    -5.3080    -6.7183         0.01         10    16.9015
2024-05-08 00:15:0.000000    1202383.3949     252469.3499    6237779.0081     4.0849    -5.3044    -7.5336         0.01         10    16.8592
2024-05-08 00:15:30.000000    1202383.3953     252469.2557    6237778.4631     4.0853    -5.3986    -8.0786         0.01         10    16.9038
2024-05-08 00:16:0.000000    1202383.4534     252469.3151    6237777.9875     4.1434    -5.3392    -8.5542         0.01         10    16.8637
2024-05-08 00:16:30.000000    1202383.7412     252469.1333    6237777.3823     4.4312    -5.5210    -9.1594         0.01         10    16.9734
2024-05-08 00:17:0.000000    1202383.9417     252469.5346    6237773.7448     4.6317    -5.1197   -12.7969         0.00         11    16.5120
2024-05-08 00:17:30.000000    1202383.9709     252469.2412    6237772.8984     4.6609    -5.4131   -13.6433         0.00         11    16.4807
2024-05-08 00:18:0.000000    1202383.9981     252469.3375    6237772.1908     4.6881    -5.3168   -14.3509        -0.00         11    16.3930
2024-05-08 00:18:30.000000    1202383.9923     252469.3339    6237771.6249     4.6823    -5.3204   -14.9168        -0.00         11    16.3407
2024-05-08 00:19:0.000000    1202384.0471     252469.2260    6237771.3881     4.7371    -5.4283   -15.1536        -0.00         11    16.3264
2024-05-08 00:19:30.000000    1202384.1505     252469.2606    6237770.1218     4.8405    -5.3937   -16.4199        -0.00         11    16.4151
2024-05-08 00:20:0.000000    1202384.1040     252468.9792    6237770.0821     4.7940    -5.6751   -16.4596        -0.00         11    16.2418
2024-05-08 00:20:30.000000    1202384.3640     252469.1827    6237769.1072     5.0540    -5.4716   -17.4345        -0.00         11    16.3107
2024-05-08 00:21:0.000000    1202384.4044     252469.1621    6237768.6105     5.0944    -5.4922   -17.9312        -0.01         11    16.1171
2024-05-08 00:21:30.000000    1202384.3118     252469.1808    6237767.3875     5.0018    -5.4735   -19.1542        -0.01         11    16.1012
2024-05-08 00:22:0.000000    1202384.4557     252469.0113    6237767.1260     5.1457    -5.6430   -19.4157        -0.01         11    16.0955
2024-05-08 00:22:30.000000    1202384.5775     252469.0330    6237766.6910     5.2675    -5.6213   -19.8507        -0.01         11    16.0622
2024-05-08 00:23:0.000000    1202384.5946     252469.0797    6237766.0880     5.2846    -5.5746   -20.4537        -0.01         11    16.0628
2024-05-08 00:23:30.000000    1202384.7499     252468.8955    6237765.4370     5.4399    -5.7588   -21.1047        -0.01         11    15.9400
2024-05-08 00:24:0.000000    1202384.8215     252468.9986    6237765.1314     5.5115    -5.6557   -21.4103        -0.01         11    15.8911
2024-05-08 00:24:30.000000    1202385.0213     252468.9181    6237764.8309     5.7113    -5.7362   -21.7108        -0.01         11    15.9390
2024-05-08 00:25:0.000000    1202385.0394     252468.7349    6237763.6344     5.7294    -5.9194   -22.9073        -0.01         11    15.8336
2024-05-08 00:25:30.000000    1202385.0524     252468.6181    6237763.1703     5.7424    -6.0362   -23.3714        -0.01         11    15.8263
2024-05-08 00:26:0.000000    1202385.1631     252468.6712    6237762.2825     5.8531    -5.9831   -24.2592        -0.02         11    15.8249
2024-05-08 00:26:30.000000    1202385.3365     252468.6417    6237762.5085     6.0265    -6.0126   -24.0332        -0.02         11    15.7685
2024-05-08 00:27:0.000000    1202385.3263     252468.6709    6237762.0124     6.0163    -5.9834   -24.5293        -0.02         11    15.7255
2024-05-08 00:27:30.000000    1202385.3568     252468.3731    6237760.6458     6.0468    -6.2812   -25.8959        -0.02         11    15.7870
2024-05-08 00:28:0.000000    1202385.5141     252468.4423    6237760.3772     6.2041    -6.2120   -26.1645        -0.02         11    15.6728
2024-05-08 00:28:30.000000    1202385.6147     252468.4706    6237760.3367     6.3047    -6.1837   -26.2050        -0.02         11    15.5910
2024-05-08 00:29:0.000000    1202385.7421     252468.3894    6237759.5638     6.4321    -6.2649   -26.9779        -0.02         11    15.5637
2024-05-08 00:29:30.000000    1202385.8138     252468.4309    6237758.6088     6.5038    -6.2234   -27.9329        -0.02         11    15.6241
2024-05-08 00:30:0.000000    1202385.6529     252468.3551    6237758.2715     6.3429    -6.2992   -28.2702        -0.02         11    15.4296
2024-05-08 00:30:30.000000    1202385.9675     252468.1938    6237757.8015     6.6575    -6.4605   -28.7402        -0.02         11    15.5246
2024-05-08 00:31:0.000000    1202386.1055     252468.1537    6237756.8094     6.7955    -6.5006   -29.7323        -0.02         11    15.5110
2024-05-08 00:31:30.000000    1202386.2574     252468.2043    6237757.1676     6.9474    -6.4500   -29.3741        -0.02         11    15.4269
2024-05-08 00:32:0.000000    1202386.2189     252467.9913    6237756.2755     6.9089    -6.6630   -30.2662        -0.02         11    15.3739
2024-05-08 00:32:30.000000    1202386.3158     252468.0134    6237755.8911     7.0058    -6.6409   -30.6506        -0.02         11    15.3314
2024-05-08 00:33:0.000000    1202386.6071     252468.0648    6237754.9266     7.2971    -6.5895   -31.6151        -0.03         11    15.3081
2024-05-08 00:33:30.000000    1202386.6850     252467.9237    6237754.5901     7.3750    -6.7306   -31.9516        -0.03         11    15.0861
2024-05-08 00:34:0.000000    1202386.8355     252467.8706    6237754.2576     7.5255    -6.7837   -32.2841        -0.03         11    15.0942
2024-05-08 00:34:30.000000    1202386.9253     252467.8331    6237753.5948     7.6153    -6.8212   -32.9469        -0.03         11    15.0209
2024-05-08 00:35:0.000000    1202386.9721     252467.7138    6237752.8946     7.6621    -6.9405   -33.6471        -0.03         11    15.1246
2024-05-08 00:35:30.000000    1202387.1951     252467.6919    6237752.7129     7.8851    -6.9624   -33.8288        -0.03         11    15.0267
2024-05-08 00:36:0.000000    1202387.4757     252467.5518    6237752.5283     8.1657    -7.1025   -34.0134        -0.03         11    14.8647
2024-05-08 00:36:30.000000    1202387.2561     252467.3968    6237751.3757     7.9461    -7.2575   -35.1660        -0.03         11    14.8891
2024-05-08 00:37:0.000000    1202387.5696     252467.5569    6237751.1592     8.2596    -7.0974   -35.3825        -0.03         11    14.8542
2024-05-08 00:37:30.000000    1202387.5934     252467.4713    6237750.9860     8.2834    -7.1830   -35.5557        -0.03         11    14.7310
2024-05-08 00:38:0.000000    1202387.7729     252467.4161    6237750.8127     8.4629    -7.2382   -35.7290        -0.03         11    14.7570
2024-05-08 00:38:30.000000    1202387.9689     252467.5034    6237750.3789     8.6589    -7.1509   -36.1628        -0.03         11    14.7320
2024-05-08 00:39:0.000000    1202388.0851     252467.3410    6237749.7817     8.7751    -7.3133   -36.7600        -0.03         11    14.6500
2024-05-08 00:39:30.000000    1202388.1047     252467.2092    6237749.9257     8.7947    -7.4451   -36.6160        -0.03         11    14.6720
2024-05-08 00:40:0.000000    1202388.3326     252467.1669    6237748.8683     9.0226    -7.4874   -37.6734        -0.04         11    14.6933
2024-05-08 00:40:30.000000    1202388.4039     252467.1859    6237747.5328     9.0939    -7.4684   -39.0089        -0.04         11    14.6019
2024-05-08 00:41:0.000000    1202388.4364     252467.2333    6237747.9294     9.1264    -7.4210   -38.6123        -0.04         11    14.5226
2024-05-08 00:41:30.000000    1202388.6266     252467.1000    6237747.0553     9.3166    -7.5543   -39.4864        -0.04         11    14.5412
2024-05-08 00:42:0.000000    1202388.7880     252467.0494    6237746.7013     9.4780    -7.6049   -39.8404        -0.04         11    14.3872
2024-05-08 00:42:30.000000    1202388.8829     252466.9263    6237745.8912     9.5729    -7.7280   -40.6505        -0.04         11    14.4389
2024-05-08 00:43:0.000000    1202389.1020     252466.9715    6237746.1680     9.7920    -7.6828   -40.3737        -0.04         11    14.3381
2024-05-08 00:43:30.000000    1202389.1227     252466.9707    6237745.3281     9.8127    -7.6836   -41.2136        -0.04         11    14.4503
2024-05-08 00:44:0.000000    1202389.2385     252466.8606    6237744.5664     9.9285    -7.7937   -41.9753        -0.04         11    14.3976
2024-05-08 00:44:30.000000    1202389.4829     252466.7024    6237744.4917    10.1729    -7.9519   -42.0500        -0.04         11    14.2721
2024-05-08 00:45:0.000000    1202389.5723     252466.8803    6237743.6597    10.2623    -7.7740   -42.8820        -0.04         11    14.4486
2024-05-08 00:45:30.000000    1202389.7523     252466.7130    6237743.7157    10.4423    -7.9413   -42.8260        -0.04         11    14.2458
2024-05-08 00:46:0.000000    1202389.7145     252466.6280    6237741.9720    10.4045    -8.0263   -44.5697        -0.05         11    14.3338
2024-05-08 00:46:30.000000    1202389.8925     252466.7771    6237742.4704    10.5825    -7.8772   -44.0713        -0.04         11    14.5404
2024-05-08 00:47:0.000000    1202389.9770     252466.3982    6237740.6609    10.6670    -8.2561   -45.8808        -0.05         11    14.2087
2024-05-08 00:47:30.000000    1202390.0846     252466.3490    6237740.2892    10.7746    -8.3053   -46.2525        -0.05         11    14.2960
2024-05-08 00:48:0.000000    1202389.9564     252466.2971    6237739.3801    10.6464    -8.3572   -47.1616        -0.05         12    13.9443
2024-05-08 00:48:30.000000    1202389.9889     252466.2354    6237737.8781    10.6789    -8.4189   -48.6636        -0.05         12    14.0242
2024-05-08 00:49:0.000000    1202390.1961     252466.0102    6237737.4937    10.8861    -8.6441   -49.0480        -0.05         12    14.1218
2024-05-08 00:49:30.000000    1202390.1656     252465.9602    6237736.4964    10.8556    -8.6941   -50.0453        -0.06         12    14.2390
