GPS Single Point Positioning Results (with Klobuchar Ionosphere Model)
====================================================================================================
Station: NYA200NOR
Approx Position: X=1202379.3100, Y=252474.6543, Z=6237786.5417
GPS Week: 2313

Epoch                             X (m)           Y (m)           Z (m)     dX (m)     dY (m)     dZ (m)   Clock (us) Satellites    RMS (m)
----------------------------------------------------------------------------------------------------
2024-05-11 00:00:0.000000    1202382.8597     252472.6448    6237752.1523     3.5497    -2.0095   -34.3894        -0.05          9    16.2092
2024-05-11 00:00:30.000000    1202380.3993     252469.9618    6237779.0809     1.0893    -4.6925    -7.4608         0.01         10    16.2863
2024-05-11 00:01:0.000000    1202380.4059     252469.9477    6237778.3192     1.0959    -4.7066    -8.2225         0.01         10    16.2366
2024-05-11 00:01:30.000000    1202380.3444     252469.9729    6237777.7545     1.0344    -4.6814    -8.7872         0.00         10    16.2918
2024-05-11 00:02:0.000000    1202380.5917     252470.0154    6237777.0755     1.2817    -4.6389    -9.4662         0.00         10    16.1492
2024-05-11 00:02:30.000000    1202380.6737     252470.1574    6237778.0636     1.3637    -4.4969    -8.4781         0.01         10    16.1808
2024-05-11 00:03:0.000000    1202380.7979     252469.8822    6237777.0547     1.4879    -4.7721    -9.4870         0.01         10    16.2139
2024-05-11 00:03:30.000000    1202380.8601     252470.0047    6237776.6332     1.5501    -4.6496    -9.9085         0.00         10    16.1244
2024-05-11 00:04:0.000000    1202380.9460     252469.9392    6237776.5727     1.6360    -4.7151    -9.9690         0.00         10    16.2278
2024-05-11 00:04:30.000000    1202381.1223     252469.9688    6237775.3107     1.8123    -4.6855   -11.2310         0.00         10    16.0780
2024-05-11 00:05:0.000000    1202381.2836     252470.1763    6237771.8777     1.9736    -4.4780   -14.6640        -0.01         11    15.7061
2024-05-11 00:05:30.000000    1202381.4239     252469.9093    6237771.4627     2.1139    -4.7450   -15.0790        -0.00         11    15.5539
2024-05-11 00:06:0.000000    1202381.4993     252469.7686    6237770.5713     2.1893    -4.8857   -15.9704        -0.01         11    15.5103
2024-05-11 00:06:30.000000    1202381.6690     252469.8698    6237769.7838     2.3590    -4.7845   -16.7579        -0.01         11    15.5980
2024-05-11 00:07:0.000000    1202381.8079     252469.9324    6237769.1352     2.4979    -4.7219   -17.4065        -0.01         11    15.4706
2024-05-11 00:07:30.000000    1202381.8692     252469.8436    6237768.4961     2.5592    -4.8107   -18.0456        -0.01         11    15.4756
2024-05-11 00:08:0.000000    1202382.0211     252469.9305    6237768.4841     2.7111    -4.7238   -18.0576        -0.01         11    15.5127
2024-05-11 00:08:30.000000    1202381.9242     252469.7869    6237768.0715     2.6142    -4.8674   -18.4702        -0.01         11    15.5191
2024-05-11 00:09:0.000000    1202382.2200     252469.7741    6237767.4735     2.9100    -4.8802   -19.0682        -0.01         11    15.3826
2024-05-11 00:09:30.000000    1202382.2727     252469.5375    6237766.8367     2.9627    -5.1168   -19.7050        -0.01         11    15.4234
2024-05-11 00:10:0.000000    1202382.3828     252469.7386    6237765.8537     3.0728    -4.9157   -20.6880        -0.01         11    15.2403
2024-05-11 00:10:30.000000    1202382.6072     252469.5149    6237765.9540     3.2972    -5.1394   -20.5877        -0.01         11    15.3581
2024-05-11 00:11:0.000000    1202382.6149     252469.4968    6237764.9456     3.3049    -5.1575   -21.5961        -0.01         11    15.3002
2024-05-11 00:11:30.000000    1202382.7295     252469.4642    6237765.0336     3.4195    -5.1901   -21.5081        -0.01         11    15.2261
2024-05-11 00:12:0.000000    1202382.7996     252469.5343    6237763.9420     3.4896    -5.1200   -22.5997        -0.02         11    15.1769
2024-05-11 00:12:30.000000    1202382.9590     252469.2672    6237763.3784     3.6490    -5.3871   -23.1633        -0.02         11    15.0946
2024-05-11 00:13:0.000000    1202383.1050     252469.1947    6237762.7924     3.7950    -5.4596   -23.7493        -0.02         11    15.0764
2024-05-11 00:13:30.000000    1202383.0200     252469.0911    6237761.8200     3.7100    -5.5632   -24.7217        -0.02         11    15.0687
2024-05-11 00:14:0.000000    1202383.1216     252469.2744    6237761.6319     3.8116    -5.3799   -24.9098        -0.02         11    15.0337
2024-05-11 00:14:30.000000    1202383.3311     252469.2669    6237761.6380     4.0211    -5.3874   -24.9037        -0.02         11    14.9361
2024-05-11 00:15:0.000000    1202383.2482     252469.3072    6237761.2144     3.9382    -5.3471   -25.3273        -0.02         11    14.9595
2024-05-11 00:15:30.000000    1202383.6153     252469.0786    6237760.4590     4.3053    -5.5757   -26.0827        -0.02         11    14.9433
2024-05-11 00:16:0.000000    1202383.7453     252469.2410    6237760.2889     4.4353    -5.4133   -26.2528        -0.02         11    15.0317
2024-05-11 00:16:30.000000    1202383.7147     252469.1399    6237759.6334     4.4047    -5.5144   -26.9083        -0.02         11    14.9038
2024-05-11 00:17:0.000000    1202383.8274     252469.1047    6237758.8145     4.5174    -5.5496   -27.7272        -0.02         11    14.7660
2024-05-11 00:17:30.000000    1202383.9686     252469.0409    6237758.4993     4.6586    -5.6134   -28.0424        -0.02         11    14.7823
2024-05-11 00:18:0.000000    1202384.0426     252468.8354    6237757.7692     4.7326    -5.8189   -28.7725        -0.03         11    14.7293
2024-05-11 00:18:30.000000    1202384.1409     252468.9284    6237757.7074     4.8309    -5.7259   -28.8343        -0.03         11    14.7251
2024-05-11 00:19:0.000000    1202384.1930     252468.9464    6237756.4066     4.8830    -5.7079   -30.1351        -0.03         11    14.6847
2024-05-11 00:19:30.000000    1202384.0828     252468.7933    6237756.2975     4.7728    -5.8610   -30.2442        -0.03         11    14.6779
2024-05-11 00:20:0.000000    1202384.4286     252468.8766    6237755.7042     5.1186    -5.7777   -30.8375        -0.03         11    14.6438
2024-05-11 00:20:30.000000    1202384.5184     252468.7874    6237755.2668     5.2084    -5.8669   -31.2749        -0.03         11    14.6039
2024-05-11 00:21:0.000000    1202384.5681     252468.6328    6237754.1345     5.2581    -6.0215   -32.4072        -0.03         11    14.4920
2024-05-11 00:21:30.000000    1202384.7783     252468.6369    6237754.2442     5.4683    -6.0174   -32.2975        -0.03         11    14.5032
2024-05-11 00:22:0.000000    1202384.7975     252468.6546    6237754.2804     5.4875    -5.9997   -32.2613        -0.03         11    14.4447
2024-05-11 00:22:30.000000    1202384.9396     252468.4523    6237752.7217     5.6296    -6.2020   -33.8200        -0.03         11    14.3928
2024-05-11 00:23:0.000000    1202384.9609     252468.5795    6237752.0554     5.6509    -6.0748   -34.4863        -0.03         11    14.1750
2024-05-11 00:23:30.000000    1202385.0785     252468.5047    6237752.3929     5.7685    -6.1496   -34.1488        -0.03         11    14.2752
2024-05-11 00:24:0.000000    1202385.2337     252468.5807    6237752.0663     5.9237    -6.0736   -34.4754        -0.03         11    14.3495
2024-05-11 00:24:30.000000    1202385.3717     252468.2744    6237751.3747     6.0617    -6.3799   -35.1670        -0.04         11    14.2659
2024-05-11 00:25:0.000000    1202385.5790     252468.3413    6237751.1528     6.2690    -6.3130   -35.3889        -0.03         11    14.2645
2024-05-11 00:25:30.000000    1202385.6292     252468.3022    6237750.4861     6.3192    -6.3521   -36.0556        -0.04         11    14.1747
2024-05-11 00:26:0.000000    1202385.5644     252468.1303    6237749.9411     6.2544    -6.5240   -36.6006        -0.04         11    14.0844
2024-05-11 00:26:30.000000    1202385.8009     252468.2372    6237749.4239     6.4909    -6.4171   -37.1178        -0.04         11    14.2010
2024-05-11 00:27:0.000000    1202385.9084     252468.1105    6237748.8300     6.5984    -6.5438   -37.7117        -0.04         11    14.1199
2024-05-11 00:27:30.000000    1202385.8972     252468.1489    6237748.7415     6.5872    -6.5054   -37.8002        -0.04         11    14.1035
2024-05-11 00:28:0.000000    1202386.0774     252468.1517    6237747.8465     6.7674    -6.5026   -38.6952        -0.04         11    14.1198
2024-05-11 00:28:30.000000    1202386.3973     252468.0881    6237747.2494     7.0873    -6.5662   -39.2923        -0.04         11    14.0675
2024-05-11 00:29:0.000000    1202386.3673     252467.9739    6237747.2197     7.0573    -6.6804   -39.3220        -0.04         11    14.0794
2024-05-11 00:29:30.000000    1202386.3647     252467.9907    6237746.8427     7.0547    -6.6636   -39.6990        -0.04         11    13.9437
2024-05-11 00:30:0.000000    1202386.7704     252467.9523    6237745.6565     7.4604    -6.7020   -40.8852        -0.04         11    13.8283
2024-05-11 00:30:30.000000    1202386.8495     252467.8247    6237745.9398     7.5395    -6.8296   -40.6019        -0.04         11    13.9118
2024-05-11 00:31:0.000000    1202386.8614     252467.6715    6237744.7087     7.5514    -6.9828   -41.8330        -0.04         11    13.9854
2024-05-11 00:31:30.000000    1202387.0579     252467.7114    6237744.7103     7.7479    -6.9429   -41.8314        -0.04         11    13.8608
2024-05-11 00:32:0.000000    1202387.0768     252467.6414    6237743.4155     7.7668    -7.0129   -43.1262        -0.05         11    13.8736
2024-05-11 00:32:30.000000    1202387.2185     252467.7020    6237743.3802     7.9085    -6.9523   -43.1615        -0.05         11    13.7752
2024-05-11 00:33:0.000000    1202387.4512     252467.4792    6237743.1070     8.1412    -7.1751   -43.4347        -0.05         11    13.8262
2024-05-11 00:33:30.000000    1202387.4053     252467.5743    6237742.7533     8.0953    -7.0800   -43.7884        -0.05         11    13.6719
2024-05-11 00:34:0.000000    1202387.4842     252467.3043    6237741.7133     8.1742    -7.3500   -44.8284        -0.05         11    13.7250
2024-05-11 00:34:30.000000    1202387.7452     252467.2752    6237740.5137     8.4352    -7.3791   -46.0280        -0.05         11    13.6315
2024-05-11 00:35:0.000000    1202387.9873     252467.1715    6237740.9051     8.6773    -7.4828   -45.6366        -0.05         11    13.6208
2024-05-11 00:35:30.000000    1202387.9150     252467.2311    6237739.9312     8.6050    -7.4232   -46.6105        -0.05         11    13.7891
2024-05-11 00:36:0.000000    1202387.5671     252466.8056    6237738.1033     8.2571    -7.8487   -48.4384        -0.06         12    13.6492
2024-05-11 00:36:30.000000    1202387.6757     252466.7294    6237736.9957     8.3657    -7.9249   -49.5460        -0.06         12    13.3014
2024-05-11 00:37:0.000000    1202387.8713     252466.6343    6237736.7293     8.5613    -8.0200   -49.8124        -0.06         12    13.6732
2024-05-11 00:37:30.000000    1202387.8766     252466.6966    6237736.4684     8.5666    -7.9577   -50.0733        -0.06         12    13.5182
2024-05-11 00:38:0.000000    1202388.1630     252466.5419    6237735.8753     8.8530    -8.1124   -50.6664        -0.06         12    13.6062
2024-05-11 00:38:30.000000    1202388.1267     252466.3916    6237734.4084     8.8167    -8.2627   -52.1333        -0.06         12    13.7327
2024-05-11 00:39:0.000000    1202388.1528     252466.3697    6237734.2123     8.8428    -8.2846   -52.3294        -0.06         12    13.6032
2024-05-11 00:39:30.000000    1202388.4789     252466.3034    6237733.5958     9.1689    -8.3509   -52.9459        -0.06         12    13.7067
2024-05-11 00:40:0.000000    1202388.5455     252466.4113    6237733.0024     9.2355    -8.2430   -53.5393        -0.07         12    13.8978
2024-05-11 00:40:30.000000    1202388.5957     252466.0610    6237731.8061     9.2857    -8.5933   -54.7356        -0.07         12    13.5775
2024-05-11 00:41:0.000000    1202388.5646     252466.0092    6237731.3492     9.2546    -8.6451   -55.1925        -0.07         12    13.7749
2024-05-11 00:41:30.000000    1202388.7098     252465.9845    6237730.3373     9.3998    -8.6698   -56.2044        -0.07         12    13.9082
2024-05-11 00:42:0.000000    1202388.9250     252465.9638    6237730.4270     9.6150    -8.6905   -56.1147        -0.07         12    13.9500
2024-05-11 00:42:30.000000    1202389.0371     252465.7330    6237728.9291     9.7271    -8.9213   -57.6126        -0.07         12    13.8460
2024-05-11 00:43:0.000000    1202389.0566     252465.5284    6237728.3416     9.7466    -9.1259   -58.2001        -0.07         12    13.9722
2024-05-11 00:43:30.000000    1202389.3773     252465.5407    6237727.4304    10.0673    -9.1136   -59.1113        -0.07         12    13.9259
2024-05-11 00:44:0.000000    1202389.4792     252465.4270    6237726.7499    10.1692    -9.2273   -59.7918        -0.08         12    14.0827
2024-05-11 00:44:30.000000    1202389.5251     252465.3247    6237725.8848    10.2151    -9.3296   -60.6569        -0.08         12    14.4700
2024-05-11 00:45:0.000000    1202389.8312     252464.9980    6237723.7343    10.5212    -9.6563   -62.8074        -0.08         12    13.8699
2024-05-11 00:45:30.000000    1202389.8093     252465.1049    6237725.1727    10.4993    -9.5494   -61.3690        -0.08         12    14.3644
2024-05-11 00:46:0.000000    1202389.8853     252464.8888    6237723.3684    10.5753    -9.7655   -63.1733        -0.08         12    14.2020
2024-05-11 00:46:30.000000    1202389.9210     252464.6899    6237721.8841    10.6110    -9.9644   -64.6576        -0.09         12    14.3494
2024-05-11 00:47:0.000000    1202390.9675     252462.7554    6237707.9839    11.6575   -11.8989   -78.5578        -0.11         11    10.5163
2024-05-11 00:47:30.000000    1202391.3925     252462.6776    6237706.8209    12.0825   -11.9767   -79.7208        -0.12         11    10.2638
2024-05-11 00:48:0.000000    1202391.3248     252462.6589    6237706.4226    12.0148   -11.9954   -80.1191        -0.12         11    10.3299
2024-05-11 00:48:30.000000    1202391.4778     252462.5147    6237704.2841    12.1678   -12.1396   -82.2576        -0.12         11    10.2023
2024-05-11 00:49:0.000000    1202391.5558     252462.2435    6237703.5125    12.2458   -12.4108   -83.0292        -0.12         11    10.1270
2024-05-11 00:49:30.000000    1202391.5512     252461.9799    6237702.5746    12.2412   -12.6744   -83.9671        -0.12         11     9.9493
