GPS Single Point Positioning Results (without Ionosphere Correction)
====================================================================================================
Station: NYA200NOR
Approx Position: X=1202379.3100, Y=252474.6543, Z=6237786.5417

Epoch                             X (m)           Y (m)           Z (m)     dX (m)     dY (m)     dZ (m)   Clock (us) Satellites    RMS (m)
----------------------------------------------------------------------------------------------------
2024-05-08 00:00:0.000000    1202382.1341     252469.9490    6237803.1306     2.8241    -4.7053    16.5889         0.06         11    15.9550
2024-05-08 00:00:30.000000    1202382.2014     252469.8722    6237801.8515     2.8914    -4.7821    15.3098         0.06         11    16.1010
2024-05-08 00:01:0.000000    1202381.9638     252470.0124    6237803.3636     2.6538    -4.6419    16.8219         0.06         10    16.3986
2024-05-08 00:01:30.000000    1202382.0322     252469.9484    6237803.1901     2.7222    -4.7059    16.6484         0.06         10    16.5112
2024-05-08 00:02:0.000000    1202382.1467     252469.9214    6237802.0053     2.8367    -4.7329    15.4636         0.06         10    16.4451
2024-05-08 00:02:30.000000    1202382.1861     252469.9150    6237800.7643     2.8761    -4.7393    14.2226         0.06         10    16.4758
2024-05-08 00:03:0.000000    1202382.3836     252469.7487    6237800.5237     3.0736    -4.9056    13.9820         0.06         10    16.6249
2024-05-08 00:03:30.000000    1202382.4142     252469.8580    6237799.8647     3.1042    -4.7963    13.3230         0.06         10    16.4844
2024-05-08 00:04:0.000000    1202382.6400     252469.6735    6237798.5966     3.3300    -4.9808    12.0549         0.05         10    16.4796
2024-05-08 00:04:30.000000    1202382.7975     252469.5288    6237797.5706     3.4875    -5.1255    11.0289         0.05         10    16.6592
2024-05-08 00:05:0.000000    1202382.5735     252469.6915    6237796.2799     3.2635    -4.9628     9.7382         0.05         10    16.6247
2024-05-08 00:05:30.000000    1202382.7599     252469.7158    6237795.2736     3.4499    -4.9385     8.7319         0.05         10    16.7446
2024-05-08 00:06:0.000000    1202382.7365     252469.6702    6237795.7230     3.4265    -4.9841     9.1813         0.05         10    16.7055
2024-05-08 00:06:30.000000    1202382.7766     252469.6621    6237794.4813     3.4666    -4.9922     7.9396         0.05         10    16.6940
2024-05-08 00:07:0.000000    1202382.6176     252469.5165    6237792.8210     3.3076    -5.1378     6.2793         0.04         10    16.7155
2024-05-08 00:07:30.000000    1202382.8539     252469.5821    6237792.6724     3.5439    -5.0722     6.1307         0.04         10    16.7311
2024-05-08 00:08:0.000000    1202382.9135     252469.5904    6237791.9028     3.6035    -5.0639     5.3611         0.04         10    16.9175
2024-05-08 00:08:30.000000    1202382.9658     252469.5090    6237791.8210     3.6558    -5.1453     5.2793         0.04         10    16.8639
2024-05-08 00:09:0.000000    1202382.9397     252469.5676    6237790.3712     3.6297    -5.0867     3.8295         0.04         10    16.8547
2024-05-08 00:09:30.000000    1202383.0734     252469.5141    6237789.5504     3.7634    -5.1402     3.0087         0.04         10    16.8715
2024-05-08 00:10:0.000000    1202383.0502     252469.5922    6237789.4607     3.7402    -5.0621     2.9190         0.04         10    16.9193
2024-05-08 00:10:30.000000    1202383.3268     252469.6848    6237788.4849     4.0168    -4.9695     1.9432         0.04         10    16.9813
2024-05-08 00:11:0.000000    1202383.3520     252469.5407    6237787.4653     4.0420    -5.1136     0.9236         0.03         10    16.8713
2024-05-08 00:11:30.000000    1202383.2168     252469.4591    6237787.3957     3.9068    -5.1952     0.8540         0.04         10    16.8915
2024-05-08 00:12:0.000000    1202383.4034     252469.6415    6237786.4013     4.0934    -5.0128    -0.1404         0.03         10    16.9474
2024-05-08 00:12:30.000000    1202383.5419     252469.6274    6237785.8908     4.2319    -5.0269    -0.6509         0.03         10    16.9195
2024-05-08 00:13:0.000000    1202383.5610     252469.6758    6237784.3695     4.2510    -4.9785    -2.1722         0.03         10    16.8997
2024-05-08 00:13:30.000000    1202383.5169     252469.6458    6237784.3359     4.2069    -5.0085    -2.2058         0.03         10    16.7706
2024-05-08 00:14:0.000000    1202383.6710     252469.5758    6237783.6768     4.3610    -5.0785    -2.8649         0.03         10    16.9393
2024-05-08 00:14:30.000000    1202383.6505     252469.4634    6237782.6137     4.3405    -5.1909    -3.9280         0.03         10    16.9209
2024-05-08 00:15:0.000000    1202383.9065     252469.4674    6237781.7967     4.5965    -5.1869    -4.7450         0.03         10    16.8778
2024-05-08 00:15:30.000000    1202383.9067     252469.3736    6237781.2502     4.5967    -5.2807    -5.2915         0.02         10    16.9212
2024-05-08 00:16:0.000000    1202383.9645     252469.4334    6237780.7733     4.6545    -5.2209    -5.7684         0.02         10    16.8799
2024-05-08 00:16:30.000000    1202384.2520     252469.2520    6237780.1671     4.9420    -5.4023    -6.3746         0.02         10    16.9886
2024-05-08 00:17:0.000000    1202384.4460     252469.6495    6237776.6396     5.1360    -5.0048    -9.9021         0.02         11    16.5012
2024-05-08 00:17:30.000000    1202384.4749     252469.3564    6237775.7936     5.1649    -5.2979   -10.7481         0.02         11    16.4713
2024-05-08 00:18:0.000000    1202384.5017     252469.4530    6237775.0865     5.1917    -5.2013   -11.4552         0.01         11    16.3840
2024-05-08 00:18:30.000000    1202384.4956     252469.4499    6237774.5211     5.1856    -5.2044   -12.0206         0.01         11    16.3311
2024-05-08 00:19:0.000000    1202384.5501     252469.3424    6237774.2850     5.2401    -5.3119   -12.2567         0.01         11    16.3169
2024-05-08 00:19:30.000000    1202384.6532     252469.3774    6237773.0195     5.3432    -5.2769   -13.5222         0.01         11    16.4060
2024-05-08 00:20:0.000000    1202384.6065     252469.0965    6237772.9807     5.2965    -5.5578   -13.5610         0.01         11    16.2331
2024-05-08 00:20:30.000000    1202384.8663     252469.3004    6237772.0068     5.5563    -5.3539   -14.5349         0.01         11    16.3000
2024-05-08 00:21:0.000000    1202384.9064     252469.2802    6237771.5112     5.5964    -5.3741   -15.0305         0.01         11    16.1065
2024-05-08 00:21:30.000000    1202384.8137     252469.2994    6237770.2894     5.5037    -5.3549   -16.2523         0.01         11    16.0911
2024-05-08 00:22:0.000000    1202384.9574     252469.1303    6237770.0292     5.6474    -5.5240   -16.5125         0.01         11    16.0860
2024-05-08 00:22:30.000000    1202385.0790     252469.1526    6237769.5956     5.7690    -5.5017   -16.9461         0.00         11    16.0515
2024-05-08 00:23:0.000000    1202385.0961     252469.1998    6237768.9942     5.7861    -5.4545   -17.5475         0.00         11    16.0518
2024-05-08 00:23:30.000000    1202385.2512     252469.0161    6237768.3448     5.9412    -5.6382   -18.1969         0.00         11    15.9300
2024-05-08 00:24:0.000000    1202385.3228     252469.1197    6237768.0409     6.0128    -5.5346   -18.5008         0.00         11    15.8788
2024-05-08 00:24:30.000000    1202385.5225     252469.0397    6237767.7422     6.2125    -5.6146   -18.7995         0.00         11    15.9270
2024-05-08 00:25:0.000000    1202385.5407     252468.8570    6237766.5476     6.2307    -5.7973   -19.9941         0.00         11    15.8225
2024-05-08 00:25:30.000000    1202385.5536     252468.7408    6237766.0855     6.2436    -5.9135   -20.4562        -0.00         11    15.8136
2024-05-08 00:26:0.000000    1202385.6644     252468.7944    6237765.1998     6.3544    -5.8599   -21.3419        -0.00         11    15.8119
2024-05-08 00:26:30.000000    1202385.8378     252468.7654    6237765.4279     6.5278    -5.8889   -21.1138        -0.00         11    15.7556
2024-05-08 00:27:0.000000    1202385.8277     252468.7952    6237764.9342     6.5177    -5.8591   -21.6075        -0.00         11    15.7114
2024-05-08 00:27:30.000000    1202385.8583     252468.4981    6237763.5700     6.5483    -6.1562   -22.9717        -0.00         11    15.7724
2024-05-08 00:28:0.000000    1202386.0157     252468.5679    6237763.3038     6.7057    -6.0864   -23.2379        -0.00         11    15.6584
2024-05-08 00:28:30.000000    1202386.1166     252468.5967    6237763.2660     6.8066    -6.0576   -23.2757        -0.00         11    15.5765
2024-05-08 00:29:0.000000    1202386.2442     252468.5162    6237762.4958     6.9342    -6.1381   -24.0459        -0.01         11    15.5486
2024-05-08 00:29:30.000000    1202386.3160     252468.5583    6237761.5435     7.0060    -6.0960   -24.9982        -0.01         11    15.6076
2024-05-08 00:30:0.000000    1202386.1554     252468.4832    6237761.2092     6.8454    -6.1711   -25.3325        -0.01         11    15.4137
2024-05-08 00:30:30.000000    1202386.4703     252468.3225    6237760.7421     7.1603    -6.3318   -25.7996        -0.01         11    15.5079
2024-05-08 00:31:0.000000    1202386.6085     252468.2831    6237759.7531     7.2985    -6.3712   -26.7886        -0.01         11    15.4935
2024-05-08 00:31:30.000000    1202386.7607     252468.3344    6237760.1145     7.4507    -6.3199   -26.4272        -0.01         11    15.4094
2024-05-08 00:32:0.000000    1202386.7225     252468.1221    6237759.2256     7.4125    -6.5322   -27.3161        -0.01         11    15.3563
2024-05-08 00:32:30.000000    1202386.8198     252468.1449    6237758.8446     7.5098    -6.5094   -27.6971        -0.01         11    15.3128
2024-05-08 00:33:0.000000    1202387.1114     252468.1970    6237757.8836     7.8014    -6.4573   -28.6581        -0.01         11    15.2891
2024-05-08 00:33:30.000000    1202387.1897     252468.0567    6237757.5506     7.8797    -6.5976   -28.9911        -0.01         11    15.0675
2024-05-08 00:34:0.000000    1202387.3407     252468.0043    6237757.2218     8.0307    -6.6500   -29.3199        -0.01         11    15.0746
2024-05-08 00:34:30.000000    1202387.4309     252467.9676    6237756.5627     8.1209    -6.6867   -29.9790        -0.01         11    15.0013
2024-05-08 00:35:0.000000    1202387.4782     252467.8490    6237755.8663     8.1682    -6.8053   -30.6754        -0.02         11    15.1044
2024-05-08 00:35:30.000000    1202387.7017     252467.8279    6237755.6885     8.3917    -6.8264   -30.8532        -0.02         11    15.0060
2024-05-08 00:36:0.000000    1202387.9828     252467.6886    6237755.5080     8.6728    -6.9657   -31.0337        -0.02         11    14.8442
2024-05-08 00:36:30.000000    1202387.7636     252467.5344    6237754.3595     8.4536    -7.1199   -32.1822        -0.02         11    14.8681
2024-05-08 00:37:0.000000    1202388.0777     252467.6954    6237754.1471     8.7677    -6.9589   -32.3946        -0.02         11    14.8331
2024-05-08 00:37:30.000000    1202388.1021     252467.6106    6237753.9783     8.7921    -7.0437   -32.5634        -0.02         11    14.7094
2024-05-08 00:38:0.000000    1202388.2821     252467.5562    6237753.8093     8.9721    -7.0981   -32.7324        -0.02         11    14.7353
2024-05-08 00:38:30.000000    1202388.4787     252467.6443    6237753.3800     9.1687    -7.0100   -33.1617        -0.02         11    14.7104
2024-05-08 00:39:0.000000    1202388.5955     252467.4828    6237752.7874     9.2855    -7.1715   -33.7543        -0.02         11    14.6280
2024-05-08 00:39:30.000000    1202388.6157     252467.3519    6237752.9360     9.3057    -7.3024   -33.6057        -0.02         11    14.6501
2024-05-08 00:40:0.000000    1202388.8443     252467.3105    6237751.8833     9.5343    -7.3438   -34.6584        -0.02         11    14.6712
2024-05-08 00:40:30.000000    1202388.9163     252467.3304    6237750.5526     9.6063    -7.3239   -35.9891        -0.02         11    14.5793
2024-05-08 00:41:0.000000    1202388.9494     252467.3787    6237750.9541     9.6394    -7.2756   -35.5876        -0.02         11    14.5004
2024-05-08 00:41:30.000000    1202389.1403     252467.2464    6237750.0850     9.8303    -7.4079   -36.4567        -0.02         11    14.5189
2024-05-08 00:42:0.000000    1202389.3024     252467.1966    6237749.7361     9.9924    -7.4577   -36.8056        -0.02         11    14.3646
2024-05-08 00:42:30.000000    1202389.3980     252467.0745    6237748.9311    10.0880    -7.5798   -37.6106        -0.03         11    14.4166
2024-05-08 00:43:0.000000    1202389.6178     252467.1206    6237749.2131    10.3078    -7.5337   -37.3286        -0.02         11    14.3154
2024-05-08 00:43:30.000000    1202389.6393     252467.1207    6237748.3785    10.3293    -7.5336   -38.1632        -0.03         11    14.4280
2024-05-08 00:44:0.000000    1202389.7559     252467.0116    6237747.6223    10.4459    -7.6427   -38.9194        -0.03         11    14.3757
2024-05-08 00:44:30.000000    1202390.0010     252466.8545    6237747.5530    10.6910    -7.7998   -38.9887        -0.03         11    14.2498
2024-05-08 00:45:0.000000    1202390.0912     252467.0333    6237746.7266    10.7812    -7.6210   -39.8151        -0.03         11    14.4274
2024-05-08 00:45:30.000000    1202390.2719     252466.8670    6237746.7882    10.9619    -7.7873   -39.7535        -0.03         11    14.2244
2024-05-08 00:46:0.000000    1202390.2349     252466.7830    6237745.0502    10.9249    -7.8713   -41.4915        -0.03         11    14.3128
2024-05-08 00:46:30.000000    1202390.4138     252466.9331    6237745.5544    11.1038    -7.7212   -40.9873        -0.03         11    14.5205
2024-05-08 00:47:0.000000    1202390.4990     252466.5553    6237743.7507    11.1890    -8.0990   -42.7910        -0.03         11    14.1877
2024-05-08 00:47:30.000000    1202390.6074     252466.5070    6237743.3849    11.2974    -8.1473   -43.1568        -0.04         11    14.2762
2024-05-08 00:48:0.000000    1202390.4940     252466.4638    6237742.5280    11.1840    -8.1905   -44.0137        -0.04         12    13.9082
2024-05-08 00:48:30.000000    1202390.5274     252466.4033    6237741.0324    11.2174    -8.2510   -45.5093        -0.04         12    13.9867
2024-05-08 00:49:0.000000    1202390.7355     252466.1792    6237740.6544    11.4255    -8.4751   -45.8873        -0.04         12    14.0860
2024-05-08 00:49:30.000000    1202390.7060     252466.1304    6237739.6635    11.3960    -8.5239   -46.8782        -0.04         12    14.2027
