GPS Single Point Positioning Results (without Ionosphere Correction)
====================================================================================================
Station: NYA200NOR
Approx Position: X=1202379.3100, Y=252474.6543, Z=6237786.5417

Epoch                             X (m)           Y (m)           Z (m)     dX (m)     dY (m)     dZ (m)   Clock (us) Satellites    RMS (m)
----------------------------------------------------------------------------------------------------
2024-05-11 00:00:0.000000    1202383.3830     252472.7700    6237754.8536     4.0730    -1.8843   -31.6881        -0.04          9    16.2306
2024-05-11 00:00:30.000000    1202380.9124     252470.0777    6237781.8802     1.6024    -4.5766    -4.6615         0.02         10    16.3107
2024-05-11 00:01:0.000000    1202380.9186     252470.0640    6237781.1161     1.6086    -4.5903    -5.4256         0.02         10    16.2597
2024-05-11 00:01:30.000000    1202380.8568     252470.0896    6237780.5491     1.5468    -4.5647    -5.9926         0.02         10    16.3136
2024-05-11 00:02:0.000000    1202381.1038     252470.1325    6237779.8682     1.7938    -4.5218    -6.6735         0.02         10    16.1701
2024-05-11 00:02:30.000000    1202381.1855     252470.2749    6237780.8544     1.8755    -4.3794    -5.6873         0.02         10    16.2007
2024-05-11 00:03:0.000000    1202381.3094     252470.0001    6237779.8440     1.9994    -4.6542    -6.6977         0.02         10    16.2323
2024-05-11 00:03:30.000000    1202381.3713     252470.1230    6237779.4211     2.0613    -4.5313    -7.1206         0.02         10    16.1416
2024-05-11 00:04:0.000000    1202381.4569     252470.0578    6237779.3596     2.1469    -4.5965    -7.1821         0.02         10    16.2439
2024-05-11 00:04:30.000000    1202381.6330     252470.0879    6237778.0967     2.3230    -4.5664    -8.4450         0.02         10    16.0928
2024-05-11 00:05:0.000000    1202381.7877     252470.2915    6237774.7735     2.4777    -4.3628   -11.7682         0.01         11    15.6933
2024-05-11 00:05:30.000000    1202381.9277     252470.0249    6237774.3590     2.6177    -4.6294   -12.1827         0.01         11    15.5453
2024-05-11 00:06:0.000000    1202382.0028     252469.8846    6237773.4682     2.6928    -4.7697   -13.0735         0.01         11    15.5015
2024-05-11 00:06:30.000000    1202382.1722     252469.9861    6237772.6814     2.8622    -4.6682   -13.8603         0.01         11    15.5878
2024-05-11 00:07:0.000000    1202382.3108     252470.0492    6237772.0335     3.0008    -4.6051   -14.5082         0.00         11    15.4619
2024-05-11 00:07:30.000000    1202382.3718     252469.9608    6237771.3953     3.0618    -4.6935   -15.1464         0.00         11    15.4668
2024-05-11 00:08:0.000000    1202382.5235     252470.0481    6237771.3843     3.2135    -4.6062   -15.1574         0.00         11    15.5027
2024-05-11 00:08:30.000000    1202382.4264     252469.9050    6237770.9728     3.1164    -4.7493   -15.5689         0.00         11    15.5083
2024-05-11 00:09:0.000000    1202382.7220     252469.8927    6237770.3760     3.4120    -4.7616   -16.1657         0.00         11    15.3728
2024-05-11 00:09:30.000000    1202382.7745     252469.6565    6237769.7405     3.4645    -4.9978   -16.8012         0.00         11    15.4138
2024-05-11 00:10:0.000000    1202382.8845     252469.8581    6237768.7589     3.5745    -4.7962   -17.7828        -0.00         11    15.2296
2024-05-11 00:10:30.000000    1202383.1087     252469.6349    6237768.8607     3.7987    -5.0194   -17.6810         0.00         11    15.3465
2024-05-11 00:11:0.000000    1202383.1163     252469.6173    6237767.8538     3.8063    -5.0370   -18.6879        -0.00         11    15.2887
2024-05-11 00:11:30.000000    1202383.2309     252469.5852    6237767.9435     3.9209    -5.0691   -18.5982        -0.00         11    15.2144
2024-05-11 00:12:0.000000    1202383.3010     252469.6558    6237766.8537     3.9910    -4.9985   -19.6880        -0.00         11    15.1643
2024-05-11 00:12:30.000000    1202383.4603     252469.3893    6237766.2920     4.1503    -5.2650   -20.2497        -0.00         11    15.0832
2024-05-11 00:13:0.000000    1202383.6063     252469.3173    6237765.7080     4.2963    -5.3370   -20.8337        -0.00         11    15.0650
2024-05-11 00:13:30.000000    1202383.5213     252469.2143    6237764.7377     4.2113    -5.4400   -21.8040        -0.01         11    15.0554
2024-05-11 00:14:0.000000    1202383.6230     252469.3981    6237764.5517     4.3130    -5.2562   -21.9900        -0.01         11    15.0189
2024-05-11 00:14:30.000000    1202383.8325     252469.3912    6237764.5601     4.5225    -5.2631   -21.9816        -0.01         11    14.9224
2024-05-11 00:15:0.000000    1202383.7497     252469.4321    6237764.1389     4.4397    -5.2222   -22.4028        -0.01         11    14.9456
2024-05-11 00:15:30.000000    1202384.1170     252469.2040    6237763.3859     4.8070    -5.4503   -23.1558        -0.01         11    14.9282
2024-05-11 00:16:0.000000    1202384.2471     252469.3670    6237763.2184     4.9371    -5.2873   -23.3233        -0.01         11    15.0160
2024-05-11 00:16:30.000000    1202384.2167     252469.2666    6237762.5655     4.9067    -5.3877   -23.9762        -0.01         11    14.8886
2024-05-11 00:17:0.000000    1202384.3296     252469.2320    6237761.7494     5.0196    -5.4223   -24.7923        -0.01         11    14.7497
2024-05-11 00:17:30.000000    1202384.4711     252469.1688    6237761.4371     5.1611    -5.4855   -25.1046        -0.01         11    14.7648
2024-05-11 00:18:0.000000    1202384.5453     252468.9640    6237760.7100     5.2353    -5.6903   -25.8317        -0.01         11    14.7115
2024-05-11 00:18:30.000000    1202384.6438     252469.0577    6237760.6512     5.3338    -5.5966   -25.8905        -0.01         11    14.7075
2024-05-11 00:19:0.000000    1202384.6962     252469.0764    6237759.3535     5.3862    -5.5779   -27.1882        -0.01         11    14.6661
2024-05-11 00:19:30.000000    1202384.5864     252468.9240    6237759.2477     5.2764    -5.7303   -27.2940        -0.01         11    14.6593
2024-05-11 00:20:0.000000    1202384.9325     252469.0080    6237758.6577     5.6225    -5.6463   -27.8840        -0.01         11    14.6243
2024-05-11 00:20:30.000000    1202385.0226     252468.9195    6237758.2237     5.7126    -5.7348   -28.3180        -0.02         11    14.5841
2024-05-11 00:21:0.000000    1202385.0727     252468.7656    6237757.0949     5.7627    -5.8887   -29.4468        -0.02         11    14.4719
2024-05-11 00:21:30.000000    1202385.2833     252468.7705    6237757.2082     5.9733    -5.8838   -29.3335        -0.02         11    14.4823
2024-05-11 00:22:0.000000    1202385.3029     252468.7889    6237757.2481     5.9929    -5.8654   -29.2936        -0.02         11    14.4235
2024-05-11 00:22:30.000000    1202385.4455     252468.5875    6237755.6932     6.1355    -6.0668   -30.8485        -0.02         11    14.3713
2024-05-11 00:23:0.000000    1202385.4673     252468.7154    6237755.0308     6.1573    -5.9389   -31.5109        -0.02         11    14.1527
2024-05-11 00:23:30.000000    1202385.5853     252468.6414    6237755.3722     6.2753    -6.0129   -31.1695        -0.02         11    14.2532
2024-05-11 00:24:0.000000    1202385.7411     252468.7182    6237755.0497     6.4311    -5.9361   -31.4920        -0.02         11    14.3272
2024-05-11 00:24:30.000000    1202385.8795     252468.4127    6237754.3623     6.5695    -6.2416   -32.1794        -0.02         11    14.2434
2024-05-11 00:25:0.000000    1202386.0874     252468.4804    6237754.1447     6.7774    -6.1739   -32.3970        -0.02         11    14.2412
2024-05-11 00:25:30.000000    1202386.1382     252468.4422    6237753.4822     6.8282    -6.2121   -33.0595        -0.02         11    14.1515
2024-05-11 00:26:0.000000    1202386.0739     252468.2712    6237752.9417     6.7639    -6.3831   -33.6000        -0.02         11    14.0610
2024-05-11 00:26:30.000000    1202386.3111     252468.3789    6237752.4290     7.0011    -6.2754   -34.1127        -0.02         11    14.1771
2024-05-11 00:27:0.000000    1202386.4192     252468.2531    6237751.8397     7.1092    -6.4012   -34.7020        -0.02         11    14.0962
2024-05-11 00:27:30.000000    1202386.4086     252468.2924    6237751.7559     7.0986    -6.3619   -34.7858        -0.03         11    14.0797
2024-05-11 00:28:0.000000    1202386.5894     252468.2961    6237750.8657     7.2794    -6.3582   -35.6760        -0.03         11    14.0956
2024-05-11 00:28:30.000000    1202386.9100     252468.2333    6237750.2734     7.6000    -6.4210   -36.2683        -0.03         11    14.0431
2024-05-11 00:29:0.000000    1202386.8807     252468.1200    6237750.2486     7.5707    -6.5343   -36.2931        -0.03         11    14.0550
2024-05-11 00:29:30.000000    1202386.8788     252468.1378    6237749.8767     7.5688    -6.5165   -36.6650        -0.03         11    13.9190
2024-05-11 00:30:0.000000    1202387.2852     252468.1004    6237748.6955     7.9752    -6.5539   -37.8462        -0.03         11    13.8035
2024-05-11 00:30:30.000000    1202387.3651     252467.9737    6237748.9840     8.0551    -6.6806   -37.5577        -0.03         11    13.8874
2024-05-11 00:31:0.000000    1202387.3777     252467.8214    6237747.7582     8.0677    -6.8329   -38.7835        -0.03         11    13.9607
2024-05-11 00:31:30.000000    1202387.5749     252467.8623    6237747.7652     8.2649    -6.7920   -38.7765        -0.03         11    13.8365
2024-05-11 00:32:0.000000    1202387.5945     252467.7932    6237746.4757     8.2845    -6.8611   -40.0660        -0.03         11    13.8497
2024-05-11 00:32:30.000000    1202387.7371     252467.8548    6237746.4459     8.4271    -6.7995   -40.0958        -0.03         11    13.7504
2024-05-11 00:33:0.000000    1202387.9705     252467.6331    6237746.1783     8.6605    -7.0212   -40.3634        -0.03         11    13.8028
2024-05-11 00:33:30.000000    1202387.9254     252467.7292    6237745.8302     8.6154    -6.9251   -40.7115        -0.03         11    13.6483
2024-05-11 00:34:0.000000    1202388.0051     252467.4602    6237744.7960     8.6951    -7.1941   -41.7457        -0.04         11    13.7014
2024-05-11 00:34:30.000000    1202388.2669     252467.4321    6237743.6022     8.9569    -7.2222   -42.9395        -0.04         11    13.6080
2024-05-11 00:35:0.000000    1202388.5098     252467.3294    6237743.9994     9.1998    -7.3249   -42.5423        -0.04         11    13.5987
2024-05-11 00:35:30.000000    1202388.4383     252467.3900    6237743.0315     9.1283    -7.2643   -43.5102        -0.04         11    13.7673
2024-05-11 00:36:0.000000    1202388.1052     252466.9733    6237741.2558     8.7952    -7.6810   -45.2859        -0.04         12    13.6041
2024-05-11 00:36:30.000000    1202388.2147     252466.8982    6237740.1547     8.9047    -7.7561   -46.3870        -0.04         12    13.2593
2024-05-11 00:37:0.000000    1202388.4112     252466.8042    6237739.8946     9.1012    -7.8501   -46.6471        -0.05         12    13.6312
2024-05-11 00:37:30.000000    1202388.4174     252466.8677    6237739.6401     9.1074    -7.7866   -46.9016        -0.04         12    13.4774
2024-05-11 00:38:0.000000    1202388.7046     252466.7141    6237739.0535     9.3946    -7.9402   -47.4882        -0.05         12    13.5664
2024-05-11 00:38:30.000000    1202388.6692     252466.5650    6237737.5930     9.3592    -8.0893   -48.9487        -0.05         12    13.6956
2024-05-11 00:39:0.000000    1202388.6962     252466.5442    6237737.4034     9.3862    -8.1101   -49.1383        -0.05         12    13.5666
2024-05-11 00:39:30.000000    1202389.0231     252466.4790    6237736.7934     9.7131    -8.1753   -49.7483        -0.05         12    13.6714
2024-05-11 00:40:0.000000    1202389.0906     252466.5881    6237736.2065     9.7806    -8.0662   -50.3352        -0.05         12    13.8643
2024-05-11 00:40:30.000000    1202389.1416     252466.2389    6237735.0166     9.8316    -8.4154   -51.5251        -0.05         12    13.5444
2024-05-11 00:41:0.000000    1202389.1112     252466.1882    6237734.5663     9.8012    -8.4661   -51.9754        -0.05         12    13.7439
2024-05-11 00:41:30.000000    1202389.2572     252466.1646    6237733.5608     9.9472    -8.4897   -52.9809        -0.06         12    13.8793
2024-05-11 00:42:0.000000    1202389.4732     252466.1450    6237733.6571    10.1632    -8.5093   -52.8846        -0.06         12    13.9236
2024-05-11 00:42:30.000000    1202389.5860     252465.9153    6237732.1656    10.2760    -8.7390   -54.3761        -0.06         12    13.8205
2024-05-11 00:43:0.000000    1202389.6063     252465.7117    6237731.5847    10.2963    -8.9426   -54.9570        -0.06         12    13.9481
2024-05-11 00:43:30.000000    1202389.9277     252465.7251    6237730.6800    10.6177    -8.9292   -55.8617        -0.06         12    13.9031
2024-05-11 00:44:0.000000    1202390.0303     252465.6125    6237730.0059    10.7203    -9.0418   -56.5358        -0.06         12    14.0618
2024-05-11 00:44:30.000000    1202390.0769     252465.5112    6237729.1473    10.7669    -9.1431   -57.3944        -0.06         12    14.4514
2024-05-11 00:45:0.000000    1202390.3836     252465.1855    6237727.0033    11.0736    -9.4688   -59.5384        -0.07         12    13.8514
2024-05-11 00:45:30.000000    1202390.3624     252465.2935    6237728.4481    11.0524    -9.3608   -58.0936        -0.07         12    14.3491
2024-05-11 00:46:0.000000    1202390.4391     252465.0784    6237726.6502    11.1291    -9.5759   -59.8915        -0.07         12    14.1879
2024-05-11 00:46:30.000000    1202390.4754     252464.8805    6237725.1723    11.1654    -9.7738   -61.3694        -0.07         12    14.3378
2024-05-11 00:47:0.000000    1202391.5271     252462.9387    6237711.2171    12.2171   -11.7156   -75.3246        -0.10         11    10.4584
2024-05-11 00:47:30.000000    1202391.9526     252462.8619    6237710.0606    12.6426   -11.7924   -76.4811        -0.10         11    10.2074
2024-05-11 00:48:0.000000    1202391.8854     252462.8441    6237709.6689    12.5754   -11.8102   -76.8728        -0.10         11    10.2729
2024-05-11 00:48:30.000000    1202392.0389     252462.7009    6237707.5370    12.7289   -11.9534   -79.0047        -0.11         11    10.1486
2024-05-11 00:49:0.000000    1202392.1174     252462.4306    6237706.7719    12.8074   -12.2237   -79.7698        -0.11         11    10.0732
2024-05-11 00:49:30.000000    1202392.1133     252462.1680    6237705.8406    12.8033   -12.4863   -80.7011        -0.11         11     9.8976
