GPS Single Point Positioning Results (without Ionosphere Correction)
====================================================================================================
Station: WTZR00DEU
Approx Position: X=4075580.8863, Y=931853.5784, Z=4801567.9707

Epoch                             X (m)           Y (m)           Z (m)     dX (m)     dY (m)     dZ (m)   Clock (us) Satellites    RMS (m)
----------------------------------------------------------------------------------------------------
2024-05-08 00:00:0.000000    4075554.9147     931847.1688    4801543.3316   -25.9716    -6.4096   -24.6391         0.01          9    11.0130
2024-05-08 00:00:30.000000    4075555.0308     931847.1447    4801543.1796   -25.8555    -6.4337   -24.7911         0.01          9    10.9579
2024-05-08 00:01:0.000000    4075555.1107     931847.1730    4801542.7957   -25.7756    -6.4054   -25.1750         0.01          9    10.8771
2024-05-08 00:01:30.000000    4075555.3040     931847.2376    4801542.7838   -25.5823    -6.3408   -25.1869         0.01          9    10.7895
2024-05-08 00:02:0.000000    4075555.3597     931847.2480    4801542.5385   -25.5266    -6.3304   -25.4322         0.01          9    10.7150
2024-05-08 00:02:30.000000    4075555.4089     931847.2115    4801542.2649   -25.4774    -6.3669   -25.7058         0.01          9    10.6616
2024-05-08 00:03:0.000000    4075555.4472     931847.1976    4801542.1035   -25.4391    -6.3808   -25.8672         0.01          9    10.6072
2024-05-08 00:03:30.000000    4075555.3719     931847.1101    4801541.8061   -25.5144    -6.4683   -26.1646         0.01          9    10.5938
2024-05-08 00:04:0.000000    4075555.5274     931846.9687    4801541.9342   -25.3589    -6.6097   -26.0365         0.01          9    10.5923
2024-05-08 00:04:30.000000    4075555.5105     931846.7997    4801541.4909   -25.3758    -6.7787   -26.4798         0.01          9    10.6320
2024-05-08 00:05:0.000000    4075555.6786     931846.7427    4801541.2401   -25.2077    -6.8357   -26.7306         0.01          9    10.5839
2024-05-08 00:05:30.000000    4075555.7906     931846.6616    4801541.4271   -25.0957    -6.9168   -26.5436         0.01          9    10.4981
2024-05-08 00:06:0.000000    4075555.9211     931846.7640    4801541.1000   -24.9652    -6.8144   -26.8707         0.01          9    10.4504
2024-05-08 00:06:30.000000    4075556.2160     931846.7084    4801541.2733   -24.6703    -6.8700   -26.6974         0.01          9    10.3655
2024-05-08 00:07:0.000000    4075556.4064     931846.7675    4801541.0385   -24.4799    -6.8109   -26.9322         0.01          9    10.2422
2024-05-08 00:07:30.000000    4075556.4592     931846.6892    4801540.9329   -24.4271    -6.8892   -27.0378         0.01          9    10.2217
2024-05-08 00:08:0.000000    4075556.6556     931846.7085    4801540.9804   -24.2307    -6.8699   -26.9903         0.01          9    10.1475
2024-05-08 00:08:30.000000    4075556.8266     931846.7897    4801540.7913   -24.0597    -6.7887   -27.1794         0.01          9    10.1539
2024-05-08 00:09:0.000000    4075556.8087     931846.7142    4801540.4953   -24.0776    -6.8642   -27.4754         0.01          9    10.0874
2024-05-08 00:09:30.000000    4075556.9112     931846.7085    4801540.1821   -23.9751    -6.8699   -27.7886         0.01          9    10.1240
2024-05-08 00:10:0.000000    4075557.0906     931846.7118    4801540.0495   -23.7957    -6.8666   -27.9212         0.01          9    10.0879
2024-05-08 00:10:30.000000    4075557.1992     931846.6643    4801539.9958   -23.6871    -6.9141   -27.9749         0.01          9    10.0198
2024-05-08 00:11:0.000000    4075557.3096     931846.5967    4801540.0504   -23.5767    -6.9817   -27.9203         0.01          9     9.9985
2024-05-08 00:11:30.000000    4075568.0625     931847.2139    4801547.1461   -12.8238    -6.3645   -20.8246         0.04         10    18.5742
2024-05-08 00:12:0.000000    4075568.1997     931847.2386    4801547.1259   -12.6866    -6.3398   -20.8448         0.04         10    18.5229
2024-05-08 00:12:30.000000    4075568.1654     931847.2203    4801546.8657   -12.7209    -6.3581   -21.1050         0.04         10    18.4925
2024-05-08 00:13:0.000000    4075568.3263     931847.2197    4801546.9253   -12.5600    -6.3587   -21.0454         0.05         10    18.4543
2024-05-08 00:13:30.000000    4075568.4801     931847.2204    4801546.6736   -12.4062    -6.3580   -21.2971         0.04         10    18.4255
2024-05-08 00:14:0.000000    4075568.6068     931847.2155    4801546.3204   -12.2795    -6.3629   -21.6503         0.04         10    18.3990
2024-05-08 00:14:30.000000    4075568.6952     931847.2011    4801546.6097   -12.1911    -6.3773   -21.3610         0.05         10    18.3141
2024-05-08 00:15:0.000000    4075568.7621     931847.3050    4801546.2360   -12.1242    -6.2734   -21.7347         0.04         10    18.3097
2024-05-08 00:15:30.000000    4075568.7588     931847.2705    4801546.3883   -12.1275    -6.3079   -21.5824         0.05         10    18.2652
2024-05-08 00:16:0.000000    4075569.0078     931847.4865    4801546.0952   -11.8785    -6.0919   -21.8755         0.04         10    18.2711
2024-05-08 00:16:30.000000    4075569.2256     931847.5808    4801546.4129   -11.6607    -5.9976   -21.5578         0.05         10    18.1316
2024-05-08 00:17:0.000000    4075569.2208     931847.3748    4801546.4960   -11.6655    -6.2036   -21.4747         0.05         10    18.1044
2024-05-08 00:17:30.000000    4075569.4271     931847.3917    4801546.2797   -11.4592    -6.1867   -21.6910         0.05         10    18.0968
2024-05-08 00:18:0.000000    4075569.6922     931847.5123    4801546.2421   -11.1941    -6.0661   -21.7286         0.05         10    17.9770
2024-05-08 00:18:30.000000    4075569.7542     931847.5284    4801546.0330   -11.1321    -6.0500   -21.9377         0.05         10    17.9627
2024-05-08 00:19:0.000000    4075569.5980     931847.3085    4801546.0568   -11.2883    -6.2699   -21.9139         0.05         10    17.9666
2024-05-08 00:19:30.000000    4075569.8243     931847.4869    4801545.7240   -11.0620    -6.0915   -22.2467         0.05         10    17.9140
2024-05-08 00:20:0.000000    4075570.4140     931847.8682    4801545.9338   -10.4723    -5.7102   -22.0369         0.05         10    17.7452
2024-05-08 00:20:30.000000    4075570.6558     931847.8786    4801546.0288   -10.2305    -5.6998   -21.9419         0.05         10    17.7381
2024-05-08 00:21:0.000000    4075570.7019     931847.6370    4801546.2557   -10.1844    -5.9414   -21.7150         0.05         10    17.7504
2024-05-08 00:21:30.000000    4075570.8945     931847.6383    4801546.1379    -9.9918    -5.9401   -21.8328         0.05         10    17.6993
2024-05-08 00:22:0.000000    4075571.4200     931847.9733    4801546.2040    -9.4663    -5.6051   -21.7667         0.05         10    17.5814
2024-05-08 00:22:30.000000    4075571.6526     931848.1735    4801546.3218    -9.2337    -5.4049   -21.6489         0.05         10    17.4769
2024-05-08 00:23:0.000000    4075571.7485     931848.1587    4801546.2787    -9.1378    -5.4197   -21.6920         0.05         10    17.4977
2024-05-08 00:23:30.000000    4075571.8570     931848.0656    4801546.2854    -9.0293    -5.5128   -21.6853         0.05         10    17.4814
2024-05-08 00:24:0.000000    4075572.1222     931848.1557    4801546.2330    -8.7641    -5.4227   -21.7377         0.05         10    17.4250
2024-05-08 00:24:30.000000    4075572.5564     931848.3198    4801546.5455    -8.3299    -5.2586   -21.4252         0.05         10    17.3777
2024-05-08 00:25:0.000000    4075572.8835     931848.3839    4801546.6607    -8.0028    -5.1945   -21.3100         0.05         10    17.3377
2024-05-08 00:25:30.000000    4075573.0425     931848.3330    4801546.6085    -7.8438    -5.2454   -21.3622         0.05         10    17.3238
2024-05-08 00:26:0.000000    4075573.3358     931848.2707    4801546.7002    -7.5505    -5.3077   -21.2705         0.05         10    17.3063
2024-05-08 00:26:30.000000    4075573.5026     931848.1921    4801546.8730    -7.3837    -5.3863   -21.0977         0.05         10    17.2399
2024-05-08 00:27:0.000000    4075573.7438     931848.3015    4801546.9599    -7.1425    -5.2769   -21.0108         0.06         10    17.1856
2024-05-08 00:27:30.000000    4075573.9262     931848.3156    4801546.8866    -6.9601    -5.2628   -21.0841         0.06         10    17.1515
2024-05-08 00:28:0.000000    4075574.0789     931848.2983    4801546.5938    -6.8074    -5.2801   -21.3769         0.06         10    17.0754
2024-05-08 00:28:30.000000    4075574.2434     931848.2514    4801546.6442    -6.6429    -5.3270   -21.3265         0.06         10    17.0595
2024-05-08 00:29:0.000000    4075574.6291     931848.3195    4801546.8359    -6.2572    -5.2589   -21.1348         0.06         10    16.9785
2024-05-08 00:29:30.000000    4075567.1319     931847.8033    4801541.8499   -13.7544    -5.7751   -26.1208         0.03          9     9.5938
2024-05-08 00:30:0.000000    4075567.6712     931848.0133    4801542.1086   -13.2151    -5.5651   -25.8621         0.03          8    10.1793
2024-05-08 00:30:30.000000    4075568.0484     931848.1724    4801542.1859   -12.8379    -5.4060   -25.7848         0.03          8    10.1814
2024-05-08 00:31:0.000000    4075568.2786     931848.1696    4801542.0111   -12.6077    -5.4088   -25.9596         0.04          8    10.1824
2024-05-08 00:31:30.000000    4075568.6640     931848.2506    4801542.1029   -12.2223    -5.3278   -25.8678         0.04          8    10.2506
2024-05-08 00:32:0.000000    4075569.2530     931848.3400    4801542.5497   -11.6333    -5.2384   -25.4210         0.04          8    10.3173
2024-05-08 00:32:30.000000    4075569.8007     931848.4597    4801542.9170   -11.0856    -5.1187   -25.0537         0.04          8    10.3787
2024-05-08 00:33:0.000000    4075570.1736     931848.5841    4801543.2209   -10.7127    -4.9943   -24.7498         0.04          8    10.3601
2024-05-08 00:33:30.000000    4075570.4900     931848.7132    4801543.5122   -10.3963    -4.8652   -24.4585         0.04          8    10.3599
2024-05-08 00:34:0.000000    4075570.9482     931848.7862    4801543.7698    -9.9381    -4.7922   -24.2009         0.04          8    10.3774
2024-05-08 00:34:30.000000    4075571.5004     931848.9097    4801544.2012    -9.3859    -4.6687   -23.7695         0.05          8    10.4496
2024-05-08 00:35:0.000000    4075571.9731     931848.9916    4801544.4469    -8.9132    -4.5868   -23.5238         0.05          8    10.5137
2024-05-08 00:35:30.000000    4075572.4479     931848.9631    4801544.6660    -8.4384    -4.6153   -23.3047         0.05          8    10.5360
2024-05-08 00:36:0.000000    4075572.9853     931849.0760    4801545.0554    -7.9010    -4.5024   -22.9153         0.05          8    10.5766
2024-05-08 00:36:30.000000    4075573.5053     931849.2186    4801545.4757    -7.3810    -4.3598   -22.4950         0.05          8    10.6271
2024-05-08 00:37:0.000000    4075573.9527     931849.3196    4801545.7341    -6.9336    -4.2588   -22.2366         0.05          8    10.6630
2024-05-08 00:37:30.000000    4075574.2628     931849.3556    4801546.0858    -6.6235    -4.2228   -21.8849         0.05          8    10.7092
2024-05-08 00:38:0.000000    4075574.6732     931849.3782    4801546.4390    -6.2131    -4.2002   -21.5317         0.05          8    10.7755
2024-05-08 00:38:30.000000    4075575.2433     931849.4895    4801546.6540    -5.6430    -4.0889   -21.3167         0.06          8    10.8452
2024-05-08 00:39:0.000000    4075575.8070     931849.6143    4801546.9769    -5.0793    -3.9641   -20.9938         0.06          8    10.8645
2024-05-08 00:39:30.000000    4075576.3891     931849.7535    4801547.3288    -4.4972    -3.8249   -20.6419         0.06          8    10.8969
2024-05-08 00:40:0.000000    4075576.8979     931849.7890    4801547.7362    -3.9884    -3.7894   -20.2345         0.06          8    10.9759
2024-05-08 00:40:30.000000    4075577.3904     931849.8293    4801547.9414    -3.4959    -3.7491   -20.0293         0.06          8    11.0788
2024-05-08 00:41:0.000000    4075577.8599     931849.8548    4801548.0911    -3.0264    -3.7236   -19.8796         0.06          8    11.1484
2024-05-08 00:41:30.000000    4075578.4237     931849.9161    4801548.4000    -2.4626    -3.6623   -19.5707         0.07          8    11.2266
2024-05-08 00:42:0.000000    4075578.9394     931850.0305    4801548.8251    -1.9469    -3.5479   -19.1456         0.07          8    11.2687
2024-05-08 00:42:30.000000    4075579.3432     931850.1270    4801549.0811    -1.5431    -3.4514   -18.8896         0.07          8    11.2699
2024-05-08 00:43:0.000000    4075579.8168     931850.3339    4801549.3592    -1.0695    -3.2445   -18.6115         0.07          8    11.3363
2024-05-08 00:43:30.000000    4075580.1906     931850.4604    4801549.4632    -0.6957    -3.1180   -18.5075         0.07          8    11.3857
2024-05-08 00:44:0.000000    4075580.6383     931850.6132    4801549.4874    -0.2480    -2.9652   -18.4833         0.07          8    11.4266
2024-05-08 00:44:30.000000    4075581.0387     931850.6388    4801549.6098     0.1524    -2.9396   -18.3609         0.07          8    11.5066
2024-05-08 00:45:0.000000    4075581.4786     931850.7531    4801549.8756     0.5923    -2.8253   -18.0951         0.07          8    11.5656
2024-05-08 00:45:30.000000    4075581.7811     931850.8052    4801550.0554     0.8948    -2.7732   -17.9153         0.07          8    11.5771
2024-05-08 00:46:0.000000    4075582.3660     931850.9307    4801550.3167     1.4797    -2.6477   -17.6540         0.08          8    11.6348
2024-05-08 00:46:30.000000    4075582.7824     931851.0134    4801550.5471     1.8961    -2.5650   -17.4236         0.08          8    11.6867
2024-05-08 00:47:0.000000    4075583.1849     931851.1303    4801550.7002     2.2986    -2.4481   -17.2705         0.08          8    11.7635
2024-05-08 00:47:30.000000    4075583.7833     931851.2512    4801551.0550     2.8970    -2.3272   -16.9157         0.08          8    11.8629
2024-05-08 00:48:0.000000    4075584.3046     931851.3613    4801551.3419     3.4183    -2.2171   -16.6288         0.08          8    11.9526
2024-05-08 00:48:30.000000    4075585.5551     931851.8392    4801552.3727     4.6688    -1.7392   -15.5980         0.09          9    11.5435
2024-05-08 00:49:0.000000    4075586.1379     931851.9618    4801552.5687     5.2516    -1.6166   -15.4020         0.09          9    11.6371
2024-05-08 00:49:30.000000    4075586.6829     931852.0987    4801552.7918     5.7966    -1.4797   -15.1789         0.09          9    11.6853
