GPS Single Point Positioning Results (with Klobuchar Ionosphere Model)
====================================================================================================
Station: WTZR00DEU
Approx Position: X=4075580.8863, Y=931853.5784, Z=4801567.9707
GPS Week: 2313

Epoch                             X (m)           Y (m)           Z (m)     dX (m)     dY (m)     dZ (m)   Clock (us) Satellites    RMS (m)
----------------------------------------------------------------------------------------------------
2024-05-11 00:00:0.000000    4075575.0326     931855.0358    4801546.1179    -5.8537     1.4574   -21.8528         0.05          9    17.1664
2024-05-11 00:00:30.000000    4075566.5049     931846.6894    4801544.1165   -14.3814    -6.8890   -23.8542         0.04         10    18.0130
2024-05-11 00:01:0.000000    4075566.6077     931846.5917    4801544.2122   -14.2786    -6.9867   -23.7585         0.04         10    17.9538
2024-05-11 00:01:30.000000    4075566.7232     931846.6631    4801543.6840   -14.1631    -6.9153   -24.2867         0.04         10    17.9543
2024-05-11 00:02:0.000000    4075566.9308     931846.6764    4801543.7245   -13.9555    -6.9020   -24.2462         0.04         10    17.8391
2024-05-11 00:02:30.000000    4075566.9685     931846.7374    4801543.7553   -13.9178    -6.8410   -24.2154         0.04         10    17.8097
2024-05-11 00:03:0.000000    4075566.9671     931846.8297    4801543.4051   -13.9192    -6.7487   -24.5656         0.04         10    17.8296
2024-05-11 00:03:30.000000    4075567.1039     931846.8016    4801543.6759   -13.7824    -6.7768   -24.2948         0.04         10    17.7811
2024-05-11 00:04:0.000000    4075567.5175     931847.1159    4801543.4612   -13.3688    -6.4625   -24.5095         0.04         10    17.7390
2024-05-11 00:04:30.000000    4075567.5069     931846.9499    4801543.7742   -13.3794    -6.6285   -24.1965         0.04         10    17.6933
2024-05-11 00:05:0.000000    4075567.5956     931846.8664    4801543.6443   -13.2907    -6.7120   -24.3264         0.04         10    17.7644
2024-05-11 00:05:30.000000    4075567.9746     931846.9262    4801543.7426   -12.9117    -6.6522   -24.2281         0.04         10    17.7041
2024-05-11 00:06:0.000000    4075568.1544     931847.0389    4801543.3854   -12.7319    -6.5395   -24.5853         0.04         10    17.5585
2024-05-11 00:06:30.000000    4075568.1360     931846.8812    4801543.3423   -12.7503    -6.6972   -24.6284         0.04         10    17.6114
2024-05-11 00:07:0.000000    4075568.1678     931846.8073    4801543.2930   -12.7185    -6.7711   -24.6777         0.04         10    17.5565
2024-05-11 00:07:30.000000    4075568.7336     931847.1715    4801543.2890   -12.1527    -6.4069   -24.6817         0.04         10    17.3616
2024-05-11 00:08:0.000000    4075569.1348     931847.3658    4801543.3457   -11.7515    -6.2126   -24.6250         0.04         10    17.2338
2024-05-11 00:08:30.000000    4075569.1624     931847.2809    4801543.3110   -11.7239    -6.2975   -24.6597         0.04         10    17.1581
2024-05-11 00:09:0.000000    4075569.2369     931847.1050    4801543.5614   -11.6494    -6.4734   -24.4093         0.04         10    17.1568
2024-05-11 00:09:30.000000    4075569.6347     931847.3258    4801543.5105   -11.2516    -6.2526   -24.4602         0.04         10    17.1387
2024-05-11 00:10:0.000000    4075570.0976     931847.7118    4801543.6486   -10.7887    -5.8666   -24.3221         0.04         10    16.9806
2024-05-11 00:10:30.000000    4075570.2751     931847.7618    4801543.6678   -10.6112    -5.8166   -24.3029         0.04         10    16.9386
2024-05-11 00:11:0.000000    4075570.3633     931847.7549    4801543.6300   -10.5230    -5.8235   -24.3407         0.04         10    16.9267
2024-05-11 00:11:30.000000    4075570.4144     931847.6881    4801543.5315   -10.4719    -5.8903   -24.4392         0.04         10    16.8980
2024-05-11 00:12:0.000000    4075570.8019     931847.8048    4801543.5573   -10.0844    -5.7736   -24.4134         0.04         10    16.8549
2024-05-11 00:12:30.000000    4075571.0534     931847.9186    4801543.7200    -9.8329    -5.6598   -24.2507         0.05         10    16.7859
2024-05-11 00:13:0.000000    4075571.2349     931847.9419    4801543.6734    -9.6514    -5.6365   -24.2973         0.05         10    16.7694
2024-05-11 00:13:30.000000    4075571.4580     931847.8979    4801543.7439    -9.4283    -5.6805   -24.2268         0.05         10    16.7193
2024-05-11 00:14:0.000000    4075571.6811     931847.8400    4801543.9438    -9.2052    -5.7384   -24.0269         0.05         10    16.6758
2024-05-11 00:14:30.000000    4075571.9128     931847.8591    4801544.2467    -8.9735    -5.7193   -23.7240         0.05         10    16.6796
2024-05-11 00:15:0.000000    4075572.2161     931847.9794    4801544.2810    -8.6702    -5.5990   -23.6897         0.05         10    16.6637
2024-05-11 00:15:30.000000    4075572.3667     931847.9864    4801544.1756    -8.5196    -5.5920   -23.7951         0.05         10    16.5635
2024-05-11 00:16:0.000000    4075572.4297     931847.8942    4801543.8782    -8.4566    -5.6842   -24.0925         0.05         10    16.5048
2024-05-11 00:16:30.000000    4075572.6974     931847.8874    4801543.9020    -8.1889    -5.6910   -24.0687         0.05         10    16.3819
2024-05-11 00:17:0.000000    4075565.5566     931847.3988    4801539.0675   -15.3297    -6.1796   -28.9032         0.03          9     9.6151
2024-05-11 00:17:30.000000    4075566.0555     931847.5194    4801539.4115   -14.8308    -6.0590   -28.5592         0.03          8    10.2103
2024-05-11 00:18:0.000000    4075566.6001     931847.6554    4801539.5584   -14.2862    -5.9230   -28.4123         0.03          8    10.2432
2024-05-11 00:18:30.000000    4075566.9513     931847.7722    4801539.5556   -13.9350    -5.8062   -28.4151         0.03          8    10.2584
2024-05-11 00:19:0.000000    4075567.1379     931847.7632    4801539.4590   -13.7484    -5.8152   -28.5117         0.03          8    10.2826
2024-05-11 00:19:30.000000    4075567.6714     931847.8382    4801539.7555   -13.2149    -5.7402   -28.2152         0.03          8    10.3581
2024-05-11 00:20:0.000000    4075568.1705     931847.9323    4801540.1125   -12.7158    -5.6461   -27.8582         0.03          8    10.4173
2024-05-11 00:20:30.000000    4075568.5239     931848.0566    4801540.2262   -12.3624    -5.5218   -27.7445         0.03          8    10.4119
2024-05-11 00:21:0.000000    4075568.8312     931848.1884    4801540.4545   -12.0551    -5.3900   -27.5162         0.03          8    10.3721
2024-05-11 00:21:30.000000    4075569.3032     931848.3485    4801540.9476   -11.5831    -5.2299   -27.0231         0.04          8    10.4089
2024-05-11 00:22:0.000000    4075569.7858     931848.3919    4801541.2742   -11.1005    -5.1865   -26.6965         0.04          8    10.4377
2024-05-11 00:22:30.000000    4075570.2454     931848.3844    4801541.6045   -10.6409    -5.1940   -26.3662         0.04          8    10.5032
2024-05-11 00:23:0.000000    4075570.7568     931848.4153    4801541.9057   -10.1295    -5.1631   -26.0650         0.04          8    10.5760
2024-05-11 00:23:30.000000    4075571.1082     931848.4063    4801542.0631    -9.7781    -5.1721   -25.9076         0.04          8    10.5581
2024-05-11 00:24:0.000000    4075571.5853     931848.5909    4801542.4232    -9.3010    -4.9875   -25.5475         0.04          8    10.5873
2024-05-11 00:24:30.000000    4075571.9921     931848.7352    4801542.7735    -8.8942    -4.8432   -25.1972         0.04          8    10.6371
2024-05-11 00:25:0.000000    4075572.3116     931848.8168    4801542.8182    -8.5747    -4.7616   -25.1525         0.05          8    10.6570
2024-05-11 00:25:30.000000    4075572.7153     931848.8506    4801543.1001    -8.1710    -4.7278   -24.8706         0.05          8    10.6937
2024-05-11 00:26:0.000000    4075573.3286     931848.9319    4801543.4427    -7.5577    -4.6465   -24.5280         0.05          8    10.8180
2024-05-11 00:26:30.000000    4075573.8957     931849.0128    4801543.6432    -6.9906    -4.5656   -24.3275         0.05          8    10.8627
2024-05-11 00:27:0.000000    4075574.3897     931849.1248    4801544.0376    -6.4966    -4.4536   -23.9331         0.05          8    10.8728
2024-05-11 00:27:30.000000    4075574.9284     931849.2296    4801544.3514    -5.9579    -4.3488   -23.6193         0.05          8    10.9490
2024-05-11 00:28:0.000000    4075575.3959     931849.2705    4801544.6428    -5.4904    -4.3079   -23.3279         0.05          8    11.0763
2024-05-11 00:28:30.000000    4075575.9613     931849.3308    4801544.8807    -4.9250    -4.2476   -23.0900         0.06          8    11.1797
2024-05-11 00:29:0.000000    4075576.4574     931849.3636    4801545.1511    -4.4289    -4.2148   -22.8196         0.06          8    11.2360
2024-05-11 00:29:30.000000    4075576.9699     931849.4649    4801545.3993    -3.9164    -4.1135   -22.5714         0.06          8    11.2796
2024-05-11 00:30:0.000000    4075577.3330     931849.5541    4801545.8523    -3.5533    -4.0243   -22.1184         0.06          8    11.3012
2024-05-11 00:30:30.000000    4075577.8155     931849.7396    4801546.1601    -3.0708    -3.8388   -21.8106         0.06          8    11.3337
2024-05-11 00:31:0.000000    4075578.3095     931849.8870    4801546.3979    -2.5768    -3.6914   -21.5728         0.06          8    11.3796
2024-05-11 00:31:30.000000    4075578.7988     931850.0377    4801546.6190    -2.0875    -3.5407   -21.3517         0.06          8    11.4364
2024-05-11 00:32:0.000000    4075579.2506     931850.1533    4801546.6456    -1.6357    -3.4251   -21.3251         0.07          8    11.5132
2024-05-11 00:32:30.000000    4075579.6544     931850.2145    4801546.7809    -1.2319    -3.3639   -21.1898         0.07          8    11.5776
2024-05-11 00:33:0.000000    4075580.1063     931850.3286    4801547.0631    -0.7800    -3.2498   -20.9076         0.07          8    11.6253
2024-05-11 00:33:30.000000    4075580.6271     931850.4502    4801547.3394    -0.2592    -3.1282   -20.6313         0.07          8    11.6647
2024-05-11 00:34:0.000000    4075581.1246     931850.5584    4801547.5803     0.2383    -3.0200   -20.3904         0.07          8    11.7041
2024-05-11 00:34:30.000000    4075581.5408     931850.6196    4801547.6786     0.6545    -2.9588   -20.2921         0.07          8    11.7727
2024-05-11 00:35:0.000000    4075582.1201     931850.7559    4801547.9299     1.2338    -2.8225   -20.0408         0.07          8    11.8783
2024-05-11 00:35:30.000000    4075582.8154     931850.9015    4801548.3458     1.9291    -2.6769   -19.6249         0.08          8    12.0232
2024-05-11 00:36:0.000000    4075583.2793     931851.0007    4801548.5650     2.3930    -2.5777   -19.4057         0.08          8    12.1309
2024-05-11 00:36:30.000000    4075584.1975     931851.3181    4801549.2427     3.3112    -2.2603   -18.7280         0.08          9    11.6101
2024-05-11 00:37:0.000000    4075584.8137     931851.4583    4801549.3201     3.9274    -2.1201   -18.6506         0.08          9    11.7084
2024-05-11 00:37:30.000000    4075585.2053     931851.5285    4801549.5771     4.3190    -2.0499   -18.3936         0.08          9    11.7583
2024-05-11 00:38:0.000000    4075585.7305     931851.6513    4801549.7344     4.8442    -1.9271   -18.2363         0.08          9    11.8248
2024-05-11 00:38:30.000000    4075586.2661     931851.7677    4801549.9467     5.3798    -1.8107   -18.0240         0.09          9    11.8908
2024-05-11 00:39:0.000000    4075586.7365     931851.8973    4801550.1337     5.8502    -1.6811   -17.8370         0.09          9    11.9081
2024-05-11 00:39:30.000000    4075587.1720     931851.9858    4801550.4282     6.2857    -1.5926   -17.5425         0.09          9    11.9691
2024-05-11 00:40:0.000000    4075587.6956     931852.0707    4801550.8701     6.8093    -1.5077   -17.1006         0.09          9    12.0206
2024-05-11 00:40:30.000000    4075588.1851     931852.1695    4801551.0049     7.2988    -1.4089   -16.9658         0.09          9    12.0829
2024-05-11 00:41:0.000000    4075588.5323     931852.3029    4801551.2397     7.6460    -1.2755   -16.7310         0.09          9    12.1551
2024-05-11 00:41:30.000000    4075588.9490     931852.4042    4801551.4929     8.0627    -1.1742   -16.4778         0.09          9    12.2409
2024-05-11 00:42:0.000000    4075589.3470     931852.3967    4801551.5309     8.4607    -1.1817   -16.4398         0.09          9    12.3315
2024-05-11 00:42:30.000000    4075589.6419     931852.3543    4801551.5243     8.7556    -1.2241   -16.4464         0.09          9    12.4126
2024-05-11 00:43:0.000000    4075590.0918     931852.3956    4801551.6541     9.2055    -1.1828   -16.3166         0.10          9    12.4953
2024-05-11 00:43:30.000000    4075590.4922     931852.5113    4801551.7723     9.6059    -1.0671   -16.1984         0.10          9    12.5538
2024-05-11 00:44:0.000000    4075591.0430     931852.6659    4801551.9239    10.1567    -0.9125   -16.0468         0.10          9    12.6214
2024-05-11 00:44:30.000000    4075591.4879     931852.7595    4801552.0633    10.6016    -0.8189   -15.9074         0.10          9    12.7088
2024-05-11 00:45:0.000000    4075591.9290     931852.8337    4801552.0838    11.0427    -0.7447   -15.8869         0.10          9    12.7798
2024-05-11 00:45:30.000000    4075592.4948     931852.9416    4801551.9924    11.6085    -0.6368   -15.9783         0.10          9    12.9049
2024-05-11 00:46:0.000000    4075593.1109     931853.0966    4801552.0255    12.2246    -0.4818   -15.9452         0.10          9    13.0232
2024-05-11 00:46:30.000000    4075593.6819     931853.2508    4801552.1228    12.7956    -0.3276   -15.8479         0.10          9    13.1225
2024-05-11 00:47:0.000000    4075594.3677     931853.4281    4801552.4386    13.4814    -0.1503   -15.5321         0.10         10    12.6294
2024-05-11 00:47:30.000000    4075594.5754     931853.4400    4801552.5956    13.6891    -0.1384   -15.3751         0.10         10    12.7002
2024-05-11 00:48:0.000000    4075594.7477     931853.6617    4801552.5217    13.8614     0.0833   -15.4490         0.11         11    12.1485
2024-05-11 00:48:30.000000    4075595.1312     931853.8071    4801552.7282    14.2449     0.2287   -15.2425         0.11         11    12.1564
2024-05-11 00:49:0.000000    4075595.4831     931853.9448    4801552.7982    14.5968     0.3664   -15.1725         0.11         11    12.1852
2024-05-11 00:49:30.000000    4075595.9544     931854.0815    4801552.9408    15.0681     0.5031   -15.0299         0.11         11    12.2689
