GPS Single Point Positioning Results (without Ionosphere Correction)
====================================================================================================
Station: WTZR00DEU
Approx Position: X=4075580.8863, Y=931853.5784, Z=4801567.9707

Epoch                             X (m)           Y (m)           Z (m)     dX (m)     dY (m)     dZ (m)   Clock (us) Satellites    RMS (m)
----------------------------------------------------------------------------------------------------
2024-05-11 00:00:0.000000    4075576.9881     931855.4967    4801548.2021    -3.8982     1.9183   -19.7686         0.06          9    17.2085
2024-05-11 00:00:30.000000    4075568.4438     931847.1354    4801546.1971   -12.4425    -6.4430   -21.7736         0.05         10    18.0905
2024-05-11 00:01:0.000000    4075568.5450     931847.0373    4801546.2921   -12.3413    -6.5411   -21.6786         0.05         10    18.0311
2024-05-11 00:01:30.000000    4075568.6589     931847.1082    4801545.7634   -12.2274    -6.4702   -22.2073         0.05         10    18.0313
2024-05-11 00:02:0.000000    4075568.8648     931847.1211    4801545.8032   -12.0215    -6.4573   -22.1675         0.05         10    17.9149
2024-05-11 00:02:30.000000    4075568.9008     931847.1816    4801545.8332   -11.9855    -6.3968   -22.1375         0.05         10    17.8850
2024-05-11 00:03:0.000000    4075568.8977     931847.2735    4801545.4824   -11.9886    -6.3049   -22.4883         0.05         10    17.9036
2024-05-11 00:03:30.000000    4075569.0327     931847.2449    4801545.7524   -11.8536    -6.3335   -22.2183         0.05         10    17.8547
2024-05-11 00:04:0.000000    4075569.3851     931847.5359    4801545.4896   -11.5012    -6.0425   -22.4811         0.05         10    17.8293
2024-05-11 00:04:30.000000    4075569.3740     931847.3699    4801545.8029   -11.5123    -6.2085   -22.1678         0.05         10    17.7840
2024-05-11 00:05:0.000000    4075569.4623     931847.2864    4801545.6731   -11.4240    -6.2920   -22.2976         0.05         10    17.8551
2024-05-11 00:05:30.000000    4075569.8408     931847.3461    4801545.7717   -11.0455    -6.2323   -22.1990         0.05         10    17.7947
2024-05-11 00:06:0.000000    4075570.0200     931847.4588    4801545.4146   -10.8663    -6.1196   -22.5561         0.05         10    17.6485
2024-05-11 00:06:30.000000    4075570.0010     931847.3009    4801545.3716   -10.8853    -6.2775   -22.5991         0.05         10    17.7017
2024-05-11 00:07:0.000000    4075570.0322     931847.2270    4801545.3224   -10.8541    -6.3514   -22.6483         0.05         10    17.6466
2024-05-11 00:07:30.000000    4075570.5974     931847.5911    4801545.3186   -10.2889    -5.9873   -22.6521         0.05         10    17.4507
2024-05-11 00:08:0.000000    4075570.9978     931847.7852    4801545.3753    -9.8885    -5.7932   -22.5954         0.06         10    17.3225
2024-05-11 00:08:30.000000    4075571.0247     931847.7003    4801545.3406    -9.8616    -5.8781   -22.6301         0.06         10    17.2463
2024-05-11 00:09:0.000000    4075571.0985     931847.5242    4801545.5911    -9.7878    -6.0542   -22.3796         0.06         10    17.2443
2024-05-11 00:09:30.000000    4075571.4954     931847.7448    4801545.5401    -9.3909    -5.8336   -22.4306         0.06         10    17.2257
2024-05-11 00:10:0.000000    4075571.9575     931848.1306    4801545.6781    -8.9288    -5.4478   -22.2926         0.06         10    17.0666
2024-05-11 00:10:30.000000    4075572.1341     931848.1805    4801545.6973    -8.7522    -5.3979   -22.2734         0.06         10    17.0243
2024-05-11 00:11:0.000000    4075572.2214     931848.1734    4801545.6593    -8.6649    -5.4050   -22.3114         0.06         10    17.0127
2024-05-11 00:11:30.000000    4075572.2714     931848.1064    4801545.5606    -8.6149    -5.4720   -22.4101         0.06         10    16.9839
2024-05-11 00:12:0.000000    4075572.6579     931848.2229    4801545.5863    -8.2284    -5.3555   -22.3844         0.06         10    16.9405
2024-05-11 00:12:30.000000    4075572.9084     931848.3365    4801545.7488    -7.9779    -5.2419   -22.2219         0.06         10    16.8718
2024-05-11 00:13:0.000000    4075573.0888     931848.3595    4801545.7019    -7.7975    -5.2189   -22.2688         0.06         10    16.8551
2024-05-11 00:13:30.000000    4075573.3108     931848.3153    4801545.7721    -7.5755    -5.2631   -22.1986         0.06         10    16.8049
2024-05-11 00:14:0.000000    4075573.5327     931848.2571    4801545.9718    -7.3536    -5.3213   -21.9989         0.06         10    16.7609
2024-05-11 00:14:30.000000    4075573.7632     931848.2759    4801546.2743    -7.1231    -5.3025   -21.6964         0.06         10    16.7649
2024-05-11 00:15:0.000000    4075574.0653     931848.3959    4801546.3083    -6.8210    -5.1825   -21.6624         0.06         10    16.7481
2024-05-11 00:15:30.000000    4075574.2146     931848.4027    4801546.2025    -6.6717    -5.1757   -21.7682         0.06         10    16.6469
2024-05-11 00:16:0.000000    4075574.2762     931848.3102    4801545.9046    -6.6101    -5.2682   -22.0661         0.06         10    16.5877
2024-05-11 00:16:30.000000    4075574.5425     931848.3031    4801545.9280    -6.3438    -5.2753   -22.0427         0.06         10    16.4642
2024-05-11 00:17:0.000000    4075567.3306     931847.8091    4801541.0458   -13.5557    -5.7693   -26.9249         0.04          9     9.6112
2024-05-11 00:17:30.000000    4075567.7431     931847.8996    4801541.3230   -13.1432    -5.6788   -26.6477         0.04          8    10.1963
2024-05-11 00:18:0.000000    4075568.2866     931848.0353    4801541.4699   -12.5997    -5.5431   -26.5008         0.04          8    10.2286
2024-05-11 00:18:30.000000    4075568.6366     931848.1517    4801541.4670   -12.2497    -5.4267   -26.5037         0.04          8    10.2436
2024-05-11 00:19:0.000000    4075568.8220     931848.1423    4801541.3703   -12.0643    -5.4361   -26.6004         0.04          8    10.2675
2024-05-11 00:19:30.000000    4075569.3543     931848.2170    4801541.6668   -11.5320    -5.3614   -26.3039         0.04          8    10.3420
2024-05-11 00:20:0.000000    4075569.8521     931848.3108    4801542.0236   -11.0342    -5.2676   -25.9471         0.05          8    10.4000
2024-05-11 00:20:30.000000    4075570.2042     931848.4347    4801542.1371   -10.6821    -5.1437   -25.8336         0.05          8    10.3939
2024-05-11 00:21:0.000000    4075570.5102     931848.5661    4801542.3653   -10.3761    -5.0123   -25.6054         0.05          8    10.3538
2024-05-11 00:21:30.000000    4075570.9809     931848.7259    4801542.8582    -9.9054    -4.8525   -25.1125         0.05          8    10.3901
2024-05-11 00:22:0.000000    4075571.4620     931848.7689    4801543.1847    -9.4243    -4.8095   -24.7860         0.05          8    10.4177
2024-05-11 00:22:30.000000    4075571.9202     931848.7611    4801543.5148    -8.9661    -4.8173   -24.4559         0.05          8    10.4826
2024-05-11 00:23:0.000000    4075572.4301     931848.7915    4801543.8158    -8.4562    -4.7869   -24.1549         0.05          8    10.5553
2024-05-11 00:23:30.000000    4075572.7800     931848.7822    4801543.9729    -8.1063    -4.7962   -23.9978         0.05          8    10.5362
2024-05-11 00:24:0.000000    4075573.2555     931848.9664    4801544.3328    -7.6308    -4.6120   -23.6379         0.06          8    10.5647
2024-05-11 00:24:30.000000    4075573.6607     931849.1103    4801544.6828    -7.2256    -4.4681   -23.2879         0.06          8    10.6138
2024-05-11 00:25:0.000000    4075573.9786     931849.1915    4801544.7273    -6.9077    -4.3869   -23.2434         0.06          8    10.6329
2024-05-11 00:25:30.000000    4075574.3808     931849.2249    4801545.0088    -6.5055    -4.3535   -22.9619         0.06          8    10.6690
2024-05-11 00:26:0.000000    4075574.9923     931849.3057    4801545.3512    -5.8940    -4.2727   -22.6195         0.06          8    10.7925
2024-05-11 00:26:30.000000    4075575.5577     931849.3862    4801545.5514    -5.3286    -4.1922   -22.4193         0.06          8    10.8358
2024-05-11 00:27:0.000000    4075576.0499     931849.4978    4801545.9455    -4.8364    -4.0806   -22.0252         0.06          8    10.8447
2024-05-11 00:27:30.000000    4075576.5868     931849.6021    4801546.2590    -4.2995    -3.9763   -21.7117         0.07          8    10.9202
2024-05-11 00:28:0.000000    4075577.0526     931849.6426    4801546.5501    -3.8337    -3.9358   -21.4206         0.07          8    11.0466
2024-05-11 00:28:30.000000    4075577.6161     931849.7025    4801546.7876    -3.2702    -3.8759   -21.1831         0.07          8    11.1488
2024-05-11 00:29:0.000000    4075578.1103     931849.7348    4801547.0577    -2.7760    -3.8436   -20.9130         0.07          8    11.2031
2024-05-11 00:29:30.000000    4075578.6209     931849.8357    4801547.3055    -2.2654    -3.7427   -20.6652         0.07          8    11.2456
2024-05-11 00:30:0.000000    4075578.9820     931849.9244    4801547.7583    -1.9043    -3.6540   -20.2124         0.07          8    11.2660
2024-05-11 00:30:30.000000    4075579.4625     931850.1094    4801548.0656    -1.4238    -3.4690   -19.9051         0.08          8    11.2972
2024-05-11 00:31:0.000000    4075579.9545     931850.2564    4801548.3031    -0.9318    -3.3220   -19.6676         0.08          8    11.3420
2024-05-11 00:31:30.000000    4075580.4417     931850.4066    4801548.5238    -0.4446    -3.1718   -19.4469         0.08          8    11.3980
2024-05-11 00:32:0.000000    4075580.8914     931850.5218    4801548.5501     0.0051    -3.0566   -19.4206         0.08          8    11.4739
2024-05-11 00:32:30.000000    4075581.2931     931850.5825    4801548.6850     0.4068    -2.9959   -19.2857         0.08          8    11.5367
2024-05-11 00:33:0.000000    4075581.7428     931850.6962    4801548.9668     0.8565    -2.8822   -19.0039         0.08          8    11.5828
2024-05-11 00:33:30.000000    4075582.2615     931850.8173    4801549.2428     1.3752    -2.7611   -18.7279         0.08          8    11.6203
2024-05-11 00:34:0.000000    4075582.7566     931850.9250    4801549.4832     1.8703    -2.6534   -18.4875         0.08          8    11.6579
2024-05-11 00:34:30.000000    4075583.1706     931850.9857    4801549.5812     2.2843    -2.5927   -18.3895         0.08          8    11.7254
2024-05-11 00:35:0.000000    4075583.7476     931851.1216    4801549.8321     2.8613    -2.4568   -18.1386         0.09          8    11.8297
2024-05-11 00:35:30.000000    4075584.4406     931851.2667    4801550.2477     3.5543    -2.3117   -17.7230         0.09          8    11.9727
2024-05-11 00:36:0.000000    4075584.9021     931851.3654    4801550.4665     4.0158    -2.2130   -17.5042         0.09          8    12.0794
2024-05-11 00:36:30.000000    4075585.8864     931851.7159    4801551.2170     5.0001    -1.8625   -16.7537         0.09          9    11.5775
2024-05-11 00:37:0.000000    4075586.5010     931851.8562    4801551.2949     5.6147    -1.7222   -16.6758         0.09          9    11.6735
2024-05-11 00:37:30.000000    4075586.8910     931851.9266    4801551.5523     6.0047    -1.6518   -16.4184         0.10          9    11.7202
2024-05-11 00:38:0.000000    4075587.4146     931852.0495    4801551.7100     6.5283    -1.5289   -16.2607         0.10          9    11.7829
2024-05-11 00:38:30.000000    4075587.9485     931852.1661    4801551.9225     7.0622    -1.4123   -16.0482         0.10          9    11.8461
2024-05-11 00:39:0.000000    4075588.4170     931852.2958    4801552.1099     7.5307    -1.2826   -15.8608         0.10          9    11.8605
2024-05-11 00:39:30.000000    4075588.8507     931852.3844    4801552.4047     7.9644    -1.1940   -15.5660         0.10          9    11.9177
2024-05-11 00:40:0.000000    4075589.3724     931852.4694    4801552.8468     8.4861    -1.1090   -15.1239         0.10          9    11.9655
2024-05-11 00:40:30.000000    4075589.8599     931852.5682    4801552.9819     8.9736    -1.0102   -14.9888         0.10          9    12.0253
2024-05-11 00:41:0.000000    4075590.2050     931852.7017    4801553.2168     9.3187    -0.8767   -14.7539         0.10          9    12.0942
2024-05-11 00:41:30.000000    4075590.6196     931852.8030    4801553.4701     9.7333    -0.7754   -14.5006         0.11          9    12.1765
2024-05-11 00:42:0.000000    4075591.0155     931852.7955    4801553.5083    10.1292    -0.7829   -14.4624         0.11          9    12.2649
2024-05-11 00:42:30.000000    4075591.3081     931852.7531    4801553.5018    10.4218    -0.8253   -14.4689         0.11          9    12.3446
2024-05-11 00:43:0.000000    4075591.7556     931852.7945    4801553.6317    10.8693    -0.7839   -14.3390         0.11          9    12.4254
2024-05-11 00:43:30.000000    4075592.1537     931852.9101    4801553.7499    11.2674    -0.6683   -14.2208         0.11          9    12.4810
2024-05-11 00:44:0.000000    4075592.7021     931853.0648    4801553.9016    11.8158    -0.5136   -14.0691         0.11          9    12.5456
2024-05-11 00:44:30.000000    4075593.1444     931853.1583    4801554.0410    12.2581    -0.4201   -13.9297         0.11          9    12.6312
2024-05-11 00:45:0.000000    4075593.5830     931853.2324    4801554.0615    12.6967    -0.3460   -13.9092         0.11          9    12.7000
2024-05-11 00:45:30.000000    4075594.1461     931853.3403    4801553.9700    13.2598    -0.2381   -14.0007         0.11          9    12.8234
2024-05-11 00:46:0.000000    4075594.7595     931853.4952    4801554.0031    13.8732    -0.0832   -13.9676         0.11          9    12.9395
2024-05-11 00:46:30.000000    4075595.3278     931853.6492    4801554.1003    14.4415     0.0708   -13.8704         0.12          9    13.0357
2024-05-11 00:47:0.000000    4075596.0965     931853.8521    4801554.4531    15.2102     0.2737   -13.5176         0.12         10    12.5637
2024-05-11 00:47:30.000000    4075596.3027     931853.8645    4801554.6100    15.4164     0.2861   -13.3607         0.12         10    12.6318
2024-05-11 00:48:0.000000    4075596.5127     931854.0772    4801554.5983    15.6264     0.4988   -13.3724         0.12         11    12.0818
2024-05-11 00:48:30.000000    4075596.8946     931854.2226    4801554.8053    16.0083     0.6442   -13.1654         0.12         11    12.0859
2024-05-11 00:49:0.000000    4075597.2448     931854.3604    4801554.8758    16.3585     0.7820   -13.0949         0.12         11    12.1116
2024-05-11 00:49:30.000000    4075597.7144     931854.4970    4801555.0189    16.8281     0.9186   -12.9518         0.12         11    12.1925
