GPS Single Point Positioning Results (with Klobuchar Ionosphere Model)
====================================================================================================
Station: WTZR00DEU
Approx Position: X=4075580.8863, Y=931853.5784, Z=4801567.9707
GPS Week: 2313

Epoch                             X (m)           Y (m)           Z (m)     dX (m)     dY (m)     dZ (m)   Clock (us) Satellites    RMS (m)
----------------------------------------------------------------------------------------------------
2024-05-08 00:00:0.000000    4075553.1245     931846.7597    4801541.3733   -27.7618    -6.8187   -26.5974        -0.00          9    10.9611
2024-05-08 00:00:30.000000    4075553.2398     931846.7352    4801541.2206   -27.6465    -6.8432   -26.7501        -0.00          9    10.9065
2024-05-08 00:01:0.000000    4075553.3190     931846.7631    4801540.8359   -27.5673    -6.8153   -27.1348        -0.00          9    10.8261
2024-05-08 00:01:30.000000    4075553.5115     931846.8272    4801540.8232   -27.3748    -6.7512   -27.1475        -0.00          9    10.7390
2024-05-08 00:02:0.000000    4075553.5665     931846.8372    4801540.5771   -27.3198    -6.7412   -27.3936        -0.00          9    10.6645
2024-05-08 00:02:30.000000    4075553.6151     931846.8003    4801540.3027   -27.2712    -6.7781   -27.6680        -0.00          9    10.6116
2024-05-08 00:03:0.000000    4075553.6528     931846.7859    4801540.1405   -27.2335    -6.7925   -27.8302        -0.00          9    10.5589
2024-05-08 00:03:30.000000    4075553.5768     931846.6981    4801539.8424   -27.3095    -6.8803   -28.1283        -0.00          9    10.5467
2024-05-08 00:04:0.000000    4075553.7318     931846.5563    4801539.9698   -27.1545    -7.0221   -28.0009        -0.00          9    10.5462
2024-05-08 00:04:30.000000    4075553.7144     931846.3870    4801539.5257   -27.1719    -7.1914   -28.4450        -0.00          9    10.5873
2024-05-08 00:05:0.000000    4075553.8820     931846.3296    4801539.2741   -27.0043    -7.2488   -28.6966        -0.00          9    10.5406
2024-05-08 00:05:30.000000    4075553.9935     931846.2483    4801539.4603   -26.8928    -7.3301   -28.5104        -0.00          9    10.4567
2024-05-08 00:06:0.000000    4075554.1236     931846.3503    4801539.1325   -26.7627    -7.2281   -28.8382        -0.00          9    10.4110
2024-05-08 00:06:30.000000    4075554.4182     931846.2945    4801539.3050   -26.4681    -7.2839   -28.6657        -0.00          9    10.3277
2024-05-08 00:07:0.000000    4075554.6082     931846.3534    4801539.0696   -26.2781    -7.2250   -28.9011        -0.00          9    10.2063
2024-05-08 00:07:30.000000    4075554.6607     931846.2748    4801538.9633   -26.2256    -7.3036   -29.0074        -0.00          9    10.1870
2024-05-08 00:08:0.000000    4075554.8568     931846.2938    4801539.0100   -26.0295    -7.2846   -28.9607        -0.00          9    10.1142
2024-05-08 00:08:30.000000    4075555.0275     931846.3749    4801538.8202   -25.8588    -7.2035   -29.1505        -0.00          9    10.1216
2024-05-08 00:09:0.000000    4075555.0094     931846.2992    4801538.5236   -25.8769    -7.2792   -29.4471        -0.00          9    10.0547
2024-05-08 00:09:30.000000    4075555.1117     931846.2932    4801538.2097   -25.7746    -7.2852   -29.7610        -0.00          9    10.0917
2024-05-08 00:10:0.000000    4075555.2910     931846.2964    4801538.0765   -25.5953    -7.2820   -29.8942        -0.00          9    10.0560
2024-05-08 00:10:30.000000    4075565.9835     931846.8004    4801545.5624   -14.9028    -6.7780   -22.4083         0.03         10    18.5481
2024-05-08 00:11:0.000000    4075566.0529     931846.7354    4801545.5863   -14.8334    -6.8430   -22.3844         0.03         10    18.4972
2024-05-08 00:11:30.000000    4075566.1927     931846.7944    4801545.1214   -14.6936    -6.7840   -22.8493         0.03         10    18.4811
2024-05-08 00:12:0.000000    4075566.3300     931846.8190    4801545.1007   -14.5563    -6.7594   -22.8700         0.03         10    18.4303
2024-05-08 00:12:30.000000    4075566.2957     931846.8005    4801544.8400   -14.5906    -6.7779   -23.1307         0.03         10    18.4001
2024-05-08 00:13:0.000000    4075566.4568     931846.7999    4801544.8991   -14.4295    -6.7785   -23.0716         0.03         10    18.3625
2024-05-08 00:13:30.000000    4075566.6107     931846.8005    4801544.6469   -14.2756    -6.7779   -23.3238         0.03         10    18.3340
2024-05-08 00:14:0.000000    4075566.7376     931846.7956    4801544.2933   -14.1487    -6.7828   -23.6774         0.03         10    18.3080
2024-05-08 00:14:30.000000    4075566.8263     931846.7811    4801544.5822   -14.0600    -6.7973   -23.3885         0.03         10    18.2237
2024-05-08 00:15:0.000000    4075566.8935     931846.8850    4801544.2081   -13.9928    -6.6934   -23.7626         0.03         10    18.2198
2024-05-08 00:15:30.000000    4075566.8905     931846.8505    4801544.3600   -13.9958    -6.7279   -23.6107         0.03         10    18.1759
2024-05-08 00:16:0.000000    4075567.1398     931847.0665    4801544.0666   -13.7465    -6.5119   -23.9041         0.03         10    18.1826
2024-05-08 00:16:30.000000    4075567.3580     931847.1607    4801544.3840   -13.5283    -6.4177   -23.5867         0.03         10    18.0433
2024-05-08 00:17:0.000000    4075567.3537     931846.9547    4801544.4668   -13.5326    -6.6237   -23.5039         0.03         10    18.0161
2024-05-08 00:17:30.000000    4075567.5605     931846.9718    4801544.2502   -13.3258    -6.6066   -23.7205         0.03         10    18.0089
2024-05-08 00:18:0.000000    4075567.8260     931847.0924    4801544.2125   -13.0603    -6.4860   -23.7582         0.03         10    17.8892
2024-05-08 00:18:30.000000    4075567.8886     931847.1085    4801544.0032   -12.9977    -6.4699   -23.9675         0.03         10    17.8757
2024-05-08 00:19:0.000000    4075567.7330     931846.8888    4801544.0268   -13.1533    -6.6896   -23.9439         0.03         10    17.8791
2024-05-08 00:19:30.000000    4075567.9599     931847.0672    4801543.6938   -12.9264    -6.5112   -24.2769         0.03         10    17.8268
2024-05-08 00:20:0.000000    4075568.5503     931847.4487    4801543.9035   -12.3360    -6.1297   -24.0672         0.03         10    17.6591
2024-05-08 00:20:30.000000    4075568.7928     931847.4591    4801543.9985   -12.0935    -6.1193   -23.9722         0.03         10    17.6522
2024-05-08 00:21:0.000000    4075568.8396     931847.2177    4801544.2253   -12.0467    -6.3607   -23.7454         0.04         10    17.6644
2024-05-08 00:21:30.000000    4075569.0329     931847.2191    4801544.1075   -11.8534    -6.3593   -23.8632         0.04         10    17.6137
2024-05-08 00:22:0.000000    4075569.5593     931847.5543    4801544.1737   -11.3270    -6.0241   -23.7970         0.04         10    17.4968
2024-05-08 00:22:30.000000    4075569.7928     931847.7547    4801544.2915   -11.0935    -5.8237   -23.6792         0.04         10    17.3925
2024-05-08 00:23:0.000000    4075569.8896     931847.7401    4801544.2485   -10.9967    -5.8383   -23.7222         0.04         10    17.4134
2024-05-08 00:23:30.000000    4075569.9990     931847.6471    4801544.2553   -10.8873    -5.9313   -23.7154         0.04         10    17.3970
2024-05-08 00:24:0.000000    4075570.2652     931847.7374    4801544.2030   -10.6211    -5.8410   -23.7677         0.04         10    17.3415
2024-05-08 00:24:30.000000    4075570.7003     931847.9018    4801544.5157   -10.1860    -5.6766   -23.4550         0.04         10    17.2945
2024-05-08 00:25:0.000000    4075571.0285     931847.9661    4801544.6311    -9.8578    -5.6123   -23.3396         0.04         10    17.2545
2024-05-08 00:25:30.000000    4075571.1886     931847.9154    4801544.5791    -9.6977    -5.6630   -23.3916         0.04         10    17.2409
2024-05-08 00:26:0.000000    4075571.4830     931847.8534    4801544.6711    -9.4033    -5.7250   -23.2996         0.04         10    17.2241
2024-05-08 00:26:30.000000    4075571.6510     931847.7750    4801544.8442    -9.2353    -5.8034   -23.1265         0.04         10    17.1577
2024-05-08 00:27:0.000000    4075571.8935     931847.8847    4801544.9314    -8.9928    -5.6937   -23.0393         0.04         10    17.1036
2024-05-08 00:27:30.000000    4075572.0771     931847.8991    4801544.8584    -8.8092    -5.6793   -23.1123         0.04         10    17.0697
2024-05-08 00:28:0.000000    4075572.2310     931847.8821    4801544.5660    -8.6553    -5.6963   -23.4047         0.04         10    16.9940
2024-05-08 00:28:30.000000    4075572.3969     931847.8354    4801544.6168    -8.4894    -5.7430   -23.3539         0.04         10    16.9783
2024-05-08 00:29:0.000000    4075572.7840     931847.9039    4801544.8090    -8.1023    -5.6745   -23.1617         0.04         10    16.8984
2024-05-08 00:29:30.000000    4075565.3579     931847.3931    4801539.8705   -15.5284    -6.1853   -28.1002         0.02          9     9.6035
2024-05-08 00:30:0.000000    4075565.9832     931847.6330    4801540.1956   -14.9031    -5.9454   -27.7751         0.02          8    10.1899
2024-05-08 00:30:30.000000    4075566.3616     931847.7924    4801540.2729   -14.5247    -5.7860   -27.6978         0.02          8    10.1924
2024-05-08 00:31:0.000000    4075566.5929     931847.7900    4801540.0981   -14.2934    -5.7884   -27.8726         0.02          8    10.1936
2024-05-08 00:31:30.000000    4075566.9795     931847.8713    4801540.1900   -13.9068    -5.7071   -27.7807         0.02          8    10.2620
2024-05-08 00:32:0.000000    4075567.5698     931847.9610    4801540.6370   -13.3165    -5.6174   -27.3337         0.02          8    10.3297
2024-05-08 00:32:30.000000    4075568.1187     931848.0811    4801541.0044   -12.7676    -5.4973   -26.9663         0.03          8    10.3919
2024-05-08 00:33:0.000000    4075568.4929     931848.2059    4801541.3084   -12.3934    -5.3725   -26.6623         0.03          8    10.3735
2024-05-08 00:33:30.000000    4075568.8107     931848.3354    4801541.5998   -12.0756    -5.2430   -26.3709         0.03          8    10.3734
2024-05-08 00:34:0.000000    4075569.2702     931848.4088    4801541.8577   -11.6161    -5.1696   -26.1130         0.03          8    10.3919
2024-05-08 00:34:30.000000    4075569.8239     931848.5327    4801542.2893   -11.0624    -5.0457   -25.6814         0.03          8    10.4650
2024-05-08 00:35:0.000000    4075570.2981     931848.6149    4801542.5351   -10.5882    -4.9635   -25.4356         0.03          8    10.5292
2024-05-08 00:35:30.000000    4075570.7743     931848.5868    4801542.7545   -10.1120    -4.9916   -25.2162         0.03          8    10.5520
2024-05-08 00:36:0.000000    4075571.3133     931848.7001    4801543.1441    -9.5730    -4.8783   -24.8266         0.04          8    10.5933
2024-05-08 00:36:30.000000    4075571.8348     931848.8431    4801543.5646    -9.0515    -4.7353   -24.4061         0.04          8    10.6445
2024-05-08 00:37:0.000000    4075572.2838     931848.9445    4801543.8232    -8.6025    -4.6339   -24.1475         0.04          8    10.6815
2024-05-08 00:37:30.000000    4075572.5955     931848.9809    4801544.1753    -8.2908    -4.5975   -23.7954         0.04          8    10.7279
2024-05-08 00:38:0.000000    4075573.0076     931849.0039    4801544.5287    -7.8787    -4.5745   -23.4420         0.04          8    10.7948
2024-05-08 00:38:30.000000    4075573.5794     931849.1157    4801544.7440    -7.3069    -4.4627   -23.2267         0.04          8    10.8659
2024-05-08 00:39:0.000000    4075574.1448     931849.2409    4801545.0673    -6.7415    -4.3375   -22.9034         0.04          8    10.8866
2024-05-08 00:39:30.000000    4075574.7287     931849.3805    4801545.4195    -6.1576    -4.1979   -22.5512         0.05          8    10.9199
2024-05-08 00:40:0.000000    4075575.2393     931849.4165    4801545.8272    -5.6470    -4.1619   -22.1435         0.05          8    10.9999
2024-05-08 00:40:30.000000    4075575.7337     931849.4572    4801546.0327    -5.1526    -4.1212   -21.9380         0.05          8    11.1037
2024-05-08 00:41:0.000000    4075576.2051     931849.4832    4801546.1828    -4.6812    -4.0952   -21.7879         0.05          8    11.1748
2024-05-08 00:41:30.000000    4075576.7707     931849.5449    4801546.4920    -4.1156    -4.0335   -21.4787         0.05          8    11.2543
2024-05-08 00:42:0.000000    4075577.2884     931849.6597    4801546.9175    -3.5979    -3.9187   -21.0532         0.05          8    11.2973
2024-05-08 00:42:30.000000    4075577.6942     931849.7568    4801547.1738    -3.1921    -3.8216   -20.7969         0.06          8    11.2995
2024-05-08 00:43:0.000000    4075578.1697     931849.9641    4801547.4523    -2.7166    -3.6143   -20.5184         0.06          8    11.3668
2024-05-08 00:43:30.000000    4075578.5457     931850.0911    4801547.5567    -2.3406    -3.4873   -20.4140         0.06          8    11.4167
2024-05-08 00:44:0.000000    4075578.9954     931850.2443    4801547.5813    -1.8909    -3.3341   -20.3894         0.06          8    11.4585
2024-05-08 00:44:30.000000    4075579.3980     931850.2703    4801547.7041    -1.4883    -3.3081   -20.2666         0.06          8    11.5394
2024-05-08 00:45:0.000000    4075579.8401     931850.3851    4801547.9702    -1.0462    -3.1933   -20.0005         0.06          8    11.5996
2024-05-08 00:45:30.000000    4075580.1447     931850.4377    4801548.1505    -0.7416    -3.1407   -19.8202         0.06          8    11.6124
2024-05-08 00:46:0.000000    4075580.7318     931850.5637    4801548.4121    -0.1545    -3.0147   -19.5586         0.06          8    11.6713
2024-05-08 00:46:30.000000    4075581.1505     931850.6469    4801548.6430     0.2642    -2.9315   -19.3277         0.06          8    11.7243
2024-05-08 00:47:0.000000    4075581.5553     931850.7643    4801548.7965     0.6690    -2.8141   -19.1742         0.07          8    11.8023
2024-05-08 00:47:30.000000    4075582.1561     931850.8856    4801549.1517     1.2698    -2.6928   -18.8190         0.07          8    11.9032
2024-05-08 00:48:0.000000    4075582.6798     931850.9963    4801549.4390     1.7935    -2.5821   -18.5317         0.07          8    11.9941
2024-05-08 00:48:30.000000    4075583.8647     931851.4414    4801550.3973     2.9784    -2.1370   -17.5734         0.07          9    11.5545
2024-05-08 00:49:0.000000    4075584.4490     931851.5639    4801550.5929     3.5627    -2.0145   -17.3778         0.07          9    11.6523
2024-05-08 00:49:30.000000    4075584.9955     931851.7007    4801550.8155     4.1092    -1.8777   -17.1552         0.08          9    11.7048
