GPS Single Point Positioning Results (without Ionosphere Correction (12:00-14:00))
====================================================================================================
Station: DAV100ATA
Time Window: 12:00-14:00 (UTC)
Approx Position: X=486854.5460, Y=2285099.2924, Z=-5914955.7136

Epoch                             X (m)           Y (m)           Z (m)     dX (m)     dY (m)     dZ (m)   Clock (us) Satellites    RMS (m)
----------------------------------------------------------------------------------------------------
2024-05-08 12:00:0.000000     486857.7815    2285073.9029   -5914978.2619     3.2355   -25.3895   -22.5483        -0.01          9    20.4296
2024-05-08 12:00:30.000000     486857.9207    2285074.1897   -5914977.9334     3.3747   -25.1027   -22.2198        -0.02          9    20.4666
2024-05-08 12:01:0.000000     486857.9420    2285074.2788   -5914977.6564     3.3960   -25.0136   -21.9428        -0.01          9    20.2759
2024-05-08 12:01:30.000000     486857.9660    2285074.2673   -5914977.5810     3.4200   -25.0251   -21.8674        -0.02          9    20.4617
2024-05-08 12:02:0.000000     486858.0252    2285074.1433   -5914977.4185     3.4792   -25.1491   -21.7049        -0.02          9    20.4283
2024-05-08 12:02:30.000000     486857.5614    2285074.1919   -5914977.2278     3.0154   -25.1005   -21.5142        -0.02          9    20.2175
2024-05-08 12:03:0.000000     486858.0085    2285074.3295   -5914977.0667     3.4625   -24.9629   -21.3531        -0.02          9    20.0725
2024-05-08 12:03:30.000000     486857.8608    2285074.0272   -5914976.7608     3.3148   -25.2652   -21.0472        -0.02          9    20.1175
2024-05-08 12:04:0.000000     486857.6755    2285074.4339   -5914976.2916     3.1295   -24.8585   -20.5780        -0.02          9    20.0974
2024-05-08 12:04:30.000000     486857.6541    2285074.3988   -5914976.3940     3.1081   -24.8936   -20.6804        -0.02          9    20.2194
2024-05-08 12:05:0.000000     486857.9306    2285074.2222   -5914976.6038     3.3846   -25.0702   -20.8902        -0.02          9    20.2446
2024-05-08 12:05:30.000000     486857.7705    2285074.6438   -5914976.5368     3.2245   -24.6486   -20.8232        -0.02          9    19.9339
2024-05-08 12:06:0.000000     486857.8339    2285074.1214   -5914975.6382     3.2879   -25.1710   -19.9246        -0.02          9    19.8070
2024-05-08 12:06:30.000000     486857.8887    2285074.6799   -5914976.0539     3.3427   -24.6125   -20.3403        -0.02          9    19.8179
2024-05-08 12:07:0.000000     486858.0563    2285074.0982   -5914975.5535     3.5103   -25.1942   -19.8399        -0.02          9    19.8316
2024-05-08 12:07:30.000000     486857.9639    2285074.5713   -5914975.2416     3.4179   -24.7211   -19.5280        -0.02          9    19.8538
2024-05-08 12:08:0.000000     486857.6916    2285074.2944   -5914975.1075     3.1456   -24.9980   -19.3939        -0.02          9    20.2999
2024-05-08 12:08:30.000000     486856.2838    2285070.2917   -5914971.5138     1.7378   -29.0007   -15.8002        -0.04          8    14.3281
2024-05-08 12:09:0.000000     486856.3234    2285070.0698   -5914971.2547     1.7774   -29.2226   -15.5411        -0.04          8    14.3417
2024-05-08 12:09:30.000000     486856.6712    2285070.3488   -5914970.6608     2.1252   -28.9436   -14.9472        -0.04          8    14.2140
2024-05-08 12:10:0.000000     486856.4914    2285070.5529   -5914971.5081     1.9454   -28.7395   -15.7945        -0.04          8    14.0940
2024-05-08 12:10:30.000000     486856.7507    2285070.8658   -5914971.9230     2.2047   -28.4266   -16.2094        -0.04          8    14.2151
2024-05-08 12:11:0.000000     486856.8222    2285070.7581   -5914971.5469     2.2762   -28.5343   -15.8333        -0.04          8    14.0823
2024-05-08 12:11:30.000000     486856.9186    2285070.8829   -5914971.4259     2.3726   -28.4095   -15.7123        -0.04          8    14.2641
2024-05-08 12:12:0.000000     486857.1289    2285070.7951   -5914971.0614     2.5829   -28.4973   -15.3478        -0.04          8    14.2920
2024-05-08 12:12:30.000000     486857.0105    2285071.6600   -5914971.6959     2.4645   -27.6324   -15.9823        -0.04          8    14.0787
2024-05-08 12:13:0.000000     486856.9375    2285071.5084   -5914970.6613     2.3915   -27.7840   -14.9477        -0.04          8    14.1169
2024-05-08 12:13:30.000000     486856.9926    2285071.9887   -5914971.5650     2.4466   -27.3037   -15.8514        -0.04          8    14.0281
2024-05-08 12:14:0.000000     486856.9134    2285071.9009   -5914971.0651     2.3674   -27.3915   -15.3515        -0.04          8    14.0733
2024-05-08 12:14:30.000000     486857.4103    2285072.2762   -5914971.1439     2.8643   -27.0162   -15.4303        -0.04          8    13.9909
2024-05-08 12:15:0.000000     486857.2974    2285072.4582   -5914971.1207     2.7514   -26.8342   -15.4071        -0.04          8    14.1476
2024-05-08 12:15:30.000000     486857.2351    2285072.6507   -5914971.6241     2.6891   -26.6417   -15.9105        -0.04          8    14.0097
2024-05-08 12:16:0.000000     486857.4453    2285072.9181   -5914971.0937     2.8993   -26.3743   -15.3801        -0.03          8    13.8872
2024-05-08 12:16:30.000000     486857.4976    2285073.5858   -5914971.5881     2.9516   -25.7066   -15.8745        -0.03          8    13.6793
2024-05-08 12:17:0.000000     486857.3270    2285074.0409   -5914971.9432     2.7810   -25.2515   -16.2296        -0.03          8    13.7423
2024-05-08 12:17:30.000000     486857.4136    2285074.2594   -5914971.8650     2.8676   -25.0330   -16.1514        -0.03          8    13.4985
2024-05-08 12:18:0.000000     486857.4554    2285074.2064   -5914971.5221     2.9094   -25.0860   -15.8085        -0.03          8    13.5335
2024-05-08 12:18:30.000000     486857.6566    2285074.3817   -5914971.6931     3.1106   -24.9107   -15.9795        -0.03          8    13.6203
2024-05-08 12:19:0.000000     486857.7961    2285074.7791   -5914972.0879     3.2501   -24.5133   -16.3743        -0.03          8    13.5796
2024-05-08 12:19:30.000000     486857.8288    2285074.7659   -5914971.7551     3.2828   -24.5265   -16.0415        -0.03          8    13.5490
2024-05-08 12:20:0.000000     486857.7474    2285075.1264   -5914972.1751     3.2014   -24.1660   -16.4615        -0.03          8    13.4068
2024-05-08 12:20:30.000000     486857.9161    2285075.6363   -5914971.8120     3.3701   -23.6561   -16.0984        -0.03          8    13.4594
2024-05-08 12:21:0.000000     486858.0269    2285075.8640   -5914972.0361     3.4809   -23.4284   -16.3225        -0.03          8    13.5842
2024-05-08 12:21:30.000000     486858.0051    2285075.8555   -5914971.6490     3.4591   -23.4369   -15.9354        -0.03          8    13.5734
2024-05-08 12:22:0.000000     486857.9183    2285076.3728   -5914972.0713     3.3723   -22.9196   -16.3577        -0.03          8    13.4140
2024-05-08 12:22:30.000000     486857.8742    2285076.6296   -5914973.8720     3.3282   -22.6628   -18.1584        -0.03          9    12.9637
2024-05-08 12:23:0.000000     486858.0493    2285077.4124   -5914973.2742     3.5033   -21.8800   -17.5606        -0.03          9    13.0842
2024-05-08 12:23:30.000000     486857.7242    2285077.4944   -5914973.5457     3.1782   -21.7980   -17.8321        -0.02          9    13.0589
2024-05-08 12:24:0.000000     486857.8214    2285077.7267   -5914974.0260     3.2754   -21.5657   -18.3124        -0.02          9    12.8934
2024-05-08 12:24:30.000000     486858.1742    2285078.1004   -5914973.9077     3.6282   -21.1920   -18.1941        -0.02          9    12.8064
2024-05-08 12:25:0.000000     486857.9639    2285078.0836   -5914974.1116     3.4179   -21.2088   -18.3980        -0.02          9    12.6731
2024-05-08 12:25:30.000000     486858.1102    2285078.0487   -5914974.3461     3.5642   -21.2437   -18.6325        -0.02          9    12.6812
2024-05-08 12:26:0.000000     486858.0789    2285078.4322   -5914974.8600     3.5329   -20.8602   -19.1464        -0.02          9    12.7712
2024-05-08 12:26:30.000000     486858.1366    2285078.6794   -5914974.4888     3.5906   -20.6130   -18.7752        -0.02          9    12.6711
2024-05-08 12:27:0.000000     486858.3810    2285079.1144   -5914975.0724     3.8350   -20.1780   -19.3588        -0.02          9    12.7453
2024-05-08 12:27:30.000000     486858.4002    2285079.0565   -5914975.3278     3.8542   -20.2359   -19.6142        -0.02          9    12.7060
2024-05-08 12:28:0.000000     486858.5743    2285079.4456   -5914976.1535     4.0283   -19.8468   -20.4399        -0.02          9    12.6823
2024-05-08 12:28:30.000000     486858.5615    2285079.7502   -5914975.8153     4.0155   -19.5422   -20.1017        -0.02          9    12.5815
2024-05-08 12:29:0.000000     486858.7901    2285079.5972   -5914976.2904     4.2441   -19.6952   -20.5768        -0.02          9    12.4548
2024-05-08 12:29:30.000000     486858.5238    2285080.5217   -5914976.1455     3.9778   -18.7707   -20.4319        -0.02          9    12.4898
2024-05-08 12:30:0.000000     486858.5468    2285080.6017   -5914976.7226     4.0008   -18.6907   -21.0090        -0.01          9    12.5049
2024-05-08 12:30:30.000000     486858.7285    2285080.5886   -5914976.8381     4.1825   -18.7038   -21.1245        -0.01          9    12.3478
2024-05-08 12:31:0.000000     486858.8101    2285080.9196   -5914976.5880     4.2641   -18.3728   -20.8744        -0.01          9    12.3739
2024-05-08 12:31:30.000000     486858.7609    2285081.1936   -5914976.6275     4.2149   -18.0988   -20.9139        -0.01          9    12.2921
2024-05-08 12:32:0.000000     486858.8072    2285081.6938   -5914976.8640     4.2612   -17.5986   -21.1504        -0.01          9    12.2293
2024-05-08 12:32:30.000000     486858.7591    2285082.0597   -5914977.5538     4.2131   -17.2327   -21.8402        -0.01          9    12.2204
2024-05-08 12:33:0.000000     486858.7883    2285081.8677   -5914977.4994     4.2423   -17.4247   -21.7858        -0.01          9    12.2975
2024-05-08 12:33:30.000000     486858.8486    2285082.3801   -5914977.6712     4.3026   -16.9123   -21.9576        -0.01          9    12.1746
2024-05-08 12:34:0.000000     486859.0644    2285082.5588   -5914977.7359     4.5184   -16.7336   -22.0223        -0.01          9    12.2649
2024-05-08 12:34:30.000000     486859.0631    2285082.5598   -5914978.4598     4.5171   -16.7326   -22.7462        -0.01          9    12.1218
2024-05-08 12:35:0.000000     486859.2781    2285082.7191   -5914978.3896     4.7321   -16.5733   -22.6760        -0.01          9    12.2431
2024-05-08 12:35:30.000000     486859.0053    2285082.6837   -5914978.0638     4.4593   -16.6087   -22.3502        -0.01          9    12.2188
2024-05-08 12:36:0.000000     486859.0656    2285083.0219   -5914978.3066     4.5196   -16.2705   -22.5930        -0.01          9    12.1965
2024-05-08 12:36:30.000000     486858.9241    2285083.4111   -5914978.8118     4.3781   -15.8813   -23.0982        -0.01          9    12.1106
2024-05-08 12:37:0.000000     486859.2072    2285083.5942   -5914979.8821     4.6612   -15.6982   -24.1685        -0.00          9    11.9772
2024-05-08 12:37:30.000000     486856.8556    2285103.5243   -5914989.1190     2.3096     4.2319   -33.4054         0.05         10    20.6962
2024-05-08 12:38:0.000000     486859.2909    2285084.1046   -5914979.7240     4.7449   -15.1878   -24.0104        -0.01          9    12.1249
2024-05-08 12:38:30.000000     486859.4053    2285084.2425   -5914980.2272     4.8593   -15.0499   -24.5136        -0.00          9    12.0289
2024-05-08 12:39:0.000000     486859.5163    2285084.6891   -5914980.6418     4.9703   -14.6033   -24.9282        -0.00          9    12.1157
2024-05-08 12:39:30.000000     486859.3299    2285084.6122   -5914981.0317     4.7839   -14.6802   -25.3181        -0.00          9    12.1202
2024-05-08 12:40:0.000000     486859.4601    2285084.8992   -5914980.6867     4.9141   -14.3932   -24.9731        -0.00          9    11.9977
2024-05-08 12:40:30.000000     486859.5487    2285085.4265   -5914981.0210     5.0027   -13.8659   -25.3074         0.00          9    12.0039
2024-05-08 12:41:0.000000     486859.3492    2285085.3675   -5914980.4585     4.8032   -13.9249   -24.7449        -0.00          9    11.8971
2024-05-08 12:41:30.000000     486859.3818    2285085.2182   -5914981.0886     4.8358   -14.0742   -25.3750         0.00          9    11.8859
2024-05-08 12:42:0.000000     486859.3351    2285085.5545   -5914981.1474     4.7891   -13.7379   -25.4338         0.00          9    12.0173
2024-05-08 12:42:30.000000     486859.2115    2285085.7244   -5914981.6295     4.6655   -13.5680   -25.9159         0.00          9    11.8621
2024-05-08 12:43:0.000000     486859.2735    2285085.9849   -5914981.6989     4.7275   -13.3075   -25.9853         0.00         10    11.3178
2024-05-08 12:43:30.000000     486859.3831    2285086.5110   -5914982.2522     4.8371   -12.7814   -26.5386         0.00         10    11.4224
2024-05-08 12:44:0.000000     486857.3749    2285105.4894   -5914992.0680     2.8289     6.1970   -36.3544         0.05         12    20.3586
2024-05-08 12:44:30.000000     486857.2806    2285105.2635   -5914992.3250     2.7346     5.9711   -36.6114         0.05         12    20.2941
2024-05-08 12:45:0.000000     486857.1169    2285105.2476   -5914992.4872     2.5709     5.9552   -36.7736         0.05         12    20.1259
2024-05-08 12:45:30.000000     486857.3018    2285105.7507   -5914993.7806     2.7558     6.4583   -38.0670         0.06         12    20.1067
2024-05-08 12:46:0.000000     486857.2169    2285105.8715   -5914992.9878     2.6709     6.5791   -37.2742         0.06         12    20.0627
2024-05-08 12:46:30.000000     486857.1796    2285105.6351   -5914993.5512     2.6336     6.3427   -37.8376         0.06         12    20.0752
2024-05-08 12:47:0.000000     486857.5086    2285105.4519   -5914992.6881     2.9626     6.1595   -36.9745         0.06         12    20.2446
2024-05-08 12:47:30.000000     486857.4744    2285106.0325   -5914994.1653     2.9284     6.7401   -38.4517         0.06         12    20.1072
2024-05-08 12:48:0.000000     486857.6260    2285105.9255   -5914994.2371     3.0800     6.6331   -38.5235         0.06         12    20.0019
2024-05-08 12:48:30.000000     486857.6402    2285106.0706   -5914994.1577     3.0942     6.7782   -38.4441         0.06         12    19.9360
2024-05-08 12:49:0.000000     486857.5156    2285106.0114   -5914994.5483     2.9696     6.7190   -38.8347         0.06         12    19.8939
2024-05-08 12:49:30.000000     486857.4508    2285105.9573   -5914995.1996     2.9048     6.6649   -39.4860         0.06         12    20.0458
2024-05-08 12:50:0.000000     486857.4068    2285105.9051   -5914995.3699     2.8608     6.6127   -39.6563         0.06         12    20.0834
2024-05-08 12:50:30.000000     486857.5644    2285106.1391   -5914995.2053     3.0184     6.8467   -39.4917         0.06         12    20.1655
2024-05-08 12:51:0.000000     486857.6404    2285105.9430   -5914995.9121     3.0944     6.6506   -40.1985         0.06         12    20.0297
2024-05-08 12:51:30.000000     486857.5541    2285106.1591   -5914995.9282     3.0081     6.8667   -40.2146         0.06         12    20.1486
2024-05-08 12:52:0.000000     486857.5673    2285106.1641   -5914995.6597     3.0213     6.8717   -39.9461         0.06         12    19.9832
2024-05-08 12:52:30.000000     486857.5885    2285106.4196   -5914995.6358     3.0425     7.1272   -39.9222         0.06         12    20.0303
2024-05-08 12:53:0.000000     486857.6849    2285106.5117   -5914996.6660     3.1389     7.2193   -40.9524         0.06         12    19.9750
2024-05-08 12:53:30.000000     486857.7880    2285106.3408   -5914996.8208     3.2420     7.0484   -41.1072         0.06         12    20.0059
2024-05-08 12:54:0.000000     486857.3422    2285106.5875   -5914996.8965     2.7962     7.2951   -41.1829         0.06         12    20.0147
2024-05-08 12:54:30.000000     486857.6975    2285106.3714   -5914997.6058     3.1515     7.0790   -41.8922         0.07         12    19.9397
2024-05-08 12:55:0.000000     486857.3389    2285106.4793   -5914997.2535     2.7929     7.1869   -41.5399         0.07         12    19.6636
2024-05-08 12:55:30.000000     486857.6237    2285106.4149   -5914997.5422     3.0777     7.1225   -41.8286         0.07         12    20.0499
2024-05-08 12:56:0.000000     486857.6174    2285106.4069   -5914997.6229     3.0714     7.1145   -41.9093         0.07         12    19.9441
2024-05-08 12:56:30.000000     486857.2158    2285106.3942   -5914998.1100     2.6698     7.1018   -42.3964         0.07         12    19.9799
2024-05-08 12:57:0.000000     486857.5938    2285106.6693   -5914998.4467     3.0478     7.3769   -42.7331         0.07         12    20.0040
2024-05-08 12:57:30.000000     486857.5077    2285107.0719   -5914998.7196     2.9617     7.7795   -43.0060         0.07         12    19.8342
2024-05-08 12:58:0.000000     486857.6777    2285106.9086   -5914998.6975     3.1317     7.6162   -42.9839         0.07         12    19.6869
2024-05-08 12:58:30.000000     486857.9381    2285107.0809   -5914998.6329     3.3921     7.7885   -42.9193         0.07         12    19.8382
2024-05-08 12:59:0.000000     486857.8763    2285107.0984   -5914999.2568     3.3303     7.8060   -43.5432         0.07         12    19.8687
2024-05-08 12:59:30.000000     486857.5966    2285107.0611   -5914999.1046     3.0506     7.7687   -43.3910         0.07         12    19.9437
2024-05-08 13:00:0.000000     486857.8342    2285107.0939   -5915000.1412     3.2882     7.8015   -44.4276         0.07         12    19.7215
2024-05-08 13:00:30.000000     486856.8934    2285105.3940   -5914999.1234     2.3474     6.1016   -43.4098         0.07         12    20.8252
2024-05-08 13:01:0.000000     486857.1167    2285105.5251   -5914998.5617     2.5707     6.2327   -42.8481         0.07         12    20.8776
2024-05-08 13:01:30.000000     486856.8422    2285105.5850   -5914998.9150     2.2962     6.2926   -43.2014         0.07         12    20.9171
2024-05-08 13:02:0.000000     486856.8707    2285105.6426   -5914998.8072     2.3247     6.3502   -43.0936         0.06         12    20.8358
2024-05-08 13:02:30.000000     486856.8481    2285105.7645   -5914999.3169     2.3021     6.4721   -43.6033         0.07         12    20.7583
2024-05-08 13:03:0.000000     486856.8945    2285105.8158   -5914998.9160     2.3485     6.5234   -43.2024         0.07         12    20.6986
2024-05-08 13:03:30.000000     486856.9712    2285105.8006   -5914998.8132     2.4252     6.5082   -43.0996         0.06         12    20.8269
2024-05-08 13:04:0.000000     486856.8735    2285105.4427   -5914999.0711     2.3275     6.1503   -43.3575         0.07         12    20.9324
2024-05-08 13:04:30.000000     486856.8644    2285105.8108   -5914999.1327     2.3184     6.5184   -43.4191         0.07         12    20.8459
2024-05-08 13:05:0.000000     486856.9025    2285105.8357   -5914999.5811     2.3565     6.5433   -43.8675         0.07         12    20.7014
2024-05-08 13:05:30.000000     486856.5718    2285105.9868   -5914999.7900     2.0258     6.6944   -44.0764         0.07         12    21.0346
2024-05-08 13:06:0.000000     486857.0493    2285105.8570   -5915000.1652     2.5033     6.5646   -44.4516         0.07         12    21.1196
2024-05-08 13:06:30.000000     486856.6101    2285105.9102   -5915003.7203     2.0641     6.6178   -48.0067         0.08         11    21.3901
2024-05-08 13:07:0.000000     486856.8675    2285105.9945   -5915003.3009     2.3215     6.7021   -47.5873         0.08         11    21.3861
2024-05-08 13:07:30.000000     486856.5985    2285105.7931   -5915003.0754     2.0525     6.5007   -47.3618         0.08         11    21.5744
2024-05-08 13:08:0.000000     486856.5075    2285105.9700   -5915003.7314     1.9615     6.6776   -48.0178         0.08         11    21.2510
2024-05-08 13:08:30.000000     486856.6005    2285105.9158   -5915003.7862     2.0545     6.6234   -48.0726         0.08         11    21.1216
2024-05-08 13:09:0.000000     486856.5380    2285105.9736   -5915003.7323     1.9920     6.6812   -48.0187         0.08         11    20.9002
2024-05-08 13:09:30.000000     486856.6183    2285106.2447   -5915003.7395     2.0723     6.9523   -48.0259         0.08         11    21.1065
2024-05-08 13:10:0.000000     486856.6246    2285106.2917   -5915002.5238     2.0786     6.9993   -46.8102         0.08         11    21.4751
2024-05-08 13:10:30.000000     486856.6059    2285106.2898   -5915002.3486     2.0599     6.9974   -46.6350         0.08         11    21.5016
2024-05-08 13:11:0.000000     486856.5714    2285106.0576   -5915001.3572     2.0254     6.7652   -45.6436         0.07         11    21.1150
2024-05-08 13:11:30.000000     486856.5856    2285106.3068   -5915002.2384     2.0396     7.0144   -46.5248         0.08         11    21.1228
2024-05-08 13:12:0.000000     486856.7997    2285106.3683   -5915001.8312     2.2537     7.0759   -46.1176         0.07         11    21.3813
2024-05-08 13:12:30.000000     486856.6329    2285106.5144   -5915001.8602     2.0869     7.2220   -46.1466         0.07         11    21.3557
2024-05-08 13:13:0.000000     486856.7285    2285106.4779   -5915001.6340     2.1825     7.1855   -45.9204         0.07         11    21.5050
2024-05-08 13:13:30.000000     486856.4921    2285106.2311   -5915001.9949     1.9461     6.9387   -46.2813         0.07         11    21.5366
2024-05-08 13:14:0.000000     486856.6528    2285106.0358   -5915000.4690     2.1068     6.7434   -44.7554         0.07         11    21.4228
2024-05-08 13:14:30.000000     486856.7722    2285106.3671   -5914999.5100     2.2262     7.0747   -43.7964         0.07         11    21.3454
2024-05-08 13:15:0.000000     486856.6801    2285106.3823   -5914998.9630     2.1341     7.0899   -43.2494         0.07         11    21.3199
2024-05-08 13:15:30.000000     486856.6409    2285106.4252   -5914999.5681     2.0949     7.1328   -43.8545         0.07         11    21.2401
2024-05-08 13:16:0.000000     486856.6464    2285106.1586   -5914998.6933     2.1004     6.8662   -42.9797         0.07         11    21.4514
2024-05-08 13:16:30.000000     486856.8764    2285106.5108   -5914998.2808     2.3304     7.2184   -42.5672         0.07         11    21.5541
2024-05-08 13:17:0.000000     486856.7879    2285106.7466   -5914997.1257     2.2419     7.4542   -41.4121         0.07         11    21.4398
2024-05-08 13:17:30.000000     486856.7547    2285106.4608   -5914997.0991     2.2087     7.1684   -41.3855         0.07         11    21.4717
2024-05-08 13:18:0.000000     486856.6053    2285106.2048   -5914995.4176     2.0593     6.9124   -39.7040         0.06         11    21.5014
2024-05-08 13:18:30.000000     486856.7032    2285106.6490   -5914996.0722     2.1572     7.3566   -40.3586         0.06         11    21.6454
2024-05-08 13:19:0.000000     486856.4709    2285106.5039   -5914994.6883     1.9249     7.2115   -38.9747         0.06         11    21.4610
2024-05-08 13:19:30.000000     486856.3855    2285106.5000   -5914994.3175     1.8395     7.2076   -38.6039         0.06         11    21.4102
2024-05-08 13:20:0.000000     486856.2898    2285106.5346   -5914993.4357     1.7438     7.2422   -37.7221         0.06         11    21.6995
2024-05-08 13:20:30.000000     486856.5419    2285106.4659   -5914993.5009     1.9959     7.1735   -37.7873         0.06         11    21.5792
2024-05-08 13:21:0.000000     486856.3936    2285106.5480   -5914991.2320     1.8476     7.2556   -35.5184         0.06         11    21.7371
2024-05-08 13:21:30.000000     486856.3187    2285106.5639   -5914990.4668     1.7727     7.2715   -34.7532         0.05         11    21.6343
2024-05-08 13:22:0.000000     486856.2952    2285106.6044   -5914989.0477     1.7492     7.3120   -33.3341         0.05         11    21.8723
2024-05-08 13:22:30.000000     486856.2291    2285106.6504   -5914987.7394     1.6831     7.3580   -32.0258         0.05         11    21.9761
2024-05-08 13:23:0.000000     486856.2851    2285106.4847   -5914987.8019     1.7391     7.1923   -32.0883         0.05         11    21.9630
2024-05-08 13:23:30.000000     486856.4263    2285106.7724   -5914986.0080     1.8803     7.4800   -30.2944         0.05         11    22.0724
2024-05-08 13:24:0.000000     486856.2796    2285106.8290   -5914984.6630     1.7336     7.5366   -28.9494         0.04         11    21.9715
2024-05-08 13:24:30.000000     486856.3687    2285106.8414   -5914984.4509     1.8227     7.5490   -28.7373         0.04         11    21.5981
2024-05-08 13:25:0.000000     486856.2957    2285106.9098   -5914982.5755     1.7497     7.6174   -26.8619         0.04         11    21.9814
2024-05-08 13:25:30.000000     486856.3129    2285106.9823   -5914981.7310     1.7669     7.6899   -26.0174         0.04         11    21.9526
2024-05-08 13:26:0.000000     486856.3404    2285106.7095   -5914979.9364     1.7944     7.4171   -24.2228         0.03         11    22.1832
2024-05-08 13:26:30.000000     486856.3545    2285106.8377   -5914978.2701     1.8085     7.5453   -22.5565         0.03         11    22.2035
2024-05-08 13:27:0.000000     486856.5002    2285107.1050   -5914978.1679     1.9542     7.8126   -22.4543         0.03         11    22.1506
2024-05-08 13:27:30.000000     486856.6450    2285104.0694   -5914966.1640     2.0990     4.7770   -10.4504         0.00         10    17.5293
2024-05-08 13:28:0.000000     486856.9052    2285104.3949   -5914964.1960     2.3592     5.1025    -8.4824         0.00         10    17.6449
2024-05-08 13:28:30.000000     486856.9938    2285104.2461   -5914963.6495     2.4478     4.9537    -7.9359        -0.00         10    17.8336
2024-05-08 13:29:0.000000     486857.0462    2285104.2899   -5914962.2643     2.5002     4.9975    -6.5507        -0.00         10    17.7779
2024-05-08 13:29:30.000000     486857.0562    2285104.2679   -5914960.8039     2.5102     4.9755    -5.0903        -0.01         10    17.8978
2024-05-08 13:30:0.000000     486856.9629    2285104.4532   -5914958.7679     2.4169     5.1608    -3.0543        -0.01         10    17.7391
2024-05-08 13:30:30.000000     486857.0847    2285104.6231   -5914956.9194     2.5387     5.3307    -1.2058        -0.01         10    17.6488
2024-05-08 13:31:0.000000     486857.1368    2285104.5053   -5914955.4618     2.5908     5.2129     0.2518        -0.02         10    17.7600
2024-05-08 13:31:30.000000     486857.1504    2285104.4962   -5914953.0876     2.6044     5.2038     2.6260        -0.02         10    17.7937
2024-05-08 13:32:0.000000     486857.4049    2285104.6401   -5914951.6272     2.8589     5.3477     4.0864        -0.02         10    17.8543
2024-05-08 13:32:30.000000     486857.1635    2285104.2476   -5914949.7695     2.6175     4.9552     5.9441        -0.03         10    17.8763
2024-05-08 13:33:0.000000     486857.2427    2285104.3690   -5914947.9519     2.6967     5.0766     7.7617        -0.03         10    17.8164
2024-05-08 13:33:30.000000     486857.4998    2285104.7302   -5914946.0807     2.9538     5.4378     9.6329        -0.03         10    18.0478
2024-05-08 13:34:0.000000     486857.3723    2285104.5957   -5914944.0683     2.8263     5.3033    11.6453        -0.04         10    17.7390
2024-05-08 13:34:30.000000     486857.4480    2285104.6456   -5914941.9934     2.9020     5.3532    13.7202        -0.04         10    17.7799
2024-05-08 13:35:0.000000     486857.4090    2285104.8973   -5914941.0550     2.8630     5.6049    14.6586        -0.04         10    18.0005
2024-05-08 13:35:30.000000     486857.5272    2285104.8895   -5914938.5013     2.9812     5.5971    17.2123        -0.05         10    17.9757
2024-05-08 13:36:0.000000     486857.7937    2285104.6279   -5914936.4445     3.2477     5.3355    19.2691        -0.05         10    17.8008
2024-05-08 13:36:30.000000     486857.9371    2285104.8085   -5914935.0021     3.3911     5.5161    20.7115        -0.05         10    17.8784
2024-05-08 13:37:0.000000     486857.8497    2285104.9320   -5914932.1873     3.3037     5.6396    23.5263        -0.06         10    17.9993
2024-05-08 13:37:30.000000     486857.8758    2285104.9038   -5914931.1743     3.3298     5.6114    24.5393        -0.06         10    17.9912
2024-05-08 13:38:0.000000     486858.1251    2285104.8890   -5914928.7859     3.5791     5.5966    26.9277        -0.07         10    18.0338
2024-05-08 13:38:30.000000     486857.9822    2285104.5366   -5914926.2567     3.4362     5.2442    29.4569        -0.07         10    17.8071
2024-05-08 13:39:0.000000     486858.0903    2285104.8936   -5914924.7508     3.5443     5.6012    30.9628        -0.07         10    18.1947
2024-05-08 13:39:30.000000     486857.9962    2285104.7826   -5914924.5062     3.4502     5.4902    31.2074        -0.07         10    18.0778
2024-05-08 13:40:0.000000     486857.9947    2285104.7580   -5914920.6772     3.4487     5.4656    35.0364        -0.08         10    18.1490
2024-05-08 13:40:30.000000     486858.2978    2285104.9841   -5914919.2444     3.7518     5.6917    36.4692        -0.08         10    18.0045
2024-05-08 13:41:0.000000     486858.1832    2285104.9119   -5914916.8203     3.6372     5.6195    38.8933        -0.09         10    18.2356
2024-05-08 13:41:30.000000     486858.4147    2285104.8061   -5914915.4657     3.8687     5.5137    40.2479        -0.09         10    18.3254
2024-05-08 13:42:0.000000     486858.4743    2285104.7723   -5914913.8311     3.9283     5.4799    41.8825        -0.09         10    18.3883
2024-05-08 13:42:30.000000     486858.4862    2285104.9112   -5914913.2080     3.9402     5.6188    42.5056        -0.10         10    18.3041
2024-05-08 13:43:0.000000     486858.4672    2285104.7085   -5914911.4132     3.9212     5.4161    44.3004        -0.10         10    18.1933
2024-05-08 13:43:30.000000     486858.6991    2285104.9469   -5914908.6934     4.1531     5.6545    47.0202        -0.10         10    18.5027
2024-05-08 13:44:0.000000     486858.8423    2285104.7652   -5914905.5963     4.2963     5.4728    50.1173        -0.11         10    18.4745
2024-05-08 13:44:30.000000     486858.8987    2285105.0481   -5914905.1412     4.3527     5.7557    50.5724        -0.11         10    18.4267
2024-05-08 13:45:0.000000     486859.0212    2285104.8931   -5914903.3091     4.4752     5.6007    52.4045        -0.11         10    18.4553
2024-05-08 13:45:30.000000     486859.1174    2285104.6768   -5914902.3573     4.5714     5.3844    53.3563        -0.12         10    18.7030
2024-05-08 13:46:0.000000     486858.9769    2285104.8678   -5914901.7475     4.4309     5.5754    53.9661        -0.12         10    18.4791
2024-05-08 13:46:30.000000     486859.1425    2285104.8472   -5914900.2830     4.5965     5.5548    55.4306        -0.12         10    18.3439
2024-05-08 13:47:0.000000     486858.9761    2285104.5921   -5914899.7487     4.4301     5.2997    55.9649        -0.12         10    18.5012
2024-05-08 13:47:30.000000     486859.2771    2285104.8065   -5914897.8855     4.7311     5.5141    57.8281        -0.12         10    18.5268
2024-05-08 13:48:0.000000     486859.7476    2285105.2826   -5914900.6901     5.2016     5.9902    55.0235        -0.12         11    18.2230
2024-05-08 13:48:30.000000     486860.0393    2285105.1629   -5914898.8595     5.4933     5.8705    56.8541        -0.12         11    18.2226
2024-05-08 13:49:0.000000     486860.7141    2285108.3630   -5914903.7476     6.1681     9.0706    51.9660        -0.11         10    14.2290
2024-05-08 13:49:30.000000     486860.7809    2285108.5005   -5914901.4657     6.2349     9.2081    54.2479        -0.11         10    14.3201
2024-05-08 13:50:0.000000     486860.7562    2285108.4280   -5914901.7585     6.2102     9.1356    53.9551        -0.11         10    14.4163
2024-05-08 13:50:30.000000     486860.8696    2285108.1522   -5914901.7747     6.3236     8.8598    53.9389        -0.11         10    14.4436
2024-05-08 13:51:0.000000     486860.7815    2285107.8876   -5914898.8042     6.2355     8.5952    56.9094        -0.12         10    14.8085
2024-05-08 13:51:30.000000     486860.9947    2285107.9819   -5914898.4807     6.4487     8.6895    57.2329        -0.12         10    14.7456
2024-05-08 13:52:0.000000     486861.1298    2285107.7724   -5914895.8683     6.5838     8.4800    59.8453        -0.12         10    14.6909
2024-05-08 13:52:30.000000     486861.3224    2285107.8612   -5914896.6963     6.7764     8.5688    59.0173        -0.12         10    14.8500
2024-05-08 13:53:0.000000     486861.1072    2285107.8873   -5914896.7852     6.5612     8.5949    58.9284        -0.12         10    14.9950
2024-05-08 13:53:30.000000     486861.4021    2285107.8503   -5914895.5304     6.8561     8.5579    60.1832        -0.12         10    14.9970
2024-05-08 13:54:0.000000     486860.9790    2285106.7678   -5914885.6116     6.4330     7.4754    70.1020        -0.14          9    14.1987
2024-05-08 13:54:30.000000     486860.7290    2285106.4890   -5914885.3962     6.1830     7.1966    70.3174        -0.15          9    14.1739
2024-05-08 13:55:0.000000     486861.3750    2285109.2957   -5914890.5672     6.8290    10.0033    65.1464        -0.13         10    16.8212
2024-05-08 13:55:30.000000     486861.3686    2285109.5515   -5914892.5875     6.8226    10.2591    63.1261        -0.12         10    16.7813
2024-05-08 13:56:0.000000     486861.4277    2285109.4096   -5914891.0268     6.8817    10.1172    64.6868        -0.13         10    16.7459
2024-05-08 13:56:30.000000     486861.3604    2285109.9654   -5914891.1548     6.8144    10.6730    64.5588        -0.13         10    16.4246
2024-05-08 13:57:0.000000     486861.5933    2285109.8280   -5914891.2987     7.0473    10.5356    64.4149        -0.13         10    16.6615
2024-05-08 13:57:30.000000     486861.8721    2285109.6788   -5914888.7729     7.3261    10.3864    66.9407        -0.13         10    16.3041
2024-05-08 13:58:0.000000     486861.5474    2285110.1051   -5914891.0400     7.0014    10.8127    64.6736        -0.13         10    16.3268
2024-05-08 13:58:30.000000     486861.7300    2285110.0379   -5914890.1403     7.1840    10.7455    65.5733        -0.13         10    16.3630
2024-05-08 13:59:0.000000     486861.6789    2285109.8718   -5914891.1633     7.1329    10.5794    64.5503        -0.13         10    16.5126
2024-05-08 13:59:30.000000     486861.6583    2285109.9769   -5914890.1430     7.1123    10.6845    65.5706        -0.13         10    16.3111
