GPS Single Point Positioning Results (with Klobuchar Ionosphere Model (12:00-14:00))
====================================================================================================
Station: DAV100ATA
Time Window: 12:00-14:00 (UTC)
Approx Position: X=486854.5460, Y=2285099.2924, Z=-5914955.7136
GPS Week: 2313

Epoch                             X (m)           Y (m)           Z (m)     dX (m)     dY (m)     dZ (m)   Clock (us) Satellites    RMS (m)
----------------------------------------------------------------------------------------------------
2024-05-11 12:00:0.000000     486857.4320    2285067.4701   -5914967.1978     2.8860   -31.8223   -11.4842        -0.06          8    14.3138
2024-05-11 12:00:30.000000     486857.3214    2285067.4933   -5914968.0887     2.7754   -31.7991   -12.3751        -0.05          8    14.4063
2024-05-11 12:01:0.000000     486857.4566    2285067.8663   -5914967.7962     2.9106   -31.4261   -12.0826        -0.05          8    14.2215
2024-05-11 12:01:30.000000     486857.4475    2285068.0728   -5914967.9216     2.9015   -31.2196   -12.2080        -0.05          8    14.3053
2024-05-11 12:02:0.000000     486857.5511    2285068.3415   -5914967.6479     3.0051   -30.9509   -11.9343        -0.05          8    14.3848
2024-05-11 12:02:30.000000     486857.9016    2285068.6264   -5914969.0093     3.3556   -30.6660   -13.2957        -0.05          8    14.3954
2024-05-11 12:03:0.000000     486857.7058    2285068.9618   -5914968.1294     3.1598   -30.3306   -12.4158        -0.05          8    14.2619
2024-05-11 12:03:30.000000     486857.7208    2285069.4373   -5914968.9822     3.1748   -29.8551   -13.2686        -0.05          8    14.2222
2024-05-11 12:04:0.000000     486857.7767    2285069.9542   -5914968.7198     3.2307   -29.3382   -13.0062        -0.05          8    14.2769
2024-05-11 12:04:30.000000     486857.6917    2285069.9938   -5914968.5750     3.1457   -29.2986   -12.8614        -0.05          8    14.0094
2024-05-11 12:05:0.000000     486857.6520    2285070.9776   -5914968.4834     3.1060   -28.3148   -12.7698        -0.05          8    13.9479
2024-05-11 12:05:30.000000     486857.7724    2285071.0845   -5914968.4947     3.2264   -28.2079   -12.7811        -0.05          8    13.9020
2024-05-11 12:06:0.000000     486857.9788    2285070.8663   -5914968.7415     3.4328   -28.4261   -13.0279        -0.05          8    13.7956
2024-05-11 12:06:30.000000     486858.1270    2285071.2823   -5914968.4750     3.5810   -28.0101   -12.7614        -0.05          8    13.8964
2024-05-11 12:07:0.000000     486858.2261    2285071.6802   -5914968.9589     3.6801   -27.6122   -13.2453        -0.05          8    13.8936
2024-05-11 12:07:30.000000     486858.1561    2285071.8819   -5914968.5911     3.6101   -27.4105   -12.8775        -0.05          8    13.8235
2024-05-11 12:08:0.000000     486858.2995    2285072.4737   -5914968.9505     3.7535   -26.8187   -13.2369        -0.04          8    13.7423
2024-05-11 12:08:30.000000     486857.9751    2285072.2765   -5914969.1805     3.4291   -27.0159   -13.4669        -0.04          8    13.7415
2024-05-11 12:09:0.000000     486858.3517    2285073.1280   -5914969.6129     3.8057   -26.1644   -13.8993        -0.04          8    13.7391
2024-05-11 12:09:30.000000     486858.3050    2285073.3229   -5914968.4558     3.7590   -25.9695   -12.7422        -0.04          8    13.6047
2024-05-11 12:10:0.000000     486858.2893    2285073.6458   -5914969.6155     3.7433   -25.6466   -13.9019        -0.04          8    13.4302
2024-05-11 12:10:30.000000     486858.6046    2285074.3254   -5914970.2834     4.0586   -24.9670   -14.5698        -0.04          9    12.5988
2024-05-11 12:11:0.000000     486858.5064    2285074.5615   -5914970.2619     3.9604   -24.7309   -14.5483        -0.04          9    12.8763
2024-05-11 12:11:30.000000     486858.4839    2285074.9879   -5914970.9172     3.9379   -24.3045   -15.2036        -0.04          9    12.6891
2024-05-11 12:12:0.000000     486858.7444    2285075.2506   -5914970.3810     4.1984   -24.0418   -14.6674        -0.04          9    12.6641
2024-05-11 12:12:30.000000     486859.0018    2285075.2239   -5914970.7054     4.4558   -24.0685   -14.9918        -0.04          9    12.6843
2024-05-11 12:13:0.000000     486859.0776    2285075.6434   -5914971.6559     4.5316   -23.6490   -15.9423        -0.04          9    12.5121
2024-05-11 12:13:30.000000     486858.9196    2285076.1385   -5914971.0452     4.3736   -23.1539   -15.3316        -0.04          9    12.4895
2024-05-11 12:14:0.000000     486858.9051    2285076.2743   -5914971.0502     4.3591   -23.0181   -15.3366        -0.04          9    12.4608
2024-05-11 12:14:30.000000     486859.1482    2285076.3526   -5914971.1517     4.6022   -22.9398   -15.4381        -0.03          9    12.4751
2024-05-11 12:15:0.000000     486859.2751    2285076.3531   -5914971.8446     4.7291   -22.9393   -16.1310        -0.03          9    12.4842
2024-05-11 12:15:30.000000     486859.1340    2285077.0316   -5914972.3752     4.5880   -22.2608   -16.6616        -0.03          9    12.4325
2024-05-11 12:16:0.000000     486856.9679    2285100.0939   -5914980.6458     2.4219     0.8015   -24.9322         0.02         10    20.7795
2024-05-11 12:16:30.000000     486859.0794    2285077.2608   -5914972.2841     4.5334   -22.0316   -16.5705        -0.03          9    12.3112
2024-05-11 12:17:0.000000     486859.3453    2285077.5908   -5914972.4085     4.7993   -21.7016   -16.6949        -0.03          9    12.3842
2024-05-11 12:17:30.000000     486856.9602    2285100.1756   -5914981.0187     2.4142     0.8832   -25.3051         0.02         10    20.8031
2024-05-11 12:18:0.000000     486857.1356    2285100.0478   -5914980.9860     2.5896     0.7554   -25.2724         0.02         10    20.8557
2024-05-11 12:18:30.000000     486857.3859    2285100.2185   -5914982.6147     2.8399     0.9261   -26.9011         0.03         10    20.7322
2024-05-11 12:19:0.000000     486857.6079    2285100.2125   -5914981.9316     3.0619     0.9201   -26.2180         0.02         10    20.8706
2024-05-11 12:19:30.000000     486859.7528    2285078.5291   -5914973.3583     5.2068   -20.7633   -17.6447        -0.03          9    12.3705
2024-05-11 12:20:0.000000     486859.9125    2285078.7581   -5914973.9422     5.3665   -20.5343   -18.2286        -0.03          9    12.3287
2024-05-11 12:20:30.000000     486857.6079    2285100.5823   -5914983.2240     3.0619     1.2899   -27.5104         0.03         10    20.9935
2024-05-11 12:21:0.000000     486860.0752    2285079.7739   -5914974.4358     5.5292   -19.5185   -18.7222        -0.02          9    12.2396
2024-05-11 12:21:30.000000     486857.8128    2285100.2698   -5914983.1529     3.2668     0.9774   -27.4393         0.03         10    20.8260
2024-05-11 12:22:0.000000     486857.7629    2285100.2785   -5914983.3163     3.2169     0.9861   -27.6027         0.03         10    20.9040
2024-05-11 12:22:30.000000     486857.4253    2285100.5871   -5914984.0564     2.8793     1.2947   -28.3428         0.03         10    20.6662
2024-05-11 12:23:0.000000     486857.4924    2285100.8627   -5914984.5015     2.9464     1.5703   -28.7879         0.03         10    20.9729
2024-05-11 12:23:30.000000     486857.6028    2285100.4888   -5914984.4022     3.0568     1.1964   -28.6886         0.03         10    20.7671
2024-05-11 12:24:0.000000     486857.7232    2285100.6234   -5914984.8341     3.1772     1.3310   -29.1205         0.03         10    20.7486
2024-05-11 12:24:30.000000     486857.8701    2285101.1468   -5914985.5102     3.3241     1.8544   -29.7966         0.03         10    20.9153
2024-05-11 12:25:0.000000     486858.2590    2285101.1286   -5914986.8950     3.7130     1.8362   -31.1814         0.04         10    20.9557
2024-05-11 12:25:30.000000     486858.4908    2285101.2058   -5914986.4750     3.9448     1.9134   -30.7614         0.03         10    20.9655
2024-05-11 12:26:0.000000     486858.1533    2285101.4376   -5914986.5826     3.6073     2.1452   -30.8690         0.03         10    20.8983
2024-05-11 12:26:30.000000     486858.2465    2285101.4551   -5914988.1153     3.7005     2.1627   -32.4017         0.04         10    20.6851
2024-05-11 12:27:0.000000     486858.3095    2285101.5513   -5914988.1719     3.7635     2.2589   -32.4583         0.04         10    20.8042
2024-05-11 12:27:30.000000     486858.3411    2285101.6026   -5914987.4710     3.7951     2.3102   -31.7574         0.04         10    20.7985
2024-05-11 12:28:0.000000     486858.4150    2285101.6750   -5914988.1310     3.8690     2.3826   -32.4174         0.04         10    20.6741
2024-05-11 12:28:30.000000     486858.3921    2285101.7499   -5914987.4095     3.8461     2.4575   -31.6959         0.04         10    20.6135
2024-05-11 12:29:0.000000     486858.3769    2285101.7788   -5914988.4211     3.8309     2.4864   -32.7075         0.04         10    20.6924
2024-05-11 12:29:30.000000     486858.3149    2285102.0216   -5914988.4082     3.7689     2.7292   -32.6946         0.04         10    20.8578
2024-05-11 12:30:0.000000     486858.5501    2285101.8518   -5914989.2244     4.0041     2.5594   -33.5108         0.04         10    20.6629
2024-05-11 12:30:30.000000     486858.7962    2285101.5945   -5914986.9996     4.2502     2.3021   -31.2860         0.04         11    20.3021
2024-05-11 12:31:0.000000     486858.8688    2285101.5693   -5914986.6036     4.3228     2.2769   -30.8900         0.03         11    20.2008
2024-05-11 12:31:30.000000     486858.9916    2285101.9283   -5914986.9780     4.4456     2.6359   -31.2644         0.04         11    20.1861
2024-05-11 12:32:0.000000     486858.8554    2285102.9133   -5914988.3901     4.3094     3.6209   -32.6765         0.04         12    19.7736
2024-05-11 12:32:30.000000     486858.8731    2285102.9960   -5914988.3167     4.3271     3.7036   -32.6031         0.04         12    19.7502
2024-05-11 12:33:0.000000     486858.9407    2285103.2238   -5914988.4301     4.3947     3.9314   -32.7165         0.04         12    19.5659
2024-05-11 12:33:30.000000     486859.2747    2285103.3760   -5914988.2707     4.7287     4.0836   -32.5571         0.04         12    19.6215
2024-05-11 12:34:0.000000     486859.0807    2285103.3734   -5914988.6168     4.5347     4.0810   -32.9032         0.04         12    19.8328
2024-05-11 12:34:30.000000     486859.4384    2285103.7306   -5914988.3896     4.8924     4.4382   -32.6760         0.04         12    19.8228
2024-05-11 12:35:0.000000     486859.4371    2285103.7185   -5914989.0377     4.8911     4.4261   -33.3241         0.04         12    19.8134
2024-05-11 12:35:30.000000     486859.3259    2285103.6839   -5914989.5682     4.7799     4.3915   -33.8546         0.04         12    19.9040
2024-05-11 12:36:0.000000     486859.3066    2285103.6899   -5914989.0008     4.7606     4.3975   -33.2872         0.04         12    19.8959
2024-05-11 12:36:30.000000     486859.1762    2285103.7245   -5914989.5209     4.6302     4.4321   -33.8073         0.04         12    19.8467
2024-05-11 12:37:0.000000     486859.0086    2285103.6770   -5914990.0657     4.4626     4.3846   -34.3521         0.04         12    19.9682
2024-05-11 12:37:30.000000     486859.1182    2285103.9194   -5914990.5491     4.5722     4.6270   -34.8355         0.05         12    20.2352
2024-05-11 12:38:0.000000     486859.0698    2285103.9283   -5914990.2961     4.5238     4.6359   -34.5825         0.04         12    20.0838
2024-05-11 12:38:30.000000     486859.1669    2285103.8386   -5914990.3001     4.6209     4.5462   -34.5865         0.04         12    20.1952
2024-05-11 12:39:0.000000     486859.2496    2285103.8219   -5914990.2667     4.7036     4.5295   -34.5531         0.04         12    20.0505
2024-05-11 12:39:30.000000     486859.3479    2285104.0041   -5914990.7306     4.8019     4.7117   -35.0170         0.05         12    20.0417
2024-05-11 12:40:0.000000     486859.4372    2285104.0324   -5914989.9587     4.8912     4.7400   -34.2451         0.04         12    20.0329
2024-05-11 12:40:30.000000     486859.5189    2285104.2454   -5914990.8436     4.9729     4.9530   -35.1300         0.05         12    19.9773
2024-05-11 12:41:0.000000     486859.4297    2285103.9741   -5914990.7386     4.8837     4.6817   -35.0250         0.05         12    20.0366
2024-05-11 12:41:30.000000     486859.3770    2285104.2042   -5914991.4881     4.8310     4.9118   -35.7745         0.05         12    20.1117
2024-05-11 12:42:0.000000     486859.6583    2285104.6284   -5914991.9018     5.1123     5.3360   -36.1882         0.05         12    20.1881
2024-05-11 12:42:30.000000     486859.4929    2285104.1120   -5914992.3548     4.9469     4.8196   -36.6412         0.05         12    19.8556
2024-05-11 12:43:0.000000     486859.4982    2285104.7441   -5914992.7523     4.9522     5.4517   -37.0387         0.05         12    20.2240
2024-05-11 12:43:30.000000     486859.6272    2285104.3530   -5914992.4890     5.0812     5.0606   -36.7754         0.05         12    20.2627
2024-05-11 12:44:0.000000     486859.4246    2285104.7435   -5914992.7055     4.8786     5.4511   -36.9919         0.05         12    20.3149
2024-05-11 12:44:30.000000     486859.4454    2285105.1649   -5914993.3592     4.8994     5.8725   -37.6456         0.05         12    20.1228
2024-05-11 12:45:0.000000     486859.4994    2285105.0957   -5914992.7010     4.9534     5.8033   -36.9874         0.05         12    20.2932
2024-05-11 12:45:30.000000     486859.3431    2285104.9567   -5914992.7060     4.7971     5.6643   -36.9924         0.05         12    20.1348
2024-05-11 12:46:0.000000     486859.4171    2285105.1874   -5914993.0394     4.8711     5.8950   -37.3258         0.05         12    20.1627
2024-05-11 12:46:30.000000     486859.7810    2285105.6196   -5914994.6698     5.2350     6.3272   -38.9562         0.06         12    20.2118
2024-05-11 12:47:0.000000     486859.7205    2285105.5833   -5914994.6151     5.1745     6.2909   -38.9015         0.06         12    20.1718
2024-05-11 12:47:30.000000     486859.7188    2285105.2045   -5914993.7135     5.1728     5.9121   -37.9999         0.05         12    20.1661
2024-05-11 12:48:0.000000     486859.5272    2285105.5474   -5914994.1643     4.9812     6.2550   -38.4507         0.05         12    20.0511
2024-05-11 12:48:30.000000     486859.4493    2285105.6582   -5914993.7318     4.9033     6.3658   -38.0182         0.05         12    20.2002
2024-05-11 12:49:0.000000     486859.3675    2285105.8951   -5914993.4760     4.8215     6.6027   -37.7624         0.05         12    20.0601
2024-05-11 12:49:30.000000     486859.4445    2285105.9152   -5914993.1110     4.8985     6.6228   -37.3974         0.05         12    20.2367
2024-05-11 12:50:0.000000     486859.2712    2285105.7307   -5914993.7087     4.7252     6.4383   -37.9951         0.05         12    20.0714
2024-05-11 12:50:30.000000     486859.2235    2285105.7776   -5914993.6220     4.6775     6.4852   -37.9084         0.05         12    19.9567
2024-05-11 12:51:0.000000     486859.6033    2285105.8923   -5914994.0087     5.0573     6.5999   -38.2951         0.06         12    20.1205
2024-05-11 12:51:30.000000     486859.3916    2285105.6388   -5914993.5459     4.8456     6.3464   -37.8323         0.05         12    20.2784
2024-05-11 12:52:0.000000     486859.7131    2285106.0061   -5914993.6557     5.1671     6.7137   -37.9421         0.05         12    20.1493
2024-05-11 12:52:30.000000     486859.4303    2285106.1540   -5914993.3876     4.8843     6.8616   -37.6740         0.05         12    20.1756
2024-05-11 12:53:0.000000     486859.3815    2285106.1041   -5914994.1551     4.8355     6.8117   -38.4415         0.06         12    20.2436
2024-05-11 12:53:30.000000     486859.3347    2285106.2627   -5914994.1948     4.7887     6.9703   -38.4812         0.06         12    20.2567
2024-05-11 12:54:0.000000     486859.6414    2285106.4810   -5914994.4422     5.0954     7.1886   -38.7286         0.06         12    20.0071
2024-05-11 12:54:30.000000     486859.2122    2285106.4478   -5914997.8092     4.6662     7.1554   -42.0956         0.06         11    20.5374
2024-05-11 12:55:0.000000     486859.1268    2285106.2938   -5914997.6867     4.5808     7.0014   -41.9731         0.06         11    20.5940
2024-05-11 12:55:30.000000     486859.2947    2285106.5347   -5914998.1018     4.7487     7.2423   -42.3882         0.06         11    20.4181
2024-05-11 12:56:0.000000     486859.0999    2285106.4396   -5914998.4246     4.5539     7.1472   -42.7110         0.06         11    20.3497
2024-05-11 12:56:30.000000     486859.1652    2285106.3299   -5914997.8774     4.6192     7.0375   -42.1638         0.06         11    20.2465
2024-05-11 12:57:0.000000     486859.0830    2285106.7925   -5914998.5733     4.5370     7.5001   -42.8597         0.07         11    20.2722
2024-05-11 12:57:30.000000     486858.9630    2285106.7776   -5914996.3766     4.4170     7.4852   -40.6630         0.06         11    20.5118
2024-05-11 12:58:0.000000     486859.0938    2285106.9059   -5914997.2927     4.5478     7.6135   -41.5791         0.06         11    20.4214
2024-05-11 12:58:30.000000     486859.1156    2285106.9767   -5914995.9862     4.5696     7.6843   -40.2726         0.06         11    20.4022
2024-05-11 12:59:0.000000     486859.3356    2285106.9134   -5914996.5678     4.7896     7.6210   -40.8542         0.06         11    20.1424
2024-05-11 12:59:30.000000     486859.1278    2285106.9308   -5914995.0932     4.5818     7.6384   -39.3796         0.06         11    20.3904
2024-05-11 13:00:0.000000     486859.2414    2285107.2133   -5914994.0642     4.6954     7.9209   -38.3506         0.06         11    20.6067
2024-05-11 13:00:30.000000     486856.1427    2285104.0490   -5914994.3841     1.5967     4.7566   -38.6705         0.05         11    20.9337
2024-05-11 13:01:0.000000     486856.0890    2285104.0241   -5914995.0363     1.5430     4.7317   -39.3227         0.05         11    21.0153
2024-05-11 13:01:30.000000     486855.8146    2285104.1117   -5914993.3034     1.2686     4.8193   -37.5898         0.05         11    20.7798
2024-05-11 13:02:0.000000     486856.0370    2285104.3486   -5914993.5343     1.4910     5.0562   -37.8207         0.05         11    20.6468
2024-05-11 13:02:30.000000     486855.9623    2285104.3142   -5914992.7280     1.4163     5.0218   -37.0144         0.05         11    20.8362
2024-05-11 13:03:0.000000     486856.1956    2285104.2326   -5914992.9854     1.6496     4.9402   -37.2718         0.05         11    20.8213
2024-05-11 13:03:30.000000     486855.9566    2285104.4051   -5914991.4251     1.4106     5.1127   -35.7115         0.05         11    20.6760
2024-05-11 13:04:0.000000     486856.1016    2285104.5303   -5914991.3303     1.5556     5.2379   -35.6167         0.05         11    20.6885
2024-05-11 13:04:30.000000     486855.9274    2285104.7912   -5914990.0022     1.3814     5.4988   -34.2886         0.04         11    20.8106
2024-05-11 13:05:0.000000     486856.0337    2285104.2920   -5914989.1210     1.4877     4.9996   -33.4074         0.04         11    20.6867
2024-05-11 13:05:30.000000     486855.9734    2285104.3287   -5914988.8245     1.4274     5.0363   -33.1109         0.04         11    20.8651
2024-05-11 13:06:0.000000     486855.9876    2285104.4682   -5914987.8025     1.4416     5.1758   -32.0889         0.04         11    20.5655
2024-05-11 13:06:30.000000     486855.7187    2285104.8099   -5914987.6246     1.1727     5.5175   -31.9110         0.04         11    20.5035
2024-05-11 13:07:0.000000     486855.8709    2285104.2468   -5914986.8027     1.3249     4.9544   -31.0891         0.04         11    20.5518
2024-05-11 13:07:30.000000     486855.8293    2285104.5520   -5914986.3325     1.2833     5.2596   -30.6189         0.04         11    20.5960
2024-05-11 13:08:0.000000     486855.7969    2285104.6166   -5914985.0449     1.2509     5.3242   -29.3313         0.03         11    20.9094
2024-05-11 13:08:30.000000     486855.8168    2285104.6465   -5914984.3692     1.2708     5.3541   -28.6556         0.03         11    20.9436
2024-05-11 13:09:0.000000     486855.7807    2285104.9490   -5914983.9226     1.2347     5.6566   -28.2090         0.03         11    21.0469
2024-05-11 13:09:30.000000     486855.8655    2285105.0387   -5914982.4070     1.3195     5.7463   -26.6934         0.03         11    21.0092
2024-05-11 13:10:0.000000     486855.9327    2285104.9776   -5914981.0121     1.3867     5.6852   -25.2985         0.03         11    21.0580
2024-05-11 13:10:30.000000     486855.6170    2285104.6751   -5914981.2080     1.0710     5.3827   -25.4944         0.03         11    21.0512
2024-05-11 13:11:0.000000     486855.6538    2285105.1295   -5914980.2393     1.1078     5.8371   -24.5257         0.03         11    21.2131
2024-05-11 13:11:30.000000     486855.8258    2285105.2809   -5914978.3599     1.2798     5.9885   -22.6463         0.02         11    21.4452
2024-05-11 13:12:0.000000     486855.9530    2285105.2916   -5914978.6019     1.4070     5.9992   -22.8883         0.02         11    21.2054
2024-05-11 13:12:30.000000     486855.9172    2285105.0303   -5914977.1087     1.3712     5.7379   -21.3951         0.02         11    21.3771
2024-05-11 13:13:0.000000     486855.9092    2285105.1064   -5914975.3382     1.3632     5.8140   -19.6246         0.02         11    21.2805
2024-05-11 13:13:30.000000     486855.9887    2285105.1769   -5914973.4137     1.4427     5.8845   -17.7001         0.01         11    21.1878
2024-05-11 13:14:0.000000     486855.8053    2285105.1346   -5914971.4300     1.2593     5.8422   -15.7164         0.01         11    21.2342
2024-05-11 13:14:30.000000     486855.6082    2285105.1434   -5914970.6563     1.0622     5.8510   -14.9427         0.01         11    21.3431
2024-05-11 13:15:0.000000     486855.6208    2285105.2178   -5914968.8623     1.0748     5.9254   -13.1487         0.00         11    21.4519
2024-05-11 13:15:30.000000     486856.2136    2285102.9635   -5914958.8558     1.6676     3.6711    -3.1422        -0.02         10    17.8728
2024-05-11 13:16:0.000000     486856.1318    2285102.8592   -5914958.0309     1.5858     3.5668    -2.3173        -0.02         10    18.1765
2024-05-11 13:16:30.000000     486856.3141    2285102.9847   -5914956.2713     1.7681     3.6923    -0.5577        -0.02         10    18.1786
2024-05-11 13:17:0.000000     486856.1729    2285102.7100   -5914954.4578     1.6269     3.4176     1.2558        -0.03         10    18.3211
2024-05-11 13:17:30.000000     486856.0448    2285102.8486   -5914952.8840     1.4988     3.5562     2.8296        -0.03         10    18.2563
2024-05-11 13:18:0.000000     486855.8238    2285103.1244   -5914951.7124     1.2778     3.8320     4.0012        -0.03         10    18.1683
2024-05-11 13:18:30.000000     486856.1559    2285103.0652   -5914948.8385     1.6099     3.7728     6.8751        -0.04         10    18.1789
2024-05-11 13:19:0.000000     486856.0617    2285102.9634   -5914947.9030     1.5157     3.6710     7.8106        -0.04         10    18.4155
2024-05-11 13:19:30.000000     486856.0361    2285103.1219   -5914946.1286     1.4901     3.8295     9.5850        -0.04         10    18.2804
2024-05-11 13:20:0.000000     486856.1469    2285102.9749   -5914944.0443     1.6009     3.6825    11.6693        -0.05         10    18.5412
2024-05-11 13:20:30.000000     486856.1945    2285103.2727   -5914942.8530     1.6485     3.9803    12.8606        -0.05         10    18.6053
2024-05-11 13:21:0.000000     486856.0825    2285103.1789   -5914941.4743     1.5365     3.8865    14.2393        -0.05         10    18.6112
2024-05-11 13:21:30.000000     486856.2440    2285103.8268   -5914939.3408     1.6980     4.5344    16.3728        -0.06         10    18.7568
2024-05-11 13:22:0.000000     486856.4825    2285103.3092   -5914934.6237     1.9365     4.0168    21.0899        -0.07         10    18.6163
2024-05-11 13:22:30.000000     486856.2535    2285103.4693   -5914934.0065     1.7075     4.1769    21.7071        -0.07         10    18.7699
2024-05-11 13:23:0.000000     486856.2614    2285103.3433   -5914933.1806     1.7154     4.0509    22.5330        -0.07         10    18.8918
2024-05-11 13:23:30.000000     486856.2051    2285103.7359   -5914931.5557     1.6591     4.4435    24.1579        -0.07         10    18.9455
2024-05-11 13:24:0.000000     486856.5601    2285103.6221   -5914929.4379     2.0141     4.3297    26.2757        -0.07         10    18.8452
2024-05-11 13:24:30.000000     486856.7132    2285103.6416   -5914928.0377     2.1672     4.3492    27.6759        -0.08         10    19.0177
2024-05-11 13:25:0.000000     486856.6178    2285103.5756   -5914926.6930     2.0718     4.2832    29.0206        -0.08         10    18.9254
2024-05-11 13:25:30.000000     486856.6755    2285103.1819   -5914925.2151     2.1295     3.8895    30.4985        -0.08         10    18.8169
2024-05-11 13:26:0.000000     486856.8631    2285102.8563   -5914922.1092     2.3171     3.5639    33.6044        -0.09         10    18.7630
2024-05-11 13:26:30.000000     486856.7366    2285102.9706   -5914920.3005     2.1906     3.6782    35.4131        -0.09         10    18.8572
2024-05-11 13:27:0.000000     486856.6377    2285102.9906   -5914919.9932     2.0917     3.6982    35.7204        -0.09         10    18.7882
2024-05-11 13:27:30.000000     486856.8214    2285102.9018   -5914918.2524     2.2754     3.6094    37.4612        -0.10         10    18.9013
2024-05-11 13:28:0.000000     486856.7707    2285103.4372   -5914915.7328     2.2247     4.1448    39.9808        -0.10         10    18.8835
2024-05-11 13:28:30.000000     486857.0216    2285102.7585   -5914912.5306     2.4756     3.4661    43.1830        -0.11         10    18.8085
2024-05-11 13:29:0.000000     486857.1337    2285103.2043   -5914912.5867     2.5877     3.9119    43.1269        -0.11         10    18.8825
2024-05-11 13:29:30.000000     486857.1832    2285103.0245   -5914909.3671     2.6372     3.7321    46.3465        -0.11         10    18.9952
2024-05-11 13:30:0.000000     486857.2391    2285102.9221   -5914909.7304     2.6931     3.6297    45.9832        -0.11         10    19.0430
2024-05-11 13:30:30.000000     486857.2286    2285102.5360   -5914908.0266     2.6826     3.2436    47.6870        -0.12         10    18.9469
2024-05-11 13:31:0.000000     486857.3468    2285102.7005   -5914906.5482     2.8008     3.4081    49.1654        -0.12         10    19.0993
2024-05-11 13:31:30.000000     486857.4752    2285103.0696   -5914902.5997     2.9292     3.7772    53.1139        -0.13         10    19.2871
2024-05-11 13:32:0.000000     486857.8029    2285102.9281   -5914901.6027     3.2569     3.6357    54.1109        -0.13         10    19.0429
2024-05-11 13:32:30.000000     486857.6842    2285103.0584   -5914900.0845     3.1382     3.7660    55.6291        -0.13         10    19.2361
2024-05-11 13:33:0.000000     486857.9471    2285102.8944   -5914898.5194     3.4011     3.6020    57.1942        -0.13         10    19.4025
2024-05-11 13:33:30.000000     486857.9202    2285102.9918   -5914897.2843     3.3742     3.6994    58.4293        -0.14         10    19.3874
2024-05-11 13:34:0.000000     486857.8921    2285102.9554   -5914896.6510     3.3461     3.6630    59.0626        -0.14         10    19.2641
2024-05-11 13:34:30.000000     486858.0251    2285102.8426   -5914894.6342     3.4791     3.5502    61.0794        -0.14         10    19.2292
2024-05-11 13:35:0.000000     486858.0474    2285102.8984   -5914893.8890     3.5014     3.6060    61.8246        -0.14         10    19.3046
2024-05-11 13:35:30.000000     486858.1386    2285102.7796   -5914892.4815     3.5926     3.4872    63.2321        -0.14         10    19.3398
2024-05-11 13:36:0.000000     486858.7738    2285103.5373   -5914893.8093     4.2278     4.2449    61.9043        -0.14         11    18.9011
2024-05-11 13:36:30.000000     486859.4500    2285106.8369   -5914899.2278     4.9040     7.5445    56.4858        -0.12         10    14.7972
2024-05-11 13:37:0.000000     486859.7670    2285106.9728   -5914898.2101     5.2210     7.6804    57.5035        -0.13         10    14.6152
2024-05-11 13:37:30.000000     486859.8688    2285106.5012   -5914895.8093     5.3228     7.2088    59.9043        -0.13         10    14.7964
2024-05-11 13:38:0.000000     486859.8292    2285106.7719   -5914895.9078     5.2832     7.4795    59.8058        -0.13         10    15.0762
2024-05-11 13:38:30.000000     486859.7208    2285106.9296   -5914894.3812     5.1748     7.6372    61.3324        -0.13         10    15.1847
2024-05-11 13:39:0.000000     486859.9726    2285106.4153   -5914893.9866     5.4266     7.1229    61.7270        -0.13         10    15.2027
2024-05-11 13:39:30.000000     486860.0453    2285106.5901   -5914892.1425     5.4993     7.2977    63.5711        -0.14         10    15.1010
2024-05-11 13:40:0.000000     486860.1258    2285107.0193   -5914891.5172     5.5798     7.7269    64.1964        -0.14         10    15.0266
2024-05-11 13:40:30.000000     486860.3105    2285106.5603   -5914890.2229     5.7645     7.2679    65.4907        -0.14         10    15.3138
2024-05-11 13:41:0.000000     486860.3004    2285106.3827   -5914890.4261     5.7544     7.0903    65.2875        -0.14         10    15.5302
2024-05-11 13:41:30.000000     486859.8522    2285105.5641   -5914880.4254     5.3062     6.2717    75.2882        -0.16          9    14.6662
2024-05-11 13:42:0.000000     486859.8903    2285105.3760   -5914880.8527     5.3443     6.0836    74.8609        -0.16          9    14.5251
2024-05-11 13:42:30.000000     486860.1654    2285107.9361   -5914884.1410     5.6194     8.6437    71.5726        -0.15         10    15.9443
2024-05-11 13:43:0.000000     486860.3709    2285108.1860   -5914885.4089     5.8249     8.8936    70.3047        -0.15         10    15.9469
2024-05-11 13:43:30.000000     486860.3278    2285108.2559   -5914884.3369     5.7818     8.9635    71.3767        -0.15         10    15.7370
2024-05-11 13:44:0.000000     486860.2954    2285107.9004   -5914885.1526     5.7494     8.6080    70.5610        -0.15         10    15.9630
2024-05-11 13:44:30.000000     486860.1986    2285108.0657   -5914885.5478     5.6526     8.7733    70.1658        -0.15         10    15.8998
2024-05-11 13:45:0.000000     486860.5548    2285107.9782   -5914884.0940     6.0088     8.6858    71.6196        -0.15         10    16.1041
2024-05-11 13:45:30.000000     486860.6663    2285107.9671   -5914883.1252     6.1203     8.6747    72.5884        -0.15         10    15.9939
2024-05-11 13:46:0.000000     486860.6309    2285108.1196   -5914883.2920     6.0849     8.8272    72.4216        -0.15         10    16.0036
2024-05-11 13:46:30.000000     486860.4555    2285108.2228   -5914884.9391     5.9095     8.9304    70.7745        -0.15         10    15.9401
2024-05-11 13:47:0.000000     486860.5093    2285108.0251   -5914884.1644     5.9633     8.7327    71.5492        -0.15         10    16.1238
2024-05-11 13:47:30.000000     486860.7900    2285108.1351   -5914883.7069     6.2440     8.8427    72.0067        -0.15         10    15.8199
2024-05-11 13:48:0.000000     486860.6450    2285108.0017   -5914883.5164     6.0990     8.7093    72.1972        -0.15         10    15.9932
2024-05-11 13:48:30.000000     486860.8824    2285108.3353   -5914884.0041     6.3364     9.0429    71.7095        -0.15         10    15.9803
2024-05-11 13:49:0.000000     486860.6532    2285108.0640   -5914882.6065     6.1072     8.7716    73.1071        -0.15         10    15.7392
2024-05-11 13:49:30.000000     486860.6807    2285108.7525   -5914886.6724     6.1347     9.4601    69.0412        -0.15         10    15.7448
2024-05-11 13:50:0.000000     486858.6099    2285111.0131   -5914903.5597     4.0639    11.7207    52.1539        -0.11         11    20.4259
2024-05-11 13:50:30.000000     486858.7648    2285111.2468   -5914904.7085     4.2188    11.9544    51.0051        -0.10         11    20.2572
2024-05-11 13:51:0.000000     486858.8797    2285111.3050   -5914904.3934     4.3337    12.0126    51.3202        -0.10         11    20.3044
2024-05-11 13:51:30.000000     486858.7894    2285111.5862   -5914904.7670     4.2434    12.2938    50.9466        -0.10         11    20.1616
2024-05-11 13:52:0.000000     486858.7617    2285111.4799   -5914906.4108     4.2157    12.1875    49.3028        -0.10         11    20.1228
2024-05-11 13:52:30.000000     486858.6222    2285111.6170   -5914907.2852     4.0762    12.3246    48.4284        -0.10         11    19.6662
2024-05-11 13:53:0.000000     486858.8403    2285111.9696   -5914908.1874     4.2943    12.6772    47.5262        -0.09         11    19.7082
2024-05-11 13:53:30.000000     486858.5273    2285112.1362   -5914909.4797     3.9813    12.8438    46.2339        -0.09         11    19.3050
2024-05-11 13:54:0.000000     486858.6402    2285112.1861   -5914910.4391     4.0942    12.8937    45.2745        -0.09         11    19.2420
2024-05-11 13:54:30.000000     486858.7090    2285112.2170   -5914910.8185     4.1630    12.9246    44.8951        -0.09         11    19.4169
2024-05-11 13:55:0.000000     486858.2319    2285112.5552   -5914910.9554     3.6859    13.2628    44.7582        -0.09         11    19.0115
2024-05-11 13:55:30.000000     486858.3134    2285112.4766   -5914911.7141     3.7674    13.1842    43.9995        -0.09         11    18.7795
2024-05-11 13:56:0.000000     486858.3171    2285112.5664   -5914912.3907     3.7711    13.2740    43.3229        -0.09         11    18.8265
2024-05-11 13:56:30.000000     486858.2449    2285112.7491   -5914913.1449     3.6989    13.4567    42.5687        -0.08         11    18.5058
2024-05-11 13:57:0.000000     486858.3871    2285113.0262   -5914914.6026     3.8411    13.7338    41.1110        -0.08         11    18.4447
2024-05-11 13:57:30.000000     486858.1888    2285113.1331   -5914915.3149     3.6428    13.8407    40.3987        -0.08         11    18.2652
2024-05-11 13:58:0.000000     486858.4171    2285113.3914   -5914914.8500     3.8711    14.0990    40.8636        -0.08         11    18.4007
2024-05-11 13:58:30.000000     486858.2269    2285113.5006   -5914915.9734     3.6809    14.2082    39.7402        -0.08         11    18.2265
2024-05-11 13:59:0.000000     486858.0558    2285113.7447   -5914916.2916     3.5098    14.4523    39.4220        -0.08         11    18.0722
2024-05-11 13:59:30.000000     486858.1855    2285113.4309   -5914916.7902     3.6395    14.1385    38.9234        -0.08         11    17.8441
