GPS Single Point Positioning Results (with Klobuchar Ionosphere Model (12:00-14:00))
====================================================================================================
Station: DAV100ATA
Time Window: 12:00-14:00 (UTC)
Approx Position: X=486854.5460, Y=2285099.2924, Z=-5914955.7136
GPS Week: 2313

Epoch                             X (m)           Y (m)           Z (m)     dX (m)     dY (m)     dZ (m)   Clock (us) Satellites    RMS (m)
----------------------------------------------------------------------------------------------------
2024-05-08 12:00:0.000000     486857.7616    2285073.1467   -5914974.3089     3.2156   -26.1457   -18.5953        -0.03          9    20.3513
2024-05-08 12:00:30.000000     486857.9032    2285073.4338   -5914973.9929     3.3572   -25.8586   -18.2793        -0.03          9    20.3883
2024-05-08 12:01:0.000000     486857.9269    2285073.5231   -5914973.7284     3.3809   -25.7693   -18.0148        -0.03          9    20.1931
2024-05-08 12:01:30.000000     486857.9533    2285073.5119   -5914973.6655     3.4073   -25.7805   -17.9519        -0.03          9    20.3802
2024-05-08 12:02:0.000000     486858.0149    2285073.3883   -5914973.5154     3.4689   -25.9041   -17.8018        -0.03          9    20.3446
2024-05-08 12:02:30.000000     486857.5534    2285073.4373   -5914973.3372     3.0074   -25.8551   -17.6236        -0.03          9    20.1331
2024-05-08 12:03:0.000000     486858.0029    2285073.5753   -5914973.1885     3.4569   -25.7171   -17.4749        -0.03          9    19.9846
2024-05-08 12:03:30.000000     486857.8576    2285073.2734   -5914972.8950     3.3116   -26.0190   -17.1814        -0.03          9    20.0269
2024-05-08 12:04:0.000000     486857.6747    2285073.6807   -5914972.4380     3.1287   -25.6117   -16.7244        -0.03          9    20.0055
2024-05-08 12:04:30.000000     486857.6556    2285073.6461   -5914972.5527     3.1096   -25.6463   -16.8391        -0.04          9    20.1251
2024-05-08 12:05:0.000000     486857.9344    2285073.4699   -5914972.7746     3.3884   -25.8225   -17.0610        -0.04          9    20.1478
2024-05-08 12:05:30.000000     486857.7766    2285073.8921   -5914972.7197     3.2306   -25.4003   -17.0061        -0.04          9    19.8363
2024-05-08 12:06:0.000000     486857.8422    2285073.3703   -5914971.8332     3.2962   -25.9221   -16.1196        -0.04          9    19.7045
2024-05-08 12:06:30.000000     486857.8993    2285073.9294   -5914972.2608     3.3533   -25.3630   -16.5472        -0.04          9    19.7156
2024-05-08 12:07:0.000000     486858.0692    2285073.3484   -5914971.7723     3.5232   -25.9440   -16.0587        -0.04          9    19.7250
2024-05-08 12:07:30.000000     486857.9789    2285073.8221   -5914971.4722     3.4329   -25.4703   -15.7586        -0.04          9    19.7471
2024-05-08 12:08:0.000000     486857.7088    2285073.5459   -5914971.3498     3.1628   -25.7465   -15.6362        -0.04          9    20.1892
2024-05-08 12:08:30.000000     486856.3149    2285069.5802   -5914967.7977     1.7689   -29.7122   -12.0841        -0.05          8    14.2896
2024-05-08 12:09:0.000000     486856.3565    2285069.3587   -5914967.5502     1.8105   -29.9337   -11.8366        -0.05          8    14.3058
2024-05-08 12:09:30.000000     486856.7063    2285069.6381   -5914966.9677     2.1603   -29.6543   -11.2541        -0.06          8    14.1754
2024-05-08 12:10:0.000000     486856.5284    2285069.8425   -5914967.8263     1.9824   -29.4499   -12.1127        -0.05          8    14.0580
2024-05-08 12:10:30.000000     486856.7895    2285070.1557   -5914968.2522     2.2435   -29.1367   -12.5386        -0.05          8    14.1797
2024-05-08 12:11:0.000000     486856.8629    2285070.0483   -5914967.8870     2.3169   -29.2441   -12.1734        -0.05          8    14.0470
2024-05-08 12:11:30.000000     486856.9611    2285070.1733   -5914967.7768     2.4151   -29.1191   -12.0632        -0.05          8    14.2274
2024-05-08 12:12:0.000000     486857.1731    2285070.0856   -5914967.4229     2.6271   -29.2068   -11.7093        -0.05          8    14.2558
2024-05-08 12:12:30.000000     486857.0564    2285070.9506   -5914968.0678     2.5104   -28.3418   -12.3542        -0.05          8    14.0431
2024-05-08 12:13:0.000000     486856.9851    2285070.7990   -5914967.0433     2.4391   -28.4934   -11.3297        -0.05          8    14.0831
2024-05-08 12:13:30.000000     486857.0417    2285071.2793   -5914967.9570     2.4957   -28.0131   -12.2434        -0.05          8    13.9947
2024-05-08 12:14:0.000000     486856.9640    2285071.1913   -5914967.4670     2.4180   -28.1011   -11.7534        -0.05          8    14.0415
2024-05-08 12:14:30.000000     486857.4624    2285071.5664   -5914967.5554     2.9164   -27.7260   -11.8418        -0.05          8    13.9597
2024-05-08 12:15:0.000000     486857.3509    2285071.7482   -5914967.5417     2.8049   -27.5442   -11.8281        -0.05          8    14.1161
2024-05-08 12:15:30.000000     486857.2900    2285071.9403   -5914968.0543     2.7440   -27.3521   -12.3407        -0.05          8    13.9797
2024-05-08 12:16:0.000000     486857.5015    2285072.2074   -5914967.5330     2.9555   -27.0850   -11.8194        -0.05          8    13.8580
2024-05-08 12:16:30.000000     486857.5551    2285072.8746   -5914968.0364     3.0091   -26.4178   -12.3228        -0.05          8    13.6516
2024-05-08 12:17:0.000000     486857.3857    2285073.3292   -5914968.4001     2.8397   -25.9632   -12.6865        -0.05          8    13.7153
2024-05-08 12:17:30.000000     486857.4735    2285073.5471   -5914968.3305     2.9275   -25.7453   -12.6169        -0.05          8    13.4711
2024-05-08 12:18:0.000000     486857.5164    2285073.4935   -5914967.9959     2.9704   -25.7989   -12.2823        -0.05          8    13.5065
2024-05-08 12:18:30.000000     486857.7187    2285073.6680   -5914968.1750     3.1727   -25.6244   -12.4614        -0.05          8    13.5948
2024-05-08 12:19:0.000000     486857.8593    2285074.0646   -5914968.5778     3.3133   -25.2278   -12.8642        -0.05          8    13.5560
2024-05-08 12:19:30.000000     486857.8929    2285074.0505   -5914968.2527     3.3469   -25.2419   -12.5391        -0.05          8    13.5250
2024-05-08 12:20:0.000000     486857.8125    2285074.4101   -5914968.6802     3.2665   -24.8823   -12.9666        -0.05          8    13.3834
2024-05-08 12:20:30.000000     486857.9820    2285074.9189   -5914968.3245     3.4360   -24.3735   -12.6109        -0.05          8    13.4369
2024-05-08 12:21:0.000000     486858.0937    2285075.1455   -5914968.5558     3.5477   -24.1469   -12.8422        -0.04          8    13.5633
2024-05-08 12:21:30.000000     486858.0728    2285075.1357   -5914968.1756     3.5268   -24.1567   -12.4620        -0.05          8    13.5532
2024-05-08 12:22:0.000000     486857.9866    2285075.6517   -5914968.6046     3.4406   -23.6407   -12.8910        -0.05          8    13.3947
2024-05-08 12:22:30.000000     486857.9930    2285075.8298   -5914970.1112     3.4470   -23.4626   -14.3976        -0.04          9    12.8138
2024-05-08 12:23:0.000000     486858.1698    2285076.6099   -5914969.5166     3.6238   -22.6825   -13.8030        -0.04          9    12.9219
2024-05-08 12:23:30.000000     486857.8464    2285076.6892   -5914969.7913     3.3004   -22.6032   -14.0777        -0.04          9    12.9143
2024-05-08 12:24:0.000000     486857.9452    2285076.9188   -5914970.2748     3.3992   -22.3736   -14.5612        -0.04          9    12.7466
2024-05-08 12:24:30.000000     486858.2996    2285077.2898   -5914970.1597     3.7536   -22.0026   -14.4461        -0.04          9    12.6599
2024-05-08 12:25:0.000000     486858.0908    2285077.2702   -5914970.3668     3.5448   -22.0222   -14.6532        -0.04          9    12.5352
2024-05-08 12:25:30.000000     486858.2384    2285077.2325   -5914970.6045     3.6924   -22.0599   -14.8909        -0.04          9    12.5510
2024-05-08 12:26:0.000000     486858.2085    2285077.6132   -5914971.1214     3.6625   -21.6792   -15.4078        -0.04          9    12.6449
2024-05-08 12:26:30.000000     486858.2674    2285077.8575   -5914970.7534     3.7214   -21.4349   -15.0398        -0.04          9    12.5488
2024-05-08 12:27:0.000000     486858.5130    2285078.2896   -5914971.3400     3.9670   -21.0028   -15.6264        -0.04          9    12.6298
2024-05-08 12:27:30.000000     486858.5332    2285078.2289   -5914971.5984     3.9872   -21.0635   -15.8848        -0.04          9    12.6020
2024-05-08 12:28:0.000000     486858.7084    2285078.6150   -5914972.4270     4.1624   -20.6774   -16.7134        -0.03          9    12.5756
2024-05-08 12:28:30.000000     486858.6965    2285078.9166   -5914972.0917     4.1505   -20.3758   -16.3781        -0.03          9    12.4896
2024-05-08 12:29:0.000000     486858.9259    2285078.7607   -5914972.5697     4.3799   -20.5317   -16.8561        -0.03          9    12.3564
2024-05-08 12:29:30.000000     486858.6604    2285079.6822   -5914972.4277     4.1144   -19.6102   -16.7141        -0.03          9    12.4042
2024-05-08 12:30:0.000000     486858.6840    2285079.7592   -5914973.0075     4.1380   -19.5332   -17.2939        -0.03          9    12.4248
2024-05-08 12:30:30.000000     486858.8663    2285079.7431   -5914973.1257     4.3203   -19.5493   -17.4121        -0.03          9    12.2795
2024-05-08 12:31:0.000000     486858.9485    2285080.0709   -5914972.8784     4.4025   -19.2215   -17.1648        -0.03          9    12.3149
2024-05-08 12:31:30.000000     486858.8998    2285080.3419   -5914972.9204     4.3538   -18.9505   -17.2068        -0.03          9    12.2213
2024-05-08 12:32:0.000000     486858.9464    2285080.8389   -5914973.1595     4.4004   -18.4535   -17.4459        -0.03          9    12.1761
2024-05-08 12:32:30.000000     486858.8986    2285081.2017   -5914973.8518     4.3526   -18.0907   -18.1382        -0.03          9    12.1686
2024-05-08 12:33:0.000000     486858.9280    2285081.0066   -5914973.7999     4.3820   -18.2858   -18.0863        -0.03          9    12.2458
2024-05-08 12:33:30.000000     486858.9885    2285081.5158   -5914973.9741     4.4425   -17.7766   -18.2605        -0.03          9    12.1292
2024-05-08 12:34:0.000000     486859.2043    2285081.6913   -5914974.0411     4.6583   -17.6011   -18.3275        -0.03          9    12.2188
2024-05-08 12:34:30.000000     486859.2030    2285081.6891   -5914974.7673     4.6570   -17.6033   -19.0537        -0.03          9    12.0818
2024-05-08 12:35:0.000000     486859.4180    2285081.8452   -5914974.6993     4.8720   -17.4472   -18.9857        -0.03          9    12.2086
2024-05-08 12:35:30.000000     486859.1449    2285081.8065   -5914974.3757     4.5989   -17.4859   -18.6621        -0.03          9    12.1861
2024-05-08 12:36:0.000000     486859.2050    2285082.1415   -5914974.6207     4.6590   -17.1509   -18.9071        -0.03          9    12.1610
2024-05-08 12:36:30.000000     486859.0632    2285082.5274   -5914975.1279     4.5172   -16.7650   -19.4143        -0.02          9    12.0906
2024-05-08 12:37:0.000000     486859.3459    2285082.7071   -5914976.2002     4.7999   -16.5853   -20.4866        -0.02          9    11.9538
2024-05-08 12:37:30.000000     486859.3695    2285083.0698   -5914975.9742     4.8235   -16.2226   -20.2606        -0.02          9    12.0442
2024-05-08 12:38:0.000000     486859.4287    2285083.2110   -5914976.0458     4.8827   -16.0814   -20.3322        -0.02          9    12.1114
2024-05-08 12:38:30.000000     486859.5425    2285083.3455   -5914976.5508     4.9965   -15.9469   -20.8372        -0.02          9    12.0181
2024-05-08 12:39:0.000000     486859.6528    2285083.7888   -5914976.9671     5.1068   -15.5036   -21.2535        -0.02          9    12.1078
2024-05-08 12:39:30.000000     486859.4658    2285083.7085   -5914977.3586     4.9198   -15.5839   -21.6450        -0.02          9    12.1177
2024-05-08 12:40:0.000000     486859.5952    2285083.9921   -5914977.0153     5.0492   -15.3003   -21.3017        -0.02          9    11.9968
2024-05-08 12:40:30.000000     486859.6830    2285084.5160   -5914977.3511     5.1370   -14.7764   -21.6375        -0.02          9    12.0069
2024-05-08 12:41:0.000000     486859.4826    2285084.4537   -5914976.7901     4.9366   -14.8387   -21.0765        -0.02          9    11.9022
2024-05-08 12:41:30.000000     486859.5142    2285084.3010   -5914977.4216     4.9682   -14.9914   -21.7080        -0.02          9    11.8899
2024-05-08 12:42:0.000000     486859.4665    2285084.6339   -5914977.4818     4.9205   -14.6585   -21.7682        -0.02          9    12.0245
2024-05-08 12:42:30.000000     486859.3418    2285084.8004   -5914977.9652     4.7958   -14.4920   -22.2516        -0.01          9    11.8722
2024-05-08 12:43:0.000000     486859.4406    2285084.9830   -5914977.8139     4.8946   -14.3094   -22.1003        -0.01         10    11.3218
2024-05-08 12:43:30.000000     486859.5494    2285085.5051   -5914978.3660     5.0034   -13.7873   -22.6524        -0.01         10    11.4294
2024-05-08 12:44:0.000000     486857.5283    2285104.5649   -5914988.2205     2.9823     5.2725   -32.5069         0.04         12    20.5370
2024-05-08 12:44:30.000000     486857.4332    2285104.3354   -5914988.4772     2.8872     5.0430   -32.7636         0.04         12    20.4661
2024-05-08 12:45:0.000000     486857.2686    2285104.3159   -5914988.6392     2.7226     5.0235   -32.9256         0.04         12    20.2992
2024-05-08 12:45:30.000000     486857.4524    2285104.8155   -5914989.9324     2.9064     5.5231   -34.2188         0.04         12    20.2838
2024-05-08 12:46:0.000000     486857.3664    2285104.9327   -5914989.1396     2.8204     5.6403   -33.4260         0.04         12    20.2365
2024-05-08 12:46:30.000000     486857.3280    2285104.6928   -5914989.7030     2.7820     5.4004   -33.9894         0.04         12    20.2451
2024-05-08 12:47:0.000000     486857.6557    2285104.5061   -5914988.8401     3.1097     5.2137   -33.1265         0.04         12    20.4130
2024-05-08 12:47:30.000000     486857.6203    2285105.0833   -5914990.3175     3.0743     5.7909   -34.6039         0.04         12    20.2771
2024-05-08 12:48:0.000000     486857.7705    2285104.9729   -5914990.3897     3.2245     5.6805   -34.6761         0.04         12    20.1697
2024-05-08 12:48:30.000000     486857.7834    2285105.1146   -5914990.3106     3.2374     5.8222   -34.5970         0.04         12    20.1030
2024-05-08 12:49:0.000000     486857.6573    2285105.0521   -5914990.7016     3.1113     5.7597   -34.9880         0.04         12    20.0607
2024-05-08 12:49:30.000000     486857.5910    2285104.9947   -5914991.3535     3.0450     5.7023   -35.6399         0.04         12    20.2145
2024-05-08 12:50:0.000000     486857.5454    2285104.9392   -5914991.5245     2.9994     5.6468   -35.8109         0.04         12    20.2528
2024-05-08 12:50:30.000000     486857.7014    2285105.1700   -5914991.3606     3.1554     5.8776   -35.6470         0.04         12    20.3336
2024-05-08 12:51:0.000000     486857.7758    2285104.9708   -5914992.0683     3.2298     5.6784   -36.3547         0.05         12    20.1962
2024-05-08 12:51:30.000000     486857.6877    2285105.1837   -5914992.0852     3.1417     5.8913   -36.3716         0.05         12    20.3143
2024-05-08 12:52:0.000000     486857.6991    2285105.1856   -5914991.8178     3.1531     5.8932   -36.1042         0.04         12    20.1492
2024-05-08 12:52:30.000000     486857.7185    2285105.4381   -5914991.7949     3.1725     6.1457   -36.0813         0.05         12    20.1954
2024-05-08 12:53:0.000000     486857.8130    2285105.5271   -5914992.8263     3.2670     6.2347   -37.1127         0.05         12    20.1387
2024-05-08 12:53:30.000000     486857.9142    2285105.3533   -5914992.9824     3.3682     6.0609   -37.2688         0.05         12    20.1700
2024-05-08 12:54:0.000000     486857.4665    2285105.5971   -5914993.0594     2.9205     6.3047   -37.3458         0.05         12    20.1817
2024-05-08 12:54:30.000000     486857.8198    2285105.3780   -5914993.7702     3.2738     6.0856   -38.0566         0.05         12    20.1046
2024-05-08 12:55:0.000000     486857.4591    2285105.4831   -5914993.4196     2.9131     6.1907   -37.7060         0.05         12    19.8291
2024-05-08 12:55:30.000000     486857.7419    2285105.4158   -5914993.7099     3.1959     6.1234   -37.9963         0.05         12    20.2148
2024-05-08 12:56:0.000000     486857.7334    2285105.4051   -5914993.7924     3.1874     6.1127   -38.0788         0.05         12    20.1096
2024-05-08 12:56:30.000000     486857.3297    2285105.3897   -5914994.2814     2.7837     6.0973   -38.5678         0.05         12    20.1466
2024-05-08 12:57:0.000000     486857.7056    2285105.6621   -5914994.6202     3.1596     6.3697   -38.9066         0.05         12    20.1700
2024-05-08 12:57:30.000000     486857.6172    2285106.0620   -5914994.8952     3.0712     6.7696   -39.1816         0.05         12    20.0003
2024-05-08 12:58:0.000000     486857.7850    2285105.8961   -5914994.8753     3.2390     6.6037   -39.1617         0.05         12    19.8510
2024-05-08 12:58:30.000000     486858.0432    2285106.0658   -5914994.8131     3.4972     6.7734   -39.0995         0.05         12    20.0038
2024-05-08 12:59:0.000000     486857.9791    2285106.0808   -5914995.4395     3.4331     6.7884   -39.7259         0.05         12    20.0350
2024-05-08 12:59:30.000000     486857.6985    2285106.0412   -5914995.2921     3.1525     6.7488   -39.5785         0.05         12    20.1113
2024-05-08 13:00:0.000000     486857.9334    2285106.0715   -5914996.3310     3.3874     6.7791   -40.6174         0.06         12    19.8954
2024-05-08 13:00:30.000000     486856.9899    2285104.3692   -5914995.3158     2.4439     5.0768   -39.6022         0.05         12    20.9954
2024-05-08 13:01:0.000000     486857.2106    2285104.4973   -5914994.7562     2.6646     5.2049   -39.0426         0.05         12    21.0452
2024-05-08 13:01:30.000000     486856.9336    2285104.5542   -5914995.1117     2.3876     5.2618   -39.3981         0.05         12    21.0856
2024-05-08 13:02:0.000000     486856.9595    2285104.6089   -5914995.0064     2.4135     5.3165   -39.2928         0.05         12    21.0028
2024-05-08 13:02:30.000000     486856.9343    2285104.7279   -5914995.5185     2.3883     5.4355   -39.8049         0.05         12    20.9282
2024-05-08 13:03:0.000000     486856.9781    2285104.7764   -5914995.1203     2.4321     5.4840   -39.4067         0.05         12    20.8685
2024-05-08 13:03:30.000000     486857.0522    2285104.7583   -5914995.0202     2.5062     5.4659   -39.3066         0.05         12    20.9930
2024-05-08 13:04:0.000000     486856.9519    2285104.3978   -5914995.2811     2.4059     5.1054   -39.5675         0.05         12    21.1027
2024-05-08 13:04:30.000000     486856.9401    2285104.7632   -5914995.3457     2.3941     5.4708   -39.6321         0.05         12    21.0145
2024-05-08 13:05:0.000000     486856.9756    2285104.7854   -5914995.7975     2.4296     5.4930   -40.0839         0.05         12    20.8739
2024-05-08 13:05:30.000000     486856.6422    2285104.9340   -5914996.0098     2.0962     5.6416   -40.2962         0.05         12    21.2075
2024-05-08 13:06:0.000000     486857.1172    2285104.8016   -5914996.3885     2.5712     5.5092   -40.6749         0.05         12    21.2883
2024-05-08 13:06:30.000000     486856.6657    2285104.8440   -5915000.2938     2.1197     5.5516   -44.5802         0.06         11    21.4858
2024-05-08 13:07:0.000000     486856.9207    2285104.9264   -5914999.8774     2.3747     5.6340   -44.1638         0.06         11    21.4781
2024-05-08 13:07:30.000000     486856.6494    2285104.7230   -5914999.6548     2.1034     5.4306   -43.9412         0.06         11    21.6637
2024-05-08 13:08:0.000000     486856.5561    2285104.8980   -5915000.3135     2.0101     5.6056   -44.5999         0.06         11    21.3387
2024-05-08 13:08:30.000000     486856.6468    2285104.8419   -5915000.3709     2.1008     5.5495   -44.6573         0.06         11    21.2060
2024-05-08 13:09:0.000000     486856.5819    2285104.8979   -5915000.3194     2.0359     5.6055   -44.6058         0.06         11    20.9829
2024-05-08 13:09:30.000000     486856.6599    2285105.1672   -5915000.3289     2.1139     5.8748   -44.6153         0.06         11    21.1852
2024-05-08 13:10:0.000000     486856.6638    2285105.2125   -5914999.1154     2.1178     5.9201   -43.4018         0.06         11    21.5502
2024-05-08 13:10:30.000000     486856.6428    2285105.2089   -5914998.9422     2.0968     5.9165   -43.2286         0.06         11    21.5736
2024-05-08 13:11:0.000000     486856.6059    2285104.9750   -5914997.9527     2.0599     5.6826   -42.2391         0.06         11    21.1839
2024-05-08 13:11:30.000000     486856.6177    2285105.2226   -5914998.8357     2.0717     5.9302   -43.1221         0.06         11    21.1894
2024-05-08 13:12:0.000000     486856.8295    2285105.2826   -5914998.4301     2.2835     5.9902   -42.7165         0.06         11    21.4450
2024-05-08 13:12:30.000000     486856.6604    2285105.4272   -5914998.4606     2.1144     6.1348   -42.7470         0.06         11    21.4167
2024-05-08 13:13:0.000000     486856.7537    2285105.3892   -5914998.2358     2.2077     6.0968   -42.5222         0.06         11    21.5625
2024-05-08 13:13:30.000000     486856.5149    2285105.1409   -5914998.5979     1.9689     5.8485   -42.8843         0.06         11    21.5911
2024-05-08 13:14:0.000000     486856.6733    2285104.9443   -5914997.0731     2.1273     5.6519   -41.3595         0.06         11    21.4738
2024-05-08 13:14:30.000000     486856.7903    2285105.2742   -5914996.1151     2.2443     5.9818   -40.4015         0.06         11    21.3933
2024-05-08 13:15:0.000000     486856.6960    2285105.2880   -5914995.5690     2.1500     5.9956   -39.8554         0.05         11    21.3649
2024-05-08 13:15:30.000000     486856.6544    2285105.3297   -5914996.1748     2.1084     6.0373   -40.4612         0.05         11    21.2825
2024-05-08 13:16:0.000000     486856.6576    2285105.0618   -5914995.3007     2.1116     5.7694   -39.5871         0.05         11    21.4895
2024-05-08 13:16:30.000000     486856.8854    2285105.4127   -5914994.8888     2.3394     6.1203   -39.1752         0.05         11    21.5893
2024-05-08 13:17:0.000000     486856.7946    2285105.6474   -5914993.7342     2.2486     6.3550   -38.0206         0.05         11    21.4728
2024-05-08 13:17:30.000000     486856.7590    2285105.3605   -5914993.7080     2.2130     6.0681   -37.9944         0.05         11    21.5016
2024-05-08 13:18:0.000000     486856.6074    2285105.1033   -5914992.0269     2.0614     5.8109   -36.3133         0.05         11    21.5273
2024-05-08 13:18:30.000000     486856.7030    2285105.5465   -5914992.6817     2.1570     6.2541   -36.9681         0.05         11    21.6682
2024-05-08 13:19:0.000000     486856.4685    2285105.4003   -5914991.2980     1.9225     6.1079   -35.5844         0.05         11    21.4809
2024-05-08 13:19:30.000000     486856.3808    2285105.3954   -5914990.9274     1.8348     6.1030   -35.2138         0.05         11    21.4277
2024-05-08 13:20:0.000000     486856.2829    2285105.4291   -5914990.0457     1.7369     6.1367   -34.3321         0.04         11    21.7128
2024-05-08 13:20:30.000000     486856.5328    2285105.3594   -5914990.1110     1.9868     6.0670   -34.3974         0.04         11    21.5906
2024-05-08 13:21:0.000000     486856.3823    2285105.4406   -5914987.8422     1.8363     6.1482   -32.1286         0.04         11    21.7442
2024-05-08 13:21:30.000000     486856.3052    2285105.4556   -5914987.0770     1.7592     6.1632   -31.3634         0.04         11    21.6377
2024-05-08 13:22:0.000000     486856.2795    2285105.4953   -5914985.6580     1.7335     6.2029   -29.9444         0.03         11    21.8726
2024-05-08 13:22:30.000000     486856.2113    2285105.5405   -5914984.3498     1.6653     6.2481   -28.6362         0.03         11    21.9723
2024-05-08 13:23:0.000000     486856.2650    2285105.3740   -5914984.4125     1.7190     6.0816   -28.6989         0.03         11    21.9557
2024-05-08 13:23:30.000000     486856.4068    2285105.6594   -5914982.6154     1.8608     6.3670   -26.9018         0.03         11    22.0630
2024-05-08 13:24:0.000000     486856.2576    2285105.7155   -5914981.2713     1.7116     6.4231   -25.5577         0.03         11    21.9581
2024-05-08 13:24:30.000000     486856.3441    2285105.7276   -5914981.0603     1.7981     6.4352   -25.3467         0.03         11    21.5805
2024-05-08 13:25:0.000000     486856.2685    2285105.7956   -5914979.1861     1.7225     6.5032   -23.4725         0.02         11    21.9598
2024-05-08 13:25:30.000000     486856.2832    2285105.8678   -5914978.3427     1.7372     6.5754   -22.6291         0.02         11    21.9269
2024-05-08 13:26:0.000000     486856.3081    2285105.5947   -5914976.5495     1.7621     6.3023   -20.8359         0.02         11    22.1511
2024-05-08 13:26:30.000000     486856.3197    2285105.7226   -5914974.8845     1.7737     6.4302   -19.1709         0.02         11    22.1664
2024-05-08 13:27:0.000000     486856.4629    2285105.9898   -5914974.7838     1.9169     6.6974   -19.0702         0.02         11    22.1105
2024-05-08 13:27:30.000000     486856.5999    2285102.9792   -5914962.8692     2.0539     3.6868    -7.1556        -0.01         10    17.5863
2024-05-08 13:28:0.000000     486856.8573    2285103.3053   -5914960.9072     2.3113     4.0129    -5.1936        -0.02         10    17.7017
2024-05-08 13:28:30.000000     486856.9433    2285103.1570   -5914960.3667     2.3973     3.8646    -4.6531        -0.02         10    17.8910
2024-05-08 13:29:0.000000     486856.9930    2285103.2013   -5914958.9878     2.4470     3.9089    -3.2742        -0.02         10    17.8352
2024-05-08 13:29:30.000000     486857.0004    2285103.1798   -5914957.5339     2.4544     3.8874    -1.8203        -0.02         10    17.9552
2024-05-08 13:30:0.000000     486856.9044    2285103.3656   -5914955.5045     2.3584     4.0732     0.2091        -0.03         10    17.7966
2024-05-08 13:30:30.000000     486857.0236    2285103.5361   -5914953.6629     2.4776     4.2437     2.0507        -0.03         10    17.7063
2024-05-08 13:31:0.000000     486857.0731    2285103.4189   -5914952.2125     2.5271     4.1265     3.5011        -0.03         10    17.8178
2024-05-08 13:31:30.000000     486857.0841    2285103.4103   -5914949.8456     2.5381     4.1179     5.8680        -0.04         10    17.8516
2024-05-08 13:32:0.000000     486857.3360    2285103.5547   -5914948.3928     2.7900     4.2623     7.3208        -0.04         10    17.9127
2024-05-08 13:32:30.000000     486857.0920    2285103.1628   -5914946.5429     2.5460     3.8704     9.1707        -0.04         10    17.9347
2024-05-08 13:33:0.000000     486857.1685    2285103.2849   -5914944.7335     2.6225     3.9925    10.9801        -0.05         10    17.8749
2024-05-08 13:33:30.000000     486857.4230    2285103.6466   -5914942.8707     2.8770     4.3542    12.8429        -0.05         10    18.1067
2024-05-08 13:34:0.000000     486857.2930    2285103.5127   -5914940.8669     2.7470     4.2203    14.8467        -0.05         10    17.7971
2024-05-08 13:34:30.000000     486857.3661    2285103.5632   -5914938.8010     2.8201     4.2708    16.9126        -0.06         10    17.8386
2024-05-08 13:35:0.000000     486857.3244    2285103.8156   -5914937.8718     2.7784     4.5232    17.8418        -0.06         10    18.0592
2024-05-08 13:35:30.000000     486857.4401    2285103.8084   -5914935.3277     2.8941     4.5160    20.3859        -0.06         10    18.0345
2024-05-08 13:36:0.000000     486857.7040    2285103.5475   -5914933.2806     3.1580     4.2551    22.4330        -0.07         10    17.8591
2024-05-08 13:36:30.000000     486857.8449    2285103.7288   -5914931.8484     3.2989     4.4364    23.8652        -0.07         10    17.9374
2024-05-08 13:37:0.000000     486857.7549    2285103.8529   -5914929.0440     3.2089     4.5605    26.6696        -0.07         10    18.0583
2024-05-08 13:37:30.000000     486857.7784    2285103.8254   -5914928.0417     3.2324     4.5330    27.6719        -0.08         10    18.0500
2024-05-08 13:38:0.000000     486858.0251    2285103.8113   -5914925.6644     3.4791     4.5189    30.0492        -0.08         10    18.0919
2024-05-08 13:38:30.000000     486857.8796    2285103.4597   -5914923.1464     3.3336     4.1673    32.5672        -0.09         10    17.8652
2024-05-08 13:39:0.000000     486857.9871    2285103.8118   -5914921.6438     3.4411     4.5194    34.0698        -0.09         10    18.2529
2024-05-08 13:39:30.000000     486857.8902    2285103.7023   -5914921.4116     3.3442     4.4099    34.3020        -0.09         10    18.1354
2024-05-08 13:40:0.000000     486857.8859    2285103.6793   -5914917.5955     3.3399     4.3869    38.1181        -0.10         10    18.2055
2024-05-08 13:40:30.000000     486858.1862    2285103.9070   -5914916.1760     3.6402     4.6146    39.5376        -0.10         10    18.0613
2024-05-08 13:41:0.000000     486858.0687    2285103.8363   -5914913.7657     3.5227     4.5439    41.9479        -0.10         10    18.2926
2024-05-08 13:41:30.000000     486858.2975    2285103.7321   -5914912.4252     3.7515     4.4397    43.2884        -0.11         10    18.3815
2024-05-08 13:42:0.000000     486858.3542    2285103.6999   -5914910.8052     3.8082     4.4075    44.9084        -0.11         10    18.4430
2024-05-08 13:42:30.000000     486858.3632    2285103.8403   -5914910.1970     3.8172     4.5479    45.5166        -0.11         10    18.3581
2024-05-08 13:43:0.000000     486858.3413    2285103.6393   -5914908.4175     3.7953     4.3469    47.2961        -0.11         10    18.2485
2024-05-08 13:43:30.000000     486858.5703    2285103.8793   -5914905.7133     4.0243     4.5869    50.0003        -0.12         10    18.5566
2024-05-08 13:44:0.000000     486858.7106    2285103.6993   -5914902.6322     4.1646     4.4069    53.0814        -0.12         10    18.5267
2024-05-08 13:44:30.000000     486858.7640    2285103.9838   -5914902.1933     4.2180     4.6914    53.5203        -0.12         10    18.4789
2024-05-08 13:45:0.000000     486858.8836    2285103.8305   -5914900.3778     4.3376     4.5381    55.3358        -0.13         10    18.5060
2024-05-08 13:45:30.000000     486858.9769    2285103.6159   -5914899.4427     4.4309     4.3235    56.2709        -0.13         10    18.7528
2024-05-08 13:46:0.000000     486858.8334    2285103.8087   -5914898.8500     4.2874     4.5163    56.8636        -0.13         10    18.5287
2024-05-08 13:46:30.000000     486858.9960    2285103.7899   -5914897.4026     4.4500     4.4975    58.3110        -0.13         10    18.3937
2024-05-08 13:47:0.000000     486858.8266    2285103.5364   -5914896.8858     4.2806     4.2440    58.8278        -0.14         10    18.5472
2024-05-08 13:47:30.000000     486859.1246    2285103.7526   -5914895.0400     4.5786     4.4602    60.6736        -0.14         10    18.5720
2024-05-08 13:48:0.000000     486859.5814    2285104.2112   -5914897.7707     5.0354     4.9188    57.9429        -0.13         11    18.2427
2024-05-08 13:48:30.000000     486859.8698    2285104.0928   -5914895.9571     5.3238     4.8004    59.7565        -0.14         11    18.2438
2024-05-08 13:49:0.000000     486860.5470    2285107.3219   -5914900.9088     6.0010     8.0295    54.8048        -0.12         10    14.1730
2024-05-08 13:49:30.000000     486860.6103    2285107.4605   -5914898.6443     6.0643     8.1681    57.0693        -0.12         10    14.2561
2024-05-08 13:50:0.000000     486860.5821    2285107.3890   -5914898.9544     6.0361     8.0966    56.7592        -0.12         10    14.3545
2024-05-08 13:50:30.000000     486860.6920    2285107.1143   -5914898.9881     6.1460     7.8219    56.7255        -0.12         10    14.3754
2024-05-08 13:51:0.000000     486860.6005    2285106.8507   -5914896.0349     6.0545     7.5583    59.6787        -0.13         10    14.7368
2024-05-08 13:51:30.000000     486860.8102    2285106.9460   -5914895.7287     6.2642     7.6536    59.9849        -0.13         10    14.6729
2024-05-08 13:52:0.000000     486860.9418    2285106.7376   -5914893.1336     6.3958     7.4452    62.5800        -0.14         10    14.6132
2024-05-08 13:52:30.000000     486861.1286    2285106.8217   -5914893.9999     6.5826     7.5293    61.7137        -0.13         10    14.7660
2024-05-08 13:53:0.000000     486860.9102    2285106.8495   -5914894.1036     6.3642     7.5571    61.6100        -0.13         10    14.9101
2024-05-08 13:53:30.000000     486861.2020    2285106.8141   -5914892.8634     6.6560     7.5217    62.8502        -0.14         10    14.9101
2024-05-08 13:54:0.000000     486860.7861    2285105.7533   -5914883.1286     6.2401     6.4609    72.5850        -0.16          9    14.1550
2024-05-08 13:54:30.000000     486860.5327    2285105.4759   -5914882.9235     5.9867     6.1835    72.7901        -0.16          9    14.1278
2024-05-08 13:55:0.000000     486861.1716    2285108.2484   -5914888.0346     6.6256     8.9560    67.6790        -0.14         10    16.7191
2024-05-08 13:55:30.000000     486861.1619    2285108.5044   -5914890.0643     6.6159     9.2120    65.6493        -0.14         10    16.6817
2024-05-08 13:56:0.000000     486861.2176    2285108.3627   -5914888.5124     6.6716     9.0703    67.2012        -0.14         10    16.6494
2024-05-08 13:56:30.000000     486861.1471    2285108.9186   -5914888.6489     6.6011     9.6262    67.0647        -0.14         10    16.3292
2024-05-08 13:57:0.000000     486861.3767    2285108.7813   -5914888.8006     6.8307     9.4889    66.9130        -0.14         10    16.5688
2024-05-08 13:57:30.000000     486861.6522    2285108.6321   -5914886.2822     7.1062     9.3397    69.4314        -0.15         10    16.2131
2024-05-08 13:58:0.000000     486861.3243    2285109.0586   -5914888.5562     6.7783     9.7662    67.1574        -0.14         10    16.2394
2024-05-08 13:58:30.000000     486861.5038    2285108.9913   -5914887.6629     6.9578     9.6989    68.0507        -0.14         10    16.2772
2024-05-08 13:59:0.000000     486861.4496    2285108.8253   -5914888.6918     6.9036     9.5329    67.0218        -0.14         10    16.4278
2024-05-08 13:59:30.000000     486861.4259    2285108.9302   -5914887.6769     6.8799     9.6378    68.0367        -0.14         10    16.2288
