GPS Single Point Positioning Results (without Ionosphere Correction (12:00-14:00))
====================================================================================================
Station: DAV100ATA
Time Window: 12:00-14:00 (UTC)
Approx Position: X=486854.5460, Y=2285099.2924, Z=-5914955.7136

Epoch                             X (m)           Y (m)           Z (m)     dX (m)     dY (m)     dZ (m)   Clock (us) Satellites    RMS (m)
----------------------------------------------------------------------------------------------------
2024-05-11 12:00:0.000000     486857.6665    2285068.3875   -5914969.7919     3.1205   -30.9049   -14.0783        -0.04          8    14.3389
2024-05-11 12:00:30.000000     486857.5545    2285068.4099   -5914970.6783     3.0085   -30.8825   -14.9647        -0.04          8    14.4307
2024-05-11 12:01:0.000000     486857.6883    2285068.7820   -5914970.3813     3.1423   -30.5104   -14.6677        -0.04          8    14.2451
2024-05-11 12:01:30.000000     486857.6779    2285068.9876   -5914970.5023     3.1319   -30.3048   -14.7887        -0.04          8    14.3286
2024-05-11 12:02:0.000000     486857.7801    2285069.2555   -5914970.2242     3.2341   -30.0369   -14.5106        -0.04          8    14.4074
2024-05-11 12:02:30.000000     486858.1293    2285069.5396   -5914971.5813     3.5833   -29.7528   -15.8677        -0.03          8    14.4169
2024-05-11 12:03:0.000000     486857.9322    2285069.8742   -5914970.6971     3.3862   -29.4182   -14.9835        -0.04          8    14.2823
2024-05-11 12:03:30.000000     486857.9460    2285070.3489   -5914971.5457     3.4000   -28.9435   -15.8321        -0.03          8    14.2415
2024-05-11 12:04:0.000000     486858.0006    2285070.8650   -5914971.2792     3.4546   -28.4274   -15.5656        -0.03          8    14.2953
2024-05-11 12:04:30.000000     486857.9143    2285070.9038   -5914971.1303     3.3683   -28.3886   -15.4167        -0.04          8    14.0275
2024-05-11 12:05:0.000000     486857.8734    2285071.8869   -5914971.0347     3.3274   -27.4055   -15.3211        -0.04          8    13.9651
2024-05-11 12:05:30.000000     486857.9927    2285071.9931   -5914971.0421     3.4467   -27.2993   -15.3285        -0.03          8    13.9177
2024-05-11 12:06:0.000000     486858.1979    2285071.7742   -5914971.2850     3.6519   -27.5182   -15.5714        -0.03          8    13.8103
2024-05-11 12:06:30.000000     486858.3450    2285072.1895   -5914971.0147     3.7990   -27.1029   -15.3011        -0.03          8    13.9105
2024-05-11 12:07:0.000000     486858.4430    2285072.5868   -5914971.4949     3.8970   -26.7056   -15.7813        -0.03          8    13.9070
2024-05-11 12:07:30.000000     486858.3720    2285072.7878   -5914971.1235     3.8260   -26.5046   -15.4099        -0.03          8    13.8361
2024-05-11 12:08:0.000000     486858.5143    2285073.3790   -5914971.4793     3.9683   -25.9134   -15.7657        -0.03          8    13.7539
2024-05-11 12:08:30.000000     486858.1889    2285073.1813   -5914971.7058     3.6429   -26.1111   -15.9922        -0.03          8    13.7526
2024-05-11 12:09:0.000000     486858.5645    2285074.0323   -5914972.1348     4.0185   -25.2601   -16.4212        -0.03          8    13.7488
2024-05-11 12:09:30.000000     486858.5168    2285074.2266   -5914970.9744     3.9708   -25.0658   -15.2608        -0.03          8    13.6138
2024-05-11 12:10:0.000000     486858.5002    2285074.5490   -5914972.1309     3.9542   -24.7434   -16.4173        -0.03          8    13.4387
2024-05-11 12:10:30.000000     486858.7990    2285075.2525   -5914972.8895     4.2530   -24.0399   -17.1759        -0.03          9    12.6248
2024-05-11 12:11:0.000000     486858.7003    2285075.4874   -5914972.8612     4.1543   -23.8050   -17.1476        -0.03          9    12.9025
2024-05-11 12:11:30.000000     486858.6775    2285075.9124   -5914973.5095     4.1315   -23.3800   -17.7959        -0.02          9    12.7049
2024-05-11 12:12:0.000000     486858.9377    2285076.1738   -5914972.9663     4.3917   -23.1186   -17.2527        -0.02          9    12.6849
2024-05-11 12:12:30.000000     486859.1949    2285076.1457   -5914973.2834     4.6489   -23.1467   -17.5698        -0.03          9    12.7011
2024-05-11 12:13:0.000000     486859.2706    2285076.5638   -5914974.2267     4.7246   -22.7286   -18.5131        -0.02          9    12.5249
2024-05-11 12:13:30.000000     486859.1122    2285077.0581   -5914973.6105     4.5662   -22.2343   -17.8969        -0.02          9    12.5007
2024-05-11 12:14:0.000000     486859.0967    2285077.1940   -5914973.6138     4.5507   -22.0984   -17.9002        -0.02          9    12.4719
2024-05-11 12:14:30.000000     486859.3389    2285077.2724   -5914973.7137     4.7929   -22.0200   -18.0001        -0.02          9    12.4834
2024-05-11 12:15:0.000000     486859.4648    2285077.2731   -5914974.4050     4.9188   -22.0193   -18.6914        -0.02          9    12.4962
2024-05-11 12:15:30.000000     486859.3228    2285077.9517   -5914974.9340     4.7768   -21.3407   -19.2204        -0.02          9    12.4387
2024-05-11 12:16:0.000000     486859.2938    2285078.2557   -5914974.7008     4.7478   -21.0367   -18.9872        -0.02          9    12.2471
2024-05-11 12:16:30.000000     486859.2665    2285078.1814   -5914974.8400     4.7205   -21.1110   -19.1264        -0.02          9    12.3144
2024-05-11 12:17:0.000000     486859.5316    2285078.5117   -5914974.9631     4.9856   -20.7807   -19.2495        -0.02          9    12.3887
2024-05-11 12:17:30.000000     486857.1426    2285101.1291   -5914983.5846     2.5966     1.8367   -27.8710         0.04         10    20.8047
2024-05-11 12:18:0.000000     486857.3171    2285101.0017   -5914983.5508     2.7711     1.7093   -27.8372         0.04         10    20.8582
2024-05-11 12:18:30.000000     486857.5667    2285101.1729   -5914985.1786     3.0207     1.8805   -29.4650         0.04         10    20.7341
2024-05-11 12:19:0.000000     486857.7879    2285101.1672   -5914984.4945     3.2419     1.8748   -28.7809         0.04         10    20.8727
2024-05-11 12:19:30.000000     486859.9356    2285079.4517   -5914975.9069     5.3896   -19.8407   -20.1933        -0.02          9    12.3712
2024-05-11 12:20:0.000000     486860.0947    2285079.6812   -5914976.4898     5.5487   -19.6112   -20.7762        -0.01          9    12.3256
2024-05-11 12:20:30.000000     486857.7860    2285101.5385   -5914985.7845     3.2400     2.2461   -30.0709         0.04         10    20.9954
2024-05-11 12:21:0.000000     486860.2562    2285080.6980   -5914976.9815     5.7102   -18.5944   -21.2679        -0.01          9    12.2361
2024-05-11 12:21:30.000000     486857.9897    2285101.2272   -5914985.7120     3.4437     1.9348   -29.9984         0.04         10    20.8291
2024-05-11 12:22:0.000000     486857.9393    2285101.2365   -5914985.8750     3.3933     1.9441   -30.1614         0.04         10    20.9071
2024-05-11 12:22:30.000000     486857.6012    2285101.5458   -5914986.6145     3.0552     2.2534   -30.9009         0.04         10    20.6686
2024-05-11 12:23:0.000000     486857.6679    2285101.8221   -5914987.0592     3.1219     2.5297   -31.3456         0.04         10    20.9759
2024-05-11 12:23:30.000000     486857.7778    2285101.4489   -5914986.9595     3.2318     2.1565   -31.2459         0.04         10    20.7707
2024-05-11 12:24:0.000000     486857.8979    2285101.5842   -5914987.3911     3.3519     2.2918   -31.6775         0.04         10    20.7522
2024-05-11 12:24:30.000000     486858.0444    2285102.1085   -5914988.0671     3.4984     2.8161   -32.3535         0.05         10    20.9182
2024-05-11 12:25:0.000000     486858.4330    2285102.0911   -5914989.4516     3.8870     2.7987   -33.7380         0.05         10    20.9591
2024-05-11 12:25:30.000000     486858.6645    2285102.1692   -5914989.0316     4.1185     2.8768   -33.3180         0.05         10    20.9688
2024-05-11 12:26:0.000000     486858.3267    2285102.4019   -5914989.1391     3.7807     3.1095   -33.4255         0.05         10    20.9020
2024-05-11 12:26:30.000000     486858.4197    2285102.4202   -5914990.6719     3.8737     3.1278   -34.9583         0.05         10    20.6891
2024-05-11 12:27:0.000000     486858.4825    2285102.5173   -5914990.7286     3.9365     3.2249   -35.0150         0.05         10    20.8078
2024-05-11 12:27:30.000000     486858.5139    2285102.5696   -5914990.0279     3.9679     3.2772   -34.3143         0.05         10    20.8020
2024-05-11 12:28:0.000000     486858.5877    2285102.6430   -5914990.6881     4.0417     3.3506   -34.9745         0.05         10    20.6774
2024-05-11 12:28:30.000000     486858.5647    2285102.7190   -5914989.9669     4.0187     3.4266   -34.2533         0.05         10    20.6167
2024-05-11 12:29:0.000000     486858.5493    2285102.7489   -5914990.9790     4.0033     3.4565   -35.2654         0.05         10    20.6954
2024-05-11 12:29:30.000000     486858.4873    2285102.9928   -5914990.9665     3.9413     3.7004   -35.2529         0.05         10    20.8613
2024-05-11 12:30:0.000000     486858.7224    2285102.8240   -5914991.7832     4.1764     3.5316   -36.0696         0.05         10    20.6658
2024-05-11 12:30:30.000000     486858.9605    2285102.5790   -5914989.6082     4.4145     3.2866   -33.8946         0.05         11    20.2776
2024-05-11 12:31:0.000000     486859.0327    2285102.5550   -5914989.2153     4.4867     3.2626   -33.5017         0.05         11    20.1763
2024-05-11 12:31:30.000000     486859.1547    2285102.9146   -5914989.5982     4.6087     3.6222   -33.8846         0.05         11    20.1612
2024-05-11 12:32:0.000000     486859.0199    2285103.9304   -5914991.0428     4.4739     4.6380   -35.3292         0.05         12    19.7771
2024-05-11 12:32:30.000000     486859.0369    2285104.0141   -5914990.9779     4.4909     4.7217   -35.2643         0.06         12    19.7545
2024-05-11 12:33:0.000000     486859.1038    2285104.2429   -5914991.0997     4.5578     4.9505   -35.3861         0.05         12    19.5698
2024-05-11 12:33:30.000000     486859.4373    2285104.3961   -5914990.9487     4.8913     5.1037   -35.2351         0.06         12    19.6258
2024-05-11 12:34:0.000000     486859.2428    2285104.3946   -5914991.3033     4.6968     5.1022   -35.5897         0.06         12    19.8358
2024-05-11 12:34:30.000000     486859.6000    2285104.7529   -5914991.0845     5.0540     5.4605   -35.3709         0.06         12    19.8244
2024-05-11 12:35:0.000000     486859.5983    2285104.7418   -5914991.7409     5.0523     5.4494   -36.0273         0.06         12    19.8145
2024-05-11 12:35:30.000000     486859.4868    2285104.7083   -5914992.2797     4.9408     5.4159   -36.5661         0.06         12    19.9045
2024-05-11 12:36:0.000000     486859.4672    2285104.7154   -5914991.7206     4.9212     5.4230   -36.0070         0.06         12    19.8968
2024-05-11 12:36:30.000000     486859.3366    2285104.7512   -5914992.2489     4.7906     5.4588   -36.5353         0.06         12    19.8462
2024-05-11 12:37:0.000000     486859.1688    2285104.7048   -5914992.8019     4.6228     5.4124   -37.0883         0.06         12    19.9668
2024-05-11 12:37:30.000000     486859.2783    2285104.9483   -5914993.2934     4.7323     5.6559   -37.5798         0.06         12    20.2327
2024-05-11 12:38:0.000000     486859.2299    2285104.9584   -5914993.0486     4.6839     5.6660   -37.3350         0.06         12    20.0796
2024-05-11 12:38:30.000000     486859.3270    2285104.8698   -5914993.0606     4.7810     5.5774   -37.3470         0.06         12    20.1915
2024-05-11 12:39:0.000000     486859.4097    2285104.8543   -5914993.0352     4.8637     5.5619   -37.3216         0.06         12    20.0456
2024-05-11 12:39:30.000000     486859.5081    2285105.0377   -5914993.5070     4.9621     5.7453   -37.7934         0.06         12    20.0337
2024-05-11 12:40:0.000000     486859.5976    2285105.0671   -5914992.7430     5.0516     5.7747   -37.0294         0.06         12    20.0258
2024-05-11 12:40:30.000000     486859.6794    2285105.2813   -5914993.6357     5.1334     5.9889   -37.9221         0.06         12    19.9660
2024-05-11 12:41:0.000000     486859.5905    2285105.0112   -5914993.5385     5.0445     5.7188   -37.8249         0.06         12    20.0261
2024-05-11 12:41:30.000000     486859.5381    2285105.2424   -5914994.2956     4.9921     5.9500   -38.5820         0.06         12    20.0985
2024-05-11 12:42:0.000000     486859.8198    2285105.6678   -5914994.7170     5.2738     6.3754   -39.0034         0.06         12    20.1740
2024-05-11 12:42:30.000000     486859.6547    2285105.1526   -5914995.1775     5.1087     5.8602   -39.4639         0.06         12    19.8386
2024-05-11 12:43:0.000000     486859.6604    2285105.7859   -5914995.5825     5.1144     6.4935   -39.8689         0.06         12    20.2066
2024-05-11 12:43:30.000000     486859.7898    2285105.3959   -5914995.3265     5.2438     6.1035   -39.6129         0.06         12    20.2446
2024-05-11 12:44:0.000000     486859.5878    2285105.7877   -5914995.5503     5.0418     6.4953   -39.8367         0.06         12    20.2949
2024-05-11 12:44:30.000000     486859.6091    2285106.2101   -5914996.2112     5.0631     6.9177   -40.4976         0.07         12    20.0985
2024-05-11 12:45:0.000000     486859.6636    2285106.1422   -5914995.5600     5.1176     6.8498   -39.8464         0.06         12    20.2711
2024-05-11 12:45:30.000000     486859.5080    2285106.0042   -5914995.5721     4.9620     6.7118   -39.8585         0.07         12    20.1110
2024-05-11 12:46:0.000000     486859.5825    2285106.2361   -5914995.9123     5.0365     6.9437   -40.1987         0.07         12    20.1361
2024-05-11 12:46:30.000000     486859.9471    2285106.6695   -5914997.5494     5.4011     7.3771   -41.8358         0.07         12    20.1807
2024-05-11 12:47:0.000000     486859.8873    2285106.6343   -5914997.5013     5.3413     7.3419   -41.7877         0.07         12    20.1381
2024-05-11 12:47:30.000000     486859.8864    2285106.2566   -5914996.6062     5.3404     6.9642   -40.8926         0.07         12    20.1319
2024-05-11 12:48:0.000000     486859.6955    2285106.6006   -5914997.0633     5.1495     7.3082   -41.3497         0.07         12    20.0112
2024-05-11 12:48:30.000000     486859.6183    2285106.7125   -5914996.6370     5.0723     7.4201   -40.9234         0.07         12    20.1578
2024-05-11 12:49:0.000000     486859.5373    2285106.9505   -5914996.3873     4.9913     7.6581   -40.6737         0.07         12    20.0176
2024-05-11 12:49:30.000000     486859.6151    2285106.9717   -5914996.0281     5.0691     7.6793   -40.3145         0.07         12    20.1925
2024-05-11 12:50:0.000000     486859.4427    2285106.7883   -5914996.6315     4.8967     7.4959   -40.9179         0.07         12    20.0225
2024-05-11 12:50:30.000000     486859.3958    2285106.8362   -5914996.5503     4.8498     7.5438   -40.8367         0.07         12    19.9027
2024-05-11 12:51:0.000000     486859.7765    2285106.9520   -5914996.9423     5.2305     7.6596   -41.2287         0.07         12    20.0626
2024-05-11 12:51:30.000000     486859.5657    2285106.6994   -5914996.4846     5.0197     7.4070   -40.7710         0.07         12    20.2167
2024-05-11 12:52:0.000000     486859.8881    2285107.0677   -5914996.5993     5.3421     7.7753   -40.8857         0.07         12    20.0854
2024-05-11 12:52:30.000000     486859.6062    2285107.2166   -5914996.3359     5.0602     7.9242   -40.6223         0.07         12    20.1096
2024-05-11 12:53:0.000000     486859.5584    2285107.1677   -5914997.1079     5.0124     7.8753   -41.3943         0.07         12    20.1685
2024-05-11 12:53:30.000000     486859.5125    2285107.3272   -5914997.1518     4.9665     8.0348   -41.4382         0.07         12    20.1825
2024-05-11 12:54:0.000000     486859.8202    2285107.5465   -5914997.4031     5.2742     8.2541   -41.6895         0.07         12    19.9307
2024-05-11 12:54:30.000000     486859.4016    2285107.5225   -5915000.4158     4.8556     8.2301   -44.7022         0.08         11    20.5543
2024-05-11 12:55:0.000000     486859.3169    2285107.3690   -5915000.2957     4.7709     8.0766   -44.5821         0.08         11    20.6113
2024-05-11 12:55:30.000000     486859.4856    2285107.6103   -5915000.7133     4.9396     8.3179   -44.9997         0.08         11    20.4351
2024-05-11 12:56:0.000000     486859.2915    2285107.5156   -5915001.0387     4.7455     8.2232   -45.3251         0.08         11    20.3666
2024-05-11 12:56:30.000000     486859.3575    2285107.4064   -5915000.4941     4.8115     8.1140   -44.7805         0.08         11    20.2639
2024-05-11 12:57:0.000000     486859.2760    2285107.8693   -5915001.1928     4.7300     8.5769   -45.4792         0.08         11    20.2901
2024-05-11 12:57:30.000000     486859.1568    2285107.8548   -5914998.9990     4.6108     8.5624   -43.2854         0.08         11    20.5296
2024-05-11 12:58:0.000000     486859.2884    2285107.9834   -5914999.9181     4.7424     8.6910   -44.2045         0.08         11    20.4399
2024-05-11 12:58:30.000000     486859.3109    2285108.0545   -5914998.6147     4.7649     8.7621   -42.9011         0.07         11    20.4213
2024-05-11 12:59:0.000000     486859.5317    2285107.9914   -5914999.1993     4.9857     8.6990   -43.4857         0.08         11    20.1609
2024-05-11 12:59:30.000000     486859.3247    2285108.0091   -5914997.7280     4.7787     8.7167   -42.0144         0.07         11    20.4099
2024-05-11 13:00:0.000000     486859.4391    2285108.2919   -5914996.7024     4.8931     8.9995   -40.9888         0.07         11    20.6262
2024-05-11 13:00:30.000000     486856.3412    2285105.1277   -5914997.0257     1.7952     5.8353   -41.3121         0.06         11    20.9582
2024-05-11 13:01:0.000000     486856.2882    2285105.1030   -5914997.6814     1.7422     5.8106   -41.9678         0.07         11    21.0400
2024-05-11 13:01:30.000000     486856.0146    2285105.1908   -5914995.9520     1.4686     5.8984   -40.2384         0.06         11    20.8045
2024-05-11 13:02:0.000000     486856.2379    2285105.4279   -5914996.1866     1.6919     6.1355   -40.4730         0.06         11    20.6716
2024-05-11 13:02:30.000000     486856.1640    2285105.3936   -5914995.3841     1.6180     6.1012   -39.6705         0.06         11    20.8617
2024-05-11 13:03:0.000000     486856.3981    2285105.3120   -5914995.6452     1.8521     6.0196   -39.9316         0.06         11    20.8480
2024-05-11 13:03:30.000000     486856.1599    2285105.4846   -5914994.0887     1.6139     6.1922   -38.3751         0.06         11    20.7023
2024-05-11 13:04:0.000000     486856.3057    2285105.6099   -5914993.9979     1.7597     6.3175   -38.2843         0.06         11    20.7153
2024-05-11 13:04:30.000000     486856.1323    2285105.8708   -5914992.6738     1.5863     6.5784   -36.9602         0.06         11    20.8380
2024-05-11 13:05:0.000000     486856.2394    2285105.3717   -5914991.7966     1.6934     6.0793   -36.0830         0.05         11    20.7144
2024-05-11 13:05:30.000000     486856.1799    2285105.4084   -5914991.5042     1.6339     6.1160   -35.7906         0.05         11    20.8929
2024-05-11 13:06:0.000000     486856.1949    2285105.5478   -5914990.4863     1.6489     6.2554   -34.7727         0.05         11    20.5926
2024-05-11 13:06:30.000000     486855.9268    2285105.8894   -5914990.3125     1.3808     6.5970   -34.5989         0.05         11    20.5313
2024-05-11 13:07:0.000000     486856.0798    2285105.3263   -5914989.4947     1.5338     6.0339   -33.7811         0.05         11    20.5795
2024-05-11 13:07:30.000000     486856.0390    2285105.6314   -5914989.0287     1.4930     6.3390   -33.3151         0.05         11    20.6236
2024-05-11 13:08:0.000000     486856.0074    2285105.6959   -5914987.7452     1.4614     6.4035   -32.0316         0.05         11    20.9379
2024-05-11 13:08:30.000000     486856.0280    2285105.7257   -5914987.0737     1.4820     6.4333   -31.3601         0.05         11    20.9727
2024-05-11 13:09:0.000000     486855.9928    2285106.0280   -5914986.6313     1.4468     6.7356   -30.9177         0.05         11    21.0760
2024-05-11 13:09:30.000000     486856.0783    2285106.1175   -5914985.1198     1.5323     6.8251   -29.4062         0.04         11    21.0376
2024-05-11 13:10:0.000000     486856.1463    2285106.0562   -5914983.7290     1.6003     6.7638   -28.0154         0.04         11    21.0877
2024-05-11 13:10:30.000000     486855.8314    2285105.7535   -5914983.9289     1.2854     6.4611   -28.2153         0.04         11    21.0808
2024-05-11 13:11:0.000000     486855.8690    2285106.2077   -5914982.9642     1.3230     6.9153   -27.2506         0.04         11    21.2438
2024-05-11 13:11:30.000000     486856.0418    2285106.3589   -5914981.0888     1.4958     7.0665   -25.3752         0.04         11    21.4768
2024-05-11 13:12:0.000000     486856.1697    2285106.3693   -5914981.3346     1.6237     7.0769   -25.6210         0.04         11    21.2378
2024-05-11 13:12:30.000000     486856.1346    2285106.1078   -5914979.8452     1.5886     6.8154   -24.1316         0.03         11    21.4090
2024-05-11 13:13:0.000000     486856.1274    2285106.1835   -5914978.0783     1.5814     6.8911   -22.3647         0.03         11    21.3116
2024-05-11 13:13:30.000000     486856.2077    2285106.2537   -5914976.1574     1.6617     6.9613   -20.4438         0.03         11    21.2198
2024-05-11 13:14:0.000000     486856.0249    2285106.2110   -5914974.1771     1.4789     6.9186   -18.4635         0.02         11    21.2674
2024-05-11 13:14:30.000000     486855.8286    2285106.2195   -5914973.4067     1.2826     6.9271   -17.6931         0.02         11    21.3773
2024-05-11 13:15:0.000000     486855.8419    2285106.2935   -5914971.6159     1.2959     7.0011   -15.9023         0.02         11    21.4867
2024-05-11 13:15:30.000000     486856.4400    2285104.0168   -5914961.5360     1.8940     4.7244    -5.8224        -0.01         10    17.8302
2024-05-11 13:16:0.000000     486856.3589    2285103.9123   -5914960.7131     1.8129     4.6199    -4.9995        -0.01         10    18.1332
2024-05-11 13:16:30.000000     486856.5419    2285104.0376   -5914958.9554     1.9959     4.7452    -3.2418        -0.01         10    18.1345
2024-05-11 13:17:0.000000     486856.4014    2285103.7626   -5914957.1437     1.8554     4.4702    -1.4301        -0.01         10    18.2765
2024-05-11 13:17:30.000000     486856.2740    2285103.9009   -5914955.5715     1.7280     4.6085     0.1421        -0.02         10    18.2111
2024-05-11 13:18:0.000000     486856.0536    2285104.1765   -5914954.4013     1.5076     4.8841     1.3123        -0.02         10    18.1219
2024-05-11 13:18:30.000000     486856.3864    2285104.1170   -5914951.5286     1.8404     4.8246     4.1850        -0.02         10    18.1322
2024-05-11 13:19:0.000000     486856.2929    2285104.0148   -5914950.5942     1.7469     4.7224     5.1194        -0.03         10    18.3680
2024-05-11 13:19:30.000000     486856.2679    2285104.1729   -5914948.8205     1.7219     4.8805     6.8931        -0.03         10    18.2330
2024-05-11 13:20:0.000000     486856.3794    2285104.0256   -5914946.7369     1.8334     4.7332     8.9767        -0.03         10    18.4919
2024-05-11 13:20:30.000000     486856.4276    2285104.3230   -5914945.5459     1.8816     5.0306    10.1677        -0.03         10    18.5551
2024-05-11 13:21:0.000000     486856.3162    2285104.2288   -5914944.1674     1.7702     4.9364    11.5462        -0.04         10    18.5615
2024-05-11 13:21:30.000000     486856.4784    2285104.8763   -5914942.0339     1.9324     5.5839    13.6797        -0.04         10    18.7061
2024-05-11 13:22:0.000000     486856.7176    2285104.3583   -5914937.3164     2.1716     5.0659    18.3972        -0.05         10    18.5662
2024-05-11 13:22:30.000000     486856.4892    2285104.5179   -5914936.6987     1.9432     5.2255    19.0149        -0.05         10    18.7184
2024-05-11 13:23:0.000000     486856.4977    2285104.3914   -5914935.8719     1.9517     5.0990    19.8417        -0.05         10    18.8401
2024-05-11 13:23:30.000000     486856.4421    2285104.7835   -5914934.2459     1.8961     5.4911    21.4677        -0.06         10    18.8937
2024-05-11 13:24:0.000000     486856.7977    2285104.6692   -5914932.1267     2.2517     5.3768    23.5869        -0.06         10    18.7931
2024-05-11 13:24:30.000000     486856.9514    2285104.6882   -5914930.7248     2.4054     5.3958    24.9888        -0.06         10    18.9642
2024-05-11 13:25:0.000000     486856.8567    2285104.6216   -5914929.3781     2.3107     5.3292    26.3355        -0.06         10    18.8729
2024-05-11 13:25:30.000000     486856.9150    2285104.2272   -5914927.8980     2.3690     4.9348    27.8156        -0.07         10    18.7637
2024-05-11 13:26:0.000000     486857.1033    2285103.9010   -5914924.7895     2.5573     4.6086    30.9241        -0.08         10    18.7096
2024-05-11 13:26:30.000000     486856.9774    2285104.0147   -5914922.9780     2.4314     4.7223    32.7356        -0.08         10    18.8044
2024-05-11 13:27:0.000000     486856.8791    2285104.0340   -5914922.6675     2.3331     4.7416    33.0461        -0.08         10    18.7358
2024-05-11 13:27:30.000000     486857.0635    2285103.9445   -5914920.9232     2.5175     4.6521    34.7904        -0.08         10    18.8495
2024-05-11 13:28:0.000000     486857.0134    2285104.4791   -5914918.3999     2.4674     5.1867    37.3137        -0.09         10    18.8307
2024-05-11 13:28:30.000000     486857.2650    2285103.7996   -5914915.1937     2.7190     4.5072    40.5199        -0.09         10    18.7561
2024-05-11 13:29:0.000000     486857.3778    2285104.2447   -5914915.2455     2.8318     4.9523    40.4681        -0.09         10    18.8312
2024-05-11 13:29:30.000000     486857.4279    2285104.0641   -5914912.0213     2.8819     4.7717    43.6923        -0.10         10    18.9434
2024-05-11 13:30:0.000000     486857.4845    2285103.9608   -5914912.3798     2.9385     4.6684    43.3338        -0.10         10    18.9929
2024-05-11 13:30:30.000000     486857.4747    2285103.5738   -5914910.6709     2.9287     4.2814    45.0427        -0.10         10    18.8962
2024-05-11 13:31:0.000000     486857.5936    2285103.7374   -5914909.1871     3.0476     4.4450    46.5265        -0.11         10    19.0486
2024-05-11 13:31:30.000000     486857.7227    2285104.1056   -5914905.2330     3.1767     4.8132    50.4806        -0.11         10    19.2378
2024-05-11 13:32:0.000000     486858.0510    2285103.9631   -5914904.2302     3.5050     4.6707    51.4834        -0.11         10    18.9949
2024-05-11 13:32:30.000000     486857.9330    2285104.0924   -5914902.7059     3.3870     4.8000    53.0077        -0.12         10    19.1889
2024-05-11 13:33:0.000000     486858.1966    2285103.9274   -5914901.1345     3.6506     4.6350    54.5791        -0.12         10    19.3540
2024-05-11 13:33:30.000000     486858.1704    2285104.0238   -5914899.8930     3.6244     4.7314    55.8206        -0.12         10    19.3411
2024-05-11 13:34:0.000000     486858.1430    2285103.9862   -5914899.2530     3.5970     4.6938    56.4606        -0.12         10    19.2171
2024-05-11 13:34:30.000000     486858.2767    2285103.8724   -5914897.2294     3.7307     4.5800    58.4842        -0.13         10    19.1840
2024-05-11 13:35:0.000000     486858.2997    2285103.9270   -5914896.4772     3.7537     4.6346    59.2364        -0.13         10    19.2613
2024-05-11 13:35:30.000000     486858.3917    2285103.8071   -5914895.0626     3.8457     4.5147    60.6510        -0.13         10    19.2976
2024-05-11 13:36:0.000000     486859.0390    2285104.5841   -5914896.4795     4.4930     5.2917    59.2341        -0.13         11    18.8823
2024-05-11 13:36:30.000000     486859.7097    2285107.8516   -5914901.8388     5.1637     8.5592    53.8748        -0.11         10    14.8701
2024-05-11 13:37:0.000000     486860.0278    2285107.9871   -5914900.8140     5.4818     8.6947    54.8996        -0.11         10    14.6879
2024-05-11 13:37:30.000000     486860.1307    2285107.5150   -5914898.4060     5.5847     8.2226    57.3076        -0.12         10    14.8721
2024-05-11 13:38:0.000000     486860.0923    2285107.7852   -5914898.4972     5.5463     8.4928    57.2164        -0.12         10    15.1545
2024-05-11 13:38:30.000000     486859.9851    2285107.9424   -5914896.9632     5.4391     8.6500    58.7504        -0.12         10    15.2642
2024-05-11 13:39:0.000000     486860.2380    2285107.4276   -5914896.5613     5.6920     8.1352    59.1523        -0.12         10    15.2834
2024-05-11 13:39:30.000000     486860.3119    2285107.6019   -5914894.7097     5.7659     8.3095    61.0039        -0.12         10    15.1846
2024-05-11 13:40:0.000000     486860.3936    2285108.0307   -5914894.0770     5.8476     8.7383    61.6366        -0.12         10    15.1098
2024-05-11 13:40:30.000000     486860.5793    2285107.5711   -5914892.7754     6.0333     8.2787    62.9382        -0.13         10    15.4028
2024-05-11 13:41:0.000000     486860.5704    2285107.3931   -5914892.9712     6.0244     8.1007    62.7424        -0.13         10    15.6219
2024-05-11 13:41:30.000000     486860.1123    2285106.5532   -5914882.7879     5.5663     7.2608    72.9257        -0.15          9    14.7078
2024-05-11 13:42:0.000000     486860.1519    2285106.3650   -5914883.2124     5.6059     7.0726    72.5012        -0.15          9    14.5642
2024-05-11 13:42:30.000000     486860.4325    2285108.9643   -5914886.5756     5.8865     9.6719    69.1380        -0.14         10    16.0453
2024-05-11 13:43:0.000000     486860.6395    2285109.2145   -5914887.8405     6.0935     9.9221    67.8731        -0.13         10    16.0447
2024-05-11 13:43:30.000000     486860.5978    2285109.2849   -5914886.7656     6.0518     9.9925    68.9480        -0.14         10    15.8292
2024-05-11 13:44:0.000000     486860.5668    2285108.9297   -5914887.5785     6.0208     9.6373    68.1351        -0.14         10    16.0547
2024-05-11 13:44:30.000000     486860.4713    2285109.0954   -5914887.9712     5.9253     9.8030    67.7424        -0.13         10    15.9877
2024-05-11 13:45:0.000000     486860.8288    2285109.0083   -5914886.5151     6.2828     9.7159    69.1985        -0.14         10    16.1901
2024-05-11 13:45:30.000000     486860.9416    2285108.9975   -5914885.5440     6.3956     9.7051    70.1696        -0.14         10    16.0776
2024-05-11 13:46:0.000000     486860.9075    2285109.1505   -5914885.7089     6.3615     9.8581    70.0047        -0.14         10    16.0865
2024-05-11 13:46:30.000000     486860.7334    2285109.2540   -5914887.3541     6.1874     9.9616    68.3595        -0.14         10    16.0202
2024-05-11 13:47:0.000000     486860.7884    2285109.0567   -5914886.5778     6.2424     9.7643    69.1358        -0.14         10    16.2025
2024-05-11 13:47:30.000000     486861.0703    2285109.1670   -5914886.1188     6.5243     9.8746    69.5948        -0.14         10    15.8953
2024-05-11 13:48:0.000000     486860.9265    2285109.0340   -5914885.9271     6.3805     9.7416    69.7865        -0.14         10    16.0666
2024-05-11 13:48:30.000000     486861.1650    2285109.3681   -5914886.4138     6.6190    10.0757    69.2998        -0.14         10    16.0535
2024-05-11 13:49:0.000000     486860.9369    2285109.0971   -5914885.0154     6.3909     9.8047    70.6982        -0.14         10    15.8114
2024-05-11 13:49:30.000000     486860.9655    2285109.7860   -5914889.0805     6.4195    10.4936    66.6331        -0.13         10    15.8113
2024-05-11 13:50:0.000000     486858.8756    2285112.0729   -5914906.1524     4.3296    12.7805    49.5612        -0.09         11    20.5659
2024-05-11 13:50:30.000000     486859.0311    2285112.3073   -5914907.3012     4.4851    13.0149    48.4124        -0.09         11    20.3924
2024-05-11 13:51:0.000000     486859.1465    2285112.3661   -5914906.9861     4.6005    13.0737    48.7275        -0.09         11    20.4378
2024-05-11 13:51:30.000000     486859.0569    2285112.6480   -5914907.3597     4.5109    13.3556    48.3539        -0.09         11    20.2923
2024-05-11 13:52:0.000000     486859.0296    2285112.5423   -5914909.0034     4.4836    13.2499    46.7102        -0.09         11    20.2502
2024-05-11 13:52:30.000000     486858.8907    2285112.6800   -5914909.8778     4.3447    13.3876    45.8358        -0.09         11    19.7894
2024-05-11 13:53:0.000000     486859.1093    2285113.0332   -5914910.7800     4.5633    13.7408    44.9336        -0.08         11    19.8288
2024-05-11 13:53:30.000000     486858.7967    2285113.2003   -5914912.0723     4.2507    13.9079    43.6413        -0.08         11    19.4211
2024-05-11 13:54:0.000000     486858.9101    2285113.2508   -5914913.0317     4.3641    13.9584    42.6819        -0.08         11    19.3557
2024-05-11 13:54:30.000000     486858.9794    2285113.2822   -5914913.4112     4.4334    13.9898    42.3024        -0.08         11    19.5282
2024-05-11 13:55:0.000000     486858.5027    2285113.6209   -5914913.5481     3.9567    14.3285    42.1655        -0.08         11    19.1203
2024-05-11 13:55:30.000000     486858.5847    2285113.5428   -5914914.3069     4.0387    14.2504    41.4067        -0.07         11    18.8853
2024-05-11 13:56:0.000000     486858.5887    2285113.6331   -5914914.9836     4.0427    14.3407    40.7300        -0.07         11    18.9295
2024-05-11 13:56:30.000000     486858.5170    2285113.8162   -5914915.7379     3.9710    14.5238    39.9757        -0.07         11    18.6067
2024-05-11 13:57:0.000000     486858.6595    2285114.0937   -5914917.1957     4.1135    14.8013    38.5179        -0.07         11    18.5416
2024-05-11 13:57:30.000000     486858.4616    2285114.2011   -5914917.9082     3.9156    14.9087    37.8054        -0.07         11    18.3585
2024-05-11 13:58:0.000000     486858.6902    2285114.4598   -5914917.4434     4.1442    15.1674    38.2702        -0.07         11    18.4934
2024-05-11 13:58:30.000000     486858.5003    2285114.5693   -5914918.5670     3.9543    15.2769    37.1466        -0.06         11    18.3158
2024-05-11 13:59:0.000000     486858.3294    2285114.8137   -5914918.8854     3.7834    15.5213    36.8282        -0.06         11    18.1587
2024-05-11 13:59:30.000000     486858.4594    2285114.5002   -5914919.3842     3.9134    15.2078    36.3294        -0.06         11    17.9287
