GPS Single Point Positioning Results (with Klobuchar Ionosphere Model (12:00-14:00))
====================================================================================================
Station: HOB200AUS
Time Window: 12:00-14:00 (UTC)
Approx Position: X=-3950072.2497, Y=2522415.3618, Z=-4311637.4022
GPS Week: 2313

Epoch                             X (m)           Y (m)           Z (m)     dX (m)     dY (m)     dZ (m)   Clock (us) Satellites    RMS (m)
----------------------------------------------------------------------------------------------------
2024-05-11 12:00:0.000000   -3950084.6515    2522406.3408   -4311651.2038   -12.4018    -9.0210   -13.8016         0.00          8    15.1574
2024-05-11 12:00:30.000000   -3950083.8206    2522405.3011   -4311650.6097   -11.5709   -10.0607   -13.2075        -0.00          8    15.1357
2024-05-11 12:01:0.000000   -3950083.6668    2522405.6591   -4311650.2606   -11.4171    -9.7027   -12.8584        -0.00          8    15.1908
2024-05-11 12:01:30.000000   -3950083.2906    2522405.0150   -4311650.1319   -11.0409   -10.3468   -12.7297        -0.00          8    15.1226
2024-05-11 12:02:0.000000   -3950083.1383    2522405.1419   -4311649.6172   -10.8886   -10.2199   -12.2150        -0.00          8    15.3432
2024-05-11 12:02:30.000000   -3950082.9094    2522404.4669   -4311649.1970   -10.6597   -10.8949   -11.7948        -0.01          8    15.3208
2024-05-11 12:03:0.000000   -3950082.4370    2522404.4627   -4311649.2769   -10.1873   -10.8991   -11.8747        -0.01          8    15.3082
2024-05-11 12:03:30.000000   -3950082.2894    2522404.3655   -4311649.6816   -10.0397   -10.9963   -12.2794        -0.01          8    15.1823
2024-05-11 12:04:0.000000   -3950081.5175    2522404.1743   -4311648.6267    -9.2678   -11.1875   -11.2245        -0.01          8    15.4846
2024-05-11 12:04:30.000000   -3950081.3885    2522403.7093   -4311648.6060    -9.1388   -11.6525   -11.2038        -0.01          8    15.4696
2024-05-11 12:05:0.000000   -3950080.7768    2522403.2897   -4311648.2947    -8.5271   -12.0721   -10.8925        -0.01          8    15.5817
2024-05-11 12:05:30.000000   -3950080.4299    2522403.1516   -4311647.7733    -8.1802   -12.2102   -10.3711        -0.01          8    15.4520
2024-05-11 12:06:0.000000   -3950080.5570    2522402.8531   -4311647.8663    -8.3073   -12.5087   -10.4641        -0.01          8    15.6260
2024-05-11 12:06:30.000000   -3950079.4510    2522401.9787   -4311647.0993    -7.2013   -13.3831    -9.6971        -0.02          8    15.5770
2024-05-11 12:07:0.000000   -3950079.3487    2522402.2124   -4311647.7311    -7.0990   -13.1494   -10.3289        -0.01          8    15.6775
2024-05-11 12:07:30.000000   -3950079.2310    2522401.9583   -4311647.6072    -6.9813   -13.4035   -10.2050        -0.01          8    15.7076
2024-05-11 12:08:0.000000   -3950078.7315    2522401.7122   -4311647.2632    -6.4818   -13.6496    -9.8610        -0.02          8    15.7899
2024-05-11 12:08:30.000000   -3950079.2577    2522401.6684   -4311647.2942    -7.0080   -13.6934    -9.8920        -0.02          8    15.6269
2024-05-11 12:09:0.000000   -3950078.4937    2522400.7583   -4311646.3664    -6.2440   -14.6035    -8.9642        -0.02          8    16.0128
2024-05-11 12:09:30.000000   -3950078.1113    2522400.8022   -4311646.8074    -5.8616   -14.5596    -9.4052        -0.02          8    15.9881
2024-05-11 12:10:0.000000   -3950078.2303    2522401.0250   -4311646.5555    -5.9806   -14.3368    -9.1533        -0.02          8    15.8911
2024-05-11 12:10:30.000000   -3950077.4155    2522400.6182   -4311646.4387    -5.1658   -14.7436    -9.0365        -0.02          8    15.7253
2024-05-11 12:11:0.000000   -3950077.4049    2522400.1097   -4311646.2055    -5.1552   -15.2521    -8.8033        -0.02          8    15.9438
2024-05-11 12:11:30.000000   -3950077.2434    2522399.9412   -4311646.3965    -4.9937   -15.4206    -8.9943        -0.02          8    15.9412
2024-05-11 12:12:0.000000   -3950076.3991    2522399.1884   -4311645.6296    -4.1494   -16.1734    -8.2274        -0.02          8    16.1923
2024-05-11 12:12:30.000000   -3950076.6463    2522399.5678   -4311646.0031    -4.3966   -15.7940    -8.6009        -0.02          8    16.1897
2024-05-11 12:13:0.000000   -3950075.9555    2522399.2274   -4311645.1416    -3.7058   -16.1344    -7.7394        -0.03          8    15.9215
2024-05-11 12:13:30.000000   -3950075.6822    2522399.2923   -4311645.4987    -3.4325   -16.0695    -8.0965        -0.02          8    16.0710
2024-05-11 12:14:0.000000   -3950075.6591    2522398.7403   -4311645.1742    -3.4094   -16.6215    -7.7720        -0.03          8    16.0765
2024-05-11 12:14:30.000000   -3950075.7796    2522398.9893   -4311645.0510    -3.5299   -16.3725    -7.6488        -0.03          8    15.9862
2024-05-11 12:15:0.000000   -3950074.9734    2522398.5820   -4311645.1699    -2.7237   -16.7798    -7.7677        -0.03          8    16.1010
2024-05-11 12:15:30.000000   -3950074.9651    2522398.5156   -4311645.1315    -2.7154   -16.8462    -7.7293        -0.03          8    16.1900
2024-05-11 12:16:0.000000   -3950074.7525    2522398.5499   -4311645.1985    -2.5028   -16.8119    -7.7963        -0.03          8    16.2162
2024-05-11 12:16:30.000000   -3950074.9077    2522398.3130   -4311645.5593    -2.6580   -17.0488    -8.1571        -0.03          8    16.3157
2024-05-11 12:17:0.000000   -3950074.3486    2522397.5592   -4311645.1421    -2.0989   -17.8026    -7.7399        -0.03          8    16.2284
2024-05-11 12:17:30.000000   -3950073.8479    2522397.3634   -4311644.5323    -1.5982   -17.9984    -7.1301        -0.03          8    16.1509
2024-05-11 12:18:0.000000   -3950073.1347    2522397.1696   -4311644.4909    -0.8850   -18.1922    -7.0887        -0.03          8    16.4368
2024-05-11 12:18:30.000000   -3950073.8145    2522397.1879   -4311644.7666    -1.5648   -18.1739    -7.3644        -0.03          8    16.3860
2024-05-11 12:19:0.000000   -3950070.4251    2522395.6164   -4311643.2894     1.8246   -19.7454    -5.8872        -0.04          9    17.8870
2024-05-11 12:19:30.000000   -3950069.9289    2522395.2678   -4311643.2721     2.3208   -20.0940    -5.8699        -0.04          9    17.5108
2024-05-11 12:20:0.000000   -3950069.6043    2522395.2774   -4311643.2362     2.6454   -20.0844    -5.8340        -0.04          9    17.8009
2024-05-11 12:20:30.000000   -3950068.8390    2522394.7877   -4311642.7651     3.4107   -20.5741    -5.3629        -0.04          9    17.7638
2024-05-11 12:21:0.000000   -3950069.2313    2522394.7568   -4311643.1306     3.0184   -20.6050    -5.7284        -0.04          9    17.8390
2024-05-11 12:21:30.000000   -3950069.0206    2522394.6804   -4311643.4862     3.2291   -20.6814    -6.0840        -0.04          9    17.7395
2024-05-11 12:22:0.000000   -3950068.7219    2522394.5169   -4311643.2041     3.5278   -20.8449    -5.8019        -0.04          9    17.7901
2024-05-11 12:22:30.000000   -3950068.4565    2522394.3940   -4311643.3038     3.7932   -20.9678    -5.9016        -0.05          9    17.8341
2024-05-11 12:23:0.000000   -3950068.0567    2522394.0028   -4311642.8620     4.1930   -21.3590    -5.4598        -0.05          9    17.9967
2024-05-11 12:23:30.000000   -3950067.4077    2522393.6651   -4311642.7502     4.8420   -21.6967    -5.3480        -0.05          9    17.8973
2024-05-11 12:24:0.000000   -3950067.5137    2522393.8192   -4311642.9683     4.7360   -21.5426    -5.5661        -0.05          9    18.0055
2024-05-11 12:24:30.000000   -3950067.1986    2522393.3003   -4311642.9603     5.0511   -22.0615    -5.5581        -0.05          9    18.0580
2024-05-11 12:25:0.000000   -3950067.0283    2522393.0505   -4311642.4983     5.2214   -22.3113    -5.0961        -0.05          9    18.2570
2024-05-11 12:25:30.000000   -3950066.7137    2522393.2875   -4311642.6001     5.5360   -22.0743    -5.1979        -0.05          9    17.8845
2024-05-11 12:26:0.000000   -3950066.7873    2522393.4471   -4311645.4146     5.4624   -21.9147    -8.0124        -0.04         10    18.4132
2024-05-11 12:26:30.000000   -3950066.1543    2522393.4601   -4311645.1263     6.0954   -21.9017    -7.7241        -0.04         10    18.3612
2024-05-11 12:27:0.000000   -3950066.0756    2522393.0519   -4311644.8657     6.1741   -22.3099    -7.4635        -0.04         10    18.3981
2024-05-11 12:27:30.000000   -3950066.1232    2522393.0851   -4311645.7827     6.1265   -22.2767    -8.3805        -0.04         10    18.6994
2024-05-11 12:28:0.000000   -3950065.7815    2522392.8546   -4311645.4151     6.4682   -22.5072    -8.0129        -0.04         10    18.4470
2024-05-11 12:28:30.000000   -3950065.3599    2522392.9927   -4311645.4646     6.8898   -22.3691    -8.0624        -0.04         10    18.6163
2024-05-11 12:29:0.000000   -3950065.1055    2522392.4880   -4311645.0503     7.1442   -22.8738    -7.6481        -0.05         10    18.4309
2024-05-11 12:29:30.000000   -3950064.7526    2522391.8173   -4311644.7544     7.4971   -23.5445    -7.3522        -0.05         10    18.6629
2024-05-11 12:30:0.000000   -3950065.6402    2522392.9994   -4311645.3080     6.6095   -22.3624    -7.9058        -0.04         10    18.5393
2024-05-11 12:30:30.000000   -3950065.9558    2522393.7172   -4311645.1564     6.2939   -21.6446    -7.7542        -0.04         10    18.2610
2024-05-11 12:31:0.000000   -3950065.4210    2522393.2458   -4311644.9965     6.8287   -22.1160    -7.5943        -0.05         10    18.1874
2024-05-11 12:31:30.000000   -3950065.6724    2522393.7929   -4311645.6484     6.5773   -21.5689    -8.2462        -0.04         10    17.9652
2024-05-11 12:32:0.000000   -3950064.7329    2522392.9040   -4311645.8301     7.5168   -22.4578    -8.4279        -0.04         10    18.3911
2024-05-11 12:32:30.000000   -3950064.9340    2522393.3829   -4311645.8229     7.3157   -21.9789    -8.4207        -0.04         10    18.3684
2024-05-11 12:33:0.000000   -3950064.7195    2522393.2344   -4311645.8484     7.5302   -22.1274    -8.4462        -0.04         10    18.5402
2024-05-11 12:33:30.000000   -3950064.3955    2522392.7400   -4311645.4844     7.8542   -22.6218    -8.0822        -0.05         10    18.2040
2024-05-11 12:34:0.000000   -3950064.4978    2522393.1128   -4311645.8626     7.7519   -22.2490    -8.4604        -0.04         10    18.1182
2024-05-11 12:34:30.000000   -3950064.3482    2522392.5608   -4311646.3915     7.9015   -22.8010    -8.9893        -0.04         10    17.9676
2024-05-11 12:35:0.000000   -3950064.1673    2522392.7431   -4311645.5150     8.0824   -22.6187    -8.1128        -0.05         10    17.8485
2024-05-11 12:35:30.000000   -3950064.2298    2522392.0115   -4311645.8283     8.0199   -23.3503    -8.4261        -0.05         10    18.0582
2024-05-11 12:36:0.000000   -3950063.9724    2522392.2132   -4311645.6977     8.2773   -23.1486    -8.2955        -0.05         10    17.8632
2024-05-11 12:36:30.000000   -3950063.9382    2522392.2090   -4311645.4963     8.3115   -23.1528    -8.0941        -0.05         10    17.8403
2024-05-11 12:37:0.000000   -3950063.7131    2522391.8472   -4311645.6706     8.5366   -23.5146    -8.2684        -0.05         10    17.4542
2024-05-11 12:37:30.000000   -3950063.4907    2522391.7236   -4311645.7950     8.7590   -23.6382    -8.3928        -0.05         10    17.5201
2024-05-11 12:38:0.000000   -3950063.3505    2522391.8443   -4311645.4329     8.8992   -23.5175    -8.0307        -0.05         10    17.0598
2024-05-11 12:38:30.000000   -3950063.8842    2522391.5353   -4311645.7573     8.3655   -23.8265    -8.3551        -0.05         10    16.8428
2024-05-11 12:39:0.000000   -3950063.5835    2522391.4081   -4311645.6628     8.6662   -23.9537    -8.2606        -0.05         10    16.5932
2024-05-11 12:39:30.000000   -3950063.2627    2522391.0947   -4311646.0085     8.9870   -24.2671    -8.6063        -0.05         10    16.4282
2024-05-11 12:40:0.000000   -3950063.4488    2522391.1317   -4311645.8195     8.8009   -24.2301    -8.4173        -0.05         10    16.3135
2024-05-11 12:40:30.000000   -3950063.2576    2522391.0164   -4311645.6727     8.9921   -24.3454    -8.2705        -0.05         10    16.3205
2024-05-11 12:41:0.000000   -3950063.4091    2522390.8028   -4311645.9283     8.8406   -24.5590    -8.5261        -0.05         10    16.1868
2024-05-11 12:41:30.000000   -3950062.9309    2522390.6856   -4311645.6327     9.3188   -24.6762    -8.2305        -0.05         10    15.9495
2024-05-11 12:42:0.000000   -3950062.8734    2522390.7024   -4311645.8225     9.3763   -24.6594    -8.4203        -0.05         10    15.8067
2024-05-11 12:42:30.000000   -3950059.4746    2522385.5283   -4311643.8565    12.7751   -29.8335    -6.4543        -0.06          9     7.2054
2024-05-11 12:43:0.000000   -3950060.3800    2522386.0038   -4311643.5772    11.8697   -29.3580    -6.1750        -0.06          9     7.1081
2024-05-11 12:43:30.000000   -3950060.6031    2522386.5539   -4311643.7161    11.6466   -28.8079    -6.3139        -0.06          9     7.0146
2024-05-11 12:44:0.000000   -3950059.8366    2522385.9761   -4311643.5816    12.4131   -29.3857    -6.1794        -0.06          9     6.9311
2024-05-11 12:44:30.000000   -3950060.0965    2522386.4521   -4311643.6962    12.1532   -28.9097    -6.2940        -0.06          9     7.0361
2024-05-11 12:45:0.000000   -3950060.1591    2522386.0796   -4311644.2410    12.0906   -29.2822    -6.8388        -0.06          9     7.1810
2024-05-11 12:45:30.000000   -3950060.5510    2522386.9676   -4311644.2815    11.6987   -28.3942    -6.8793        -0.06          9     6.9974
2024-05-11 12:46:0.000000   -3950060.2162    2522386.9776   -4311643.8353    12.0335   -28.3842    -6.4331        -0.06          9     6.9437
2024-05-11 12:46:30.000000   -3950060.0588    2522386.7747   -4311643.6691    12.1909   -28.5871    -6.2669        -0.06          9     7.1128
2024-05-11 12:47:0.000000   -3950059.9516    2522386.8677   -4311643.6979    12.2981   -28.4941    -6.2957        -0.06          9     7.0036
2024-05-11 12:47:30.000000   -3950059.3218    2522386.4991   -4311642.4813    12.9279   -28.8627    -5.0791        -0.06          9     6.9588
2024-05-11 12:48:0.000000   -3950059.1270    2522387.1592   -4311642.8310    13.1227   -28.2026    -5.4288        -0.06          9     7.2075
2024-05-11 12:48:30.000000   -3950059.2709    2522387.1113   -4311642.6736    12.9788   -28.2505    -5.2714        -0.06          9     7.0081
2024-05-11 12:49:0.000000   -3950058.6326    2522387.3309   -4311642.1352    13.6171   -28.0309    -4.7330        -0.06          9     7.1816
2024-05-11 12:49:30.000000   -3950058.5307    2522387.0870   -4311641.9347    13.7190   -28.2748    -4.5325        -0.06          9     6.9166
2024-05-11 12:50:0.000000   -3950058.5795    2522387.2307   -4311641.9931    13.6702   -28.1311    -4.5909        -0.06          9     7.2176
2024-05-11 12:50:30.000000   -3950058.6098    2522387.7892   -4311641.9101    13.6399   -27.5726    -4.5079        -0.06          9     7.2910
2024-05-11 12:51:0.000000   -3950057.8043    2522387.3879   -4311641.2465    14.4454   -27.9739    -3.8443        -0.07          9     6.9950
2024-05-11 12:51:30.000000   -3950057.5254    2522387.6169   -4311640.8801    14.7243   -27.7449    -3.4779        -0.07          9     7.1700
2024-05-11 12:52:0.000000   -3950058.2276    2522387.8286   -4311641.2718    14.0221   -27.5332    -3.8696        -0.07          9     7.2357
2024-05-11 12:52:30.000000   -3950058.7698    2522388.4428   -4311641.5716    13.4799   -26.9190    -4.1694        -0.06          9     7.5281
2024-05-11 12:53:0.000000   -3950058.3317    2522388.4770   -4311640.9256    13.9180   -26.8848    -3.5234        -0.06          9     7.2963
2024-05-11 12:53:30.000000   -3950058.6322    2522388.4825   -4311641.4958    13.6175   -26.8793    -4.0936        -0.06          9     7.3725
2024-05-11 12:54:0.000000   -3950059.0637    2522389.3318   -4311641.1642    13.1860   -26.0300    -3.7620        -0.06          9     7.4527
2024-05-11 12:54:30.000000   -3950058.0427    2522388.8104   -4311640.9859    14.2070   -26.5514    -3.5837        -0.06          9     7.4976
2024-05-11 12:55:0.000000   -3950057.9834    2522389.2345   -4311640.8723    14.2663   -26.1273    -3.4701        -0.06          9     7.4420
2024-05-11 12:55:30.000000   -3950058.3826    2522389.8372   -4311640.8563    13.8671   -25.5246    -3.4541        -0.06          9     7.4530
2024-05-11 12:56:0.000000   -3950058.7433    2522390.0841   -4311640.4510    13.5064   -25.2777    -3.0488        -0.06          9     7.4629
2024-05-11 12:56:30.000000   -3950058.1108    2522390.4633   -4311639.5840    14.1389   -24.8985    -2.1818        -0.07          8     8.0427
2024-05-11 12:57:0.000000   -3950058.4020    2522390.2494   -4311639.5414    13.8477   -25.1124    -2.1392        -0.06          8     7.9089
2024-05-11 12:57:30.000000   -3950058.2999    2522390.7648   -4311639.3000    13.9498   -24.5970    -1.8978        -0.07          8     8.0587
2024-05-11 12:58:0.000000   -3950058.0467    2522390.5562   -4311638.7424    14.2030   -24.8056    -1.3402        -0.07          8     8.1601
2024-05-11 12:58:30.000000   -3950058.0735    2522391.2434   -4311638.4144    14.1762   -24.1184    -1.0122        -0.07          8     8.2255
2024-05-11 12:59:0.000000   -3950058.1700    2522391.1972   -4311638.1324    14.0797   -24.1646    -0.7302        -0.07          8     8.2865
2024-05-11 12:59:30.000000   -3950058.3251    2522391.4660   -4311638.0177    13.9246   -23.8958    -0.6155        -0.07          8     8.2738
2024-05-11 13:00:0.000000   -3950057.9725    2522391.0951   -4311637.7162    14.2772   -24.2667    -0.3140        -0.07          8     8.4579
2024-05-11 13:00:30.000000   -3950060.5230    2522385.0587   -4311647.7291    11.7267   -30.3031   -10.3269        -0.06          8     7.6672
2024-05-11 13:01:0.000000   -3950059.6774    2522384.7901   -4311647.1022    12.5723   -30.5717    -9.7000        -0.06          8     7.7025
2024-05-11 13:01:30.000000   -3950060.2511    2522384.8238   -4311647.4193    11.9986   -30.5380   -10.0171        -0.06          8     7.5848
2024-05-11 13:02:0.000000   -3950059.8674    2522384.8213   -4311646.8250    12.3823   -30.5405    -9.4228        -0.06          8     7.7926
2024-05-11 13:02:30.000000   -3950059.2970    2522384.8641   -4311646.8258    12.9527   -30.4977    -9.4236        -0.06          8     7.7284
2024-05-11 13:03:0.000000   -3950059.6185    2522385.3657   -4311646.6557    12.6312   -29.9961    -9.2535        -0.06          8     7.8027
2024-05-11 13:03:30.000000   -3950059.6119    2522385.7083   -4311646.3711    12.6378   -29.6535    -8.9689        -0.06          8     7.8667
2024-05-11 13:04:0.000000   -3950059.3933    2522385.1044   -4311646.1993    12.8564   -30.2574    -8.7971        -0.06          8     7.7012
2024-05-11 13:04:30.000000   -3950059.8156    2522386.0610   -4311646.1391    12.4341   -29.3008    -8.7369        -0.06          8     7.9448
2024-05-11 13:05:0.000000   -3950059.0285    2522385.5468   -4311645.5209    13.2212   -29.8150    -8.1187        -0.06          8     7.8053
2024-05-11 13:05:30.000000   -3950059.4736    2522386.0400   -4311645.6812    12.7761   -29.3218    -8.2790        -0.06          8     8.0964
2024-05-11 13:06:0.000000   -3950058.8126    2522385.9927   -4311645.6707    13.4371   -29.3691    -8.2685        -0.06          8     7.9906
2024-05-11 13:06:30.000000   -3950059.6491    2522386.3932   -4311645.4934    12.6006   -28.9686    -8.0912        -0.06          8     8.1493
2024-05-11 13:07:0.000000   -3950059.6204    2522386.4516   -4311645.1103    12.6293   -28.9102    -7.7081        -0.06          8     8.2139
2024-05-11 13:07:30.000000   -3950059.1868    2522386.8922   -4311645.0032    13.0629   -28.4696    -7.6010        -0.06          8     8.2036
2024-05-11 13:08:0.000000   -3950058.9203    2522386.6669   -4311645.0534    13.3294   -28.6949    -7.6512        -0.06          8     8.2211
2024-05-11 13:08:30.000000   -3950059.5645    2522387.1380   -4311644.9441    12.6852   -28.2238    -7.5419        -0.06          8     8.3754
2024-05-11 13:09:0.000000   -3950058.5959    2522386.8147   -4311644.0922    13.6538   -28.5471    -6.6900        -0.07          8     8.1703
2024-05-11 13:09:30.000000   -3950059.0840    2522387.5801   -4311644.2275    13.1657   -27.7817    -6.8253        -0.06          8     8.1586
2024-05-11 13:10:0.000000   -3950058.9061    2522387.2214   -4311643.7963    13.3436   -28.1404    -6.3941        -0.07          8     8.2940
2024-05-11 13:10:30.000000   -3950059.2068    2522387.8230   -4311643.7301    13.0429   -27.5388    -6.3279        -0.06          8     8.4915
2024-05-11 13:11:0.000000   -3950059.3394    2522388.0845   -4311643.7873    12.9103   -27.2773    -6.3851        -0.06          8     8.3771
2024-05-11 13:11:30.000000   -3950059.0705    2522388.1563   -4311643.2000    13.1792   -27.2055    -5.7978        -0.06          8     8.5047
2024-05-11 13:12:0.000000   -3950059.2463    2522388.8796   -4311643.3436    13.0034   -26.4822    -5.9414        -0.06          8     8.5393
2024-05-11 13:12:30.000000   -3950058.5927    2522388.5341   -4311642.2971    13.6570   -26.8277    -4.8949        -0.07          8     8.3634
2024-05-11 13:13:0.000000   -3950058.5208    2522388.4677   -4311642.2795    13.7289   -26.8941    -4.8773        -0.07          8     8.4937
2024-05-11 13:13:30.000000   -3950059.2807    2522389.1068   -4311642.5995    12.9690   -26.2550    -5.1973        -0.06          8     8.5872
2024-05-11 13:14:0.000000   -3950059.0660    2522389.3505   -4311641.7103    13.1837   -26.0113    -4.3081        -0.07          8     8.4683
2024-05-11 13:14:30.000000   -3950058.1005    2522388.8802   -4311640.6445    14.1492   -26.4816    -3.2423        -0.07          8     8.4889
2024-05-11 13:15:0.000000   -3950058.4246    2522389.8453   -4311641.5180    13.8251   -25.5165    -4.1158        -0.07          8     8.6649
2024-05-11 13:15:30.000000   -3950058.4239    2522389.4356   -4311640.8685    13.8258   -25.9262    -3.4663        -0.07          8     8.8009
2024-05-11 13:16:0.000000   -3950058.1533    2522389.7295   -4311640.7904    14.0964   -25.6323    -3.3882        -0.07          8     8.7548
2024-05-11 13:16:30.000000   -3950058.3566    2522390.3249   -4311640.5690    13.8931   -25.0369    -3.1668        -0.07          8     8.6804
2024-05-11 13:17:0.000000   -3950058.1181    2522389.7293   -4311639.7754    14.1316   -25.6325    -2.3732        -0.07          8     8.6741
2024-05-11 13:17:30.000000   -3950058.1117    2522389.8389   -4311639.6542    14.1380   -25.5229    -2.2520        -0.07          8     8.8427
2024-05-11 13:18:0.000000   -3950057.8701    2522390.3145   -4311639.4147    14.3796   -25.0473    -2.0125        -0.07          8     8.7875
2024-05-11 13:18:30.000000   -3950057.7007    2522390.2361   -4311638.7863    14.5490   -25.1257    -1.3841        -0.07          8     8.8714
2024-05-11 13:19:0.000000   -3950058.6101    2522390.4901   -4311639.3125    13.6396   -24.8717    -1.9103        -0.07          8     8.6664
2024-05-11 13:19:30.000000   -3950058.0265    2522390.7321   -4311638.2332    14.2232   -24.6297    -0.8310        -0.07          8     8.8050
2024-05-11 13:20:0.000000   -3950057.9125    2522391.1682   -4311638.2446    14.3372   -24.1936    -0.8424        -0.07          8     8.9178
2024-05-11 13:20:30.000000   -3950058.2571    2522391.0716   -4311638.2308    13.9926   -24.2902    -0.8286        -0.07          8     8.9088
2024-05-11 13:21:0.000000   -3950057.7334    2522391.0984   -4311637.0348    14.5163   -24.2634     0.3674        -0.07          8     9.0761
2024-05-11 13:21:30.000000   -3950057.8024    2522391.3031   -4311636.7875    14.4473   -24.0587     0.6147        -0.07          8     9.0291
2024-05-11 13:22:0.000000   -3950056.8503    2522391.5015   -4311635.2828    15.3994   -23.8603     2.1194        -0.08          8     9.0905
2024-05-11 13:22:30.000000   -3950057.6578    2522391.7305   -4311636.2000    14.5919   -23.6313     1.2022        -0.07          8     9.1813
2024-05-11 13:23:0.000000   -3950057.2050    2522391.8131   -4311635.4320    15.0447   -23.5487     1.9702        -0.08          8     8.8354
2024-05-11 13:23:30.000000   -3950057.0504    2522391.8692   -4311634.9939    15.1993   -23.4926     2.4083        -0.08          8     9.2055
2024-05-11 13:24:0.000000   -3950056.8398    2522391.7322   -4311635.2488    15.4099   -23.6296     2.1534        -0.08          8     8.9633
2024-05-11 13:24:30.000000   -3950056.8989    2522391.8639   -4311634.3447    15.3508   -23.4979     3.0575        -0.08          8     8.9928
2024-05-11 13:25:0.000000   -3950056.4843    2522391.7955   -4311633.5429    15.7654   -23.5663     3.8593        -0.08          8     9.0097
2024-05-11 13:25:30.000000   -3950057.0054    2522392.3783   -4311633.6587    15.2443   -22.9835     3.7435        -0.08          8     9.1668
2024-05-11 13:26:0.000000   -3950057.1124    2522392.8382   -4311633.4007    15.1373   -22.5236     4.0015        -0.08          8     8.8629
2024-05-11 13:26:30.000000   -3950056.5196    2522391.8772   -4311633.1685    15.7301   -23.4846     4.2337        -0.08          8     9.0495
2024-05-11 13:27:0.000000   -3950056.4856    2522392.7641   -4311632.2756    15.7641   -22.5977     5.1266        -0.08          8     8.9435
2024-05-11 13:27:30.000000   -3950056.4637    2522392.9999   -4311632.3947    15.7860   -22.3619     5.0075        -0.08          8     9.0407
2024-05-11 13:28:0.000000   -3950056.5719    2522392.7731   -4311632.2734    15.6778   -22.5887     5.1288        -0.08          8     9.0822
2024-05-11 13:28:30.000000   -3950056.5217    2522393.2533   -4311631.5539    15.7280   -22.1085     5.8483        -0.08          8     9.0246
2024-05-11 13:29:0.000000   -3950055.9884    2522393.0401   -4311630.6992    16.2613   -22.3217     6.7030        -0.08          8     9.0180
2024-05-11 13:29:30.000000   -3950056.6454    2522393.8612   -4311631.2444    15.6043   -21.5006     6.1578        -0.08          8     9.0157
2024-05-11 13:30:0.000000   -3950055.7004    2522393.5402   -4311629.9515    16.5493   -21.8216     7.4507        -0.09          8     9.0751
2024-05-11 13:30:30.000000   -3950055.4450    2522393.4977   -4311629.0798    16.8047   -21.8641     8.3224        -0.09          8     9.0557
2024-05-11 13:31:0.000000   -3950055.9710    2522393.6749   -4311628.7994    16.2787   -21.6869     8.6028        -0.09          8     9.0777
2024-05-11 13:31:30.000000   -3950055.9150    2522394.0988   -4311628.8354    16.3347   -21.2630     8.5668        -0.09          8     9.1554
2024-05-11 13:32:0.000000   -3950054.9309    2522393.5449   -4311627.0599    17.3188   -21.8169    10.3423        -0.09          8     9.0465
2024-05-11 13:32:30.000000   -3950055.1029    2522394.1103   -4311626.8236    17.1468   -21.2515    10.5786        -0.09          8     8.9499
2024-05-11 13:33:0.000000   -3950054.5520    2522393.2498   -4311626.8824    17.6977   -22.1120    10.5198        -0.09          8     9.0119
2024-05-11 13:33:30.000000   -3950055.0224    2522394.3013   -4311626.2889    17.2273   -21.0605    11.1133        -0.09          8     8.9172
2024-05-11 13:34:0.000000   -3950054.2772    2522393.9931   -4311625.2314    17.9725   -21.3687    12.1708        -0.09          8     8.8503
2024-05-11 13:34:30.000000   -3950054.6111    2522394.3223   -4311624.8861    17.6386   -21.0395    12.5161        -0.09          8     9.0312
2024-05-11 13:35:0.000000   -3950053.6595    2522394.2650   -4311623.9809    18.5902   -21.0968    13.4213        -0.10          7     9.2293
2024-05-11 13:35:30.000000   -3950054.4513    2522394.5848   -4311624.6002    17.7984   -20.7770    12.8020        -0.09          7     9.3117
2024-05-11 13:36:0.000000   -3950054.4841    2522395.0933   -4311624.0797    17.7656   -20.2685    13.3225        -0.09          7     9.2680
2024-05-11 13:36:30.000000   -3950053.8564    2522394.6598   -4311623.2042    18.3933   -20.7020    14.1980        -0.10          7     9.3166
2024-05-11 13:37:0.000000   -3950053.3854    2522394.4827   -4311621.9774    18.8643   -20.8791    15.4248        -0.10          7     9.2361
2024-05-11 13:37:30.000000   -3950052.7770    2522394.2207   -4311621.9207    19.4727   -21.1411    15.4815        -0.10          7     8.8212
2024-05-11 13:38:0.000000   -3950052.2713    2522394.2738   -4311620.5515    19.9784   -21.0880    16.8507        -0.10          7     8.9307
2024-05-11 13:38:30.000000   -3950051.7014    2522394.0507   -4311619.3364    20.5483   -21.3111    18.0658        -0.11          7     8.8600
2024-05-11 13:39:0.000000   -3950051.4591    2522394.3779   -4311618.8567    20.7906   -20.9839    18.5455        -0.11          7     8.5803
2024-05-11 13:39:30.000000   -3950050.6643    2522393.8736   -4311618.2733    21.5854   -21.4882    19.1289        -0.11          7     8.6884
2024-05-11 13:40:0.000000   -3950052.4535    2522394.7242   -4311619.9205    19.7962   -20.6376    17.4817        -0.10          8     8.4213
2024-05-11 13:40:30.000000   -3950051.6903    2522394.4046   -4311619.3315    20.5594   -20.9572    18.0707        -0.11          8     8.5339
2024-05-11 13:41:0.000000   -3950051.3544    2522394.3055   -4311618.0909    20.8953   -21.0563    19.3113        -0.11          8     8.4148
2024-05-11 13:41:30.000000   -3950051.7969    2522394.8019   -4311618.0991    20.4528   -20.5599    19.3031        -0.11          8     8.3921
2024-05-11 13:42:0.000000   -3950050.4781    2522394.0622   -4311616.9422    21.7716   -21.2996    20.4600        -0.11          8     8.5037
2024-05-11 13:42:30.000000   -3950050.9732    2522394.7748   -4311617.0867    21.2765   -20.5870    20.3155        -0.11          8     8.2803
2024-05-11 13:43:0.000000   -3950050.1895    2522394.3308   -4311616.0304    22.0602   -21.0310    21.3718        -0.11          8     8.3854
2024-05-11 13:43:30.000000   -3950050.1692    2522394.1595   -4311615.0706    22.0805   -21.2023    22.3316        -0.11          8     8.2328
2024-05-11 13:44:0.000000   -3950049.2992    2522394.1690   -4311614.6129    22.9505   -21.1928    22.7893        -0.12          8     8.3867
2024-05-11 13:44:30.000000   -3950050.4091    2522394.5273   -4311614.5176    21.8406   -20.8345    22.8846        -0.11          8     8.3550
2024-05-11 13:45:0.000000   -3950049.3367    2522393.8746   -4311613.9591    22.9130   -21.4872    23.4431        -0.12          8     8.1998
2024-05-11 13:45:30.000000   -3950053.1047    2522396.1899   -4311616.7938    19.1450   -19.1719    20.6084        -0.10          9    12.0046
2024-05-11 13:46:0.000000   -3950053.3206    2522396.2351   -4311616.8709    18.9291   -19.1267    20.5313        -0.10          9    11.5846
2024-05-11 13:46:30.000000   -3950052.6136    2522395.9767   -4311615.6321    19.6361   -19.3851    21.7701        -0.11          9    12.0366
2024-05-11 13:47:0.000000   -3950053.1572    2522396.1999   -4311616.0575    19.0925   -19.1619    21.3447        -0.10          9    11.8328
2024-05-11 13:47:30.000000   -3950052.5961    2522396.1692   -4311615.3464    19.6536   -19.1926    22.0558        -0.11          9    11.2915
2024-05-11 13:48:0.000000   -3950052.1020    2522395.9967   -4311614.2601    20.1477   -19.3651    23.1421        -0.11          9    11.8850
2024-05-11 13:48:30.000000   -3950052.6360    2522396.3733   -4311614.0742    19.6137   -18.9885    23.3280        -0.11          9    11.7273
2024-05-11 13:49:0.000000   -3950051.7445    2522396.0553   -4311613.3543    20.5052   -19.3065    24.0479        -0.11          9    11.6331
2024-05-11 13:49:30.000000   -3950051.4014    2522395.9194   -4311612.9955    20.8483   -19.4424    24.4067        -0.11          9    11.9007
2024-05-11 13:50:0.000000   -3950051.6305    2522395.6922   -4311612.8412    20.6192   -19.6696    24.5610        -0.11          9    11.9082
2024-05-11 13:50:30.000000   -3950051.1830    2522395.7047   -4311612.1558    21.0667   -19.6571    25.2464        -0.11          9    11.4502
2024-05-11 13:51:0.000000   -3950050.9080    2522395.5973   -4311611.5061    21.3417   -19.7645    25.8961        -0.11          9    11.4964
2024-05-11 13:51:30.000000   -3950050.1395    2522395.0566   -4311610.1326    22.1102   -20.3052    27.2696        -0.12          9    11.6868
2024-05-11 13:52:0.000000   -3950050.6607    2522395.6600   -4311610.8867    21.5890   -19.7018    26.5155        -0.12          9    11.4451
2024-05-11 13:52:30.000000   -3950050.4880    2522395.3795   -4311610.6471    21.7617   -19.9823    26.7551        -0.12          9    11.1184
2024-05-11 13:53:0.000000   -3950050.3679    2522395.6557   -4311610.2809    21.8818   -19.7061    27.1213        -0.12          9    11.5778
2024-05-11 13:53:30.000000   -3950050.0473    2522395.3891   -4311609.7582    22.2024   -19.9727    27.6440        -0.12          9    11.4650
2024-05-11 13:54:0.000000   -3950049.6239    2522395.2601   -4311608.9851    22.6258   -20.1017    28.4171        -0.12          9    11.3201
2024-05-11 13:54:30.000000   -3950050.1770    2522395.5922   -4311609.6367    22.0727   -19.7696    27.7655        -0.12          9    11.4269
2024-05-11 13:55:0.000000   -3950049.9178    2522395.4755   -4311609.7170    22.3319   -19.8863    27.6852        -0.12          9    11.4438
2024-05-11 13:55:30.000000   -3950049.5663    2522395.1718   -4311608.5612    22.6834   -20.1900    28.8410        -0.12          9    11.1711
2024-05-11 13:56:0.000000   -3950049.6340    2522395.6481   -4311608.6345    22.6157   -19.7137    28.7677        -0.12          9    11.0556
2024-05-11 13:56:30.000000   -3950049.6140    2522396.0812   -4311609.0488    22.6357   -19.2806    28.3534        -0.12          9    11.4462
2024-05-11 13:57:0.000000   -3950049.2010    2522395.6881   -4311607.9854    23.0487   -19.6737    29.4168        -0.12          9    11.3693
2024-05-11 13:57:30.000000   -3950049.3782    2522395.7014   -4311608.0787    22.8715   -19.6604    29.3235        -0.12          9    11.2335
2024-05-11 13:58:0.000000   -3950049.2692    2522395.4200   -4311607.6215    22.9805   -19.9418    29.7807        -0.12          9    10.9919
2024-05-11 13:58:30.000000   -3950049.2489    2522395.8236   -4311608.0560    23.0008   -19.5382    29.3462        -0.12          9    10.8471
2024-05-11 13:59:0.000000   -3950049.0630    2522395.2089   -4311607.3643    23.1867   -20.1529    30.0379        -0.12          9    10.8031
2024-05-11 13:59:30.000000   -3950049.3890    2522395.4247   -4311607.1822    22.8607   -19.9371    30.2200        -0.12          9    10.5466
