GPS Single Point Positioning Results (with Klobuchar Ionosphere Model (12:00-14:00))
====================================================================================================
Station: HOB200AUS
Time Window: 12:00-14:00 (UTC)
Approx Position: X=-3950072.2497, Y=2522415.3618, Z=-4311637.4022
GPS Week: 2313

Epoch                             X (m)           Y (m)           Z (m)     dX (m)     dY (m)     dZ (m)   Clock (us) Satellites    RMS (m)
----------------------------------------------------------------------------------------------------
2024-05-08 12:00:0.000000   -3950109.0701    2522422.3713   -4311664.1699   -36.8204     7.0095   -26.7677         0.07          7    10.9956
2024-05-08 12:00:30.000000   -3950109.1118    2522421.9067   -4311663.8220   -36.8621     6.5449   -26.4198         0.07          7    10.9422
2024-05-08 12:01:0.000000   -3950108.9504    2522421.9603   -4311663.8265   -36.7007     6.5985   -26.4243         0.07          7    10.9537
2024-05-08 12:01:30.000000   -3950108.3422    2522421.2130   -4311663.4581   -36.0925     5.8512   -26.0559         0.06          7    11.2046
2024-05-08 12:02:0.000000   -3950108.5143    2522421.5041   -4311662.9684   -36.2646     6.1423   -25.5662         0.06          7    11.1786
2024-05-08 12:02:30.000000   -3950107.8816    2522420.8670   -4311662.8740   -35.6319     5.5052   -25.4718         0.06          7    11.1779
2024-05-08 12:03:0.000000   -3950104.3598    2522419.5135   -4311659.4265   -32.1101     4.1517   -22.0243         0.05          8    12.4439
2024-05-08 12:03:30.000000   -3950104.5035    2522419.6191   -4311659.4972   -32.2538     4.2573   -22.0950         0.05          8    12.4514
2024-05-08 12:04:0.000000   -3950103.8102    2522418.8732   -4311658.9682   -31.5605     3.5114   -21.5660         0.05          8    12.6036
2024-05-08 12:04:30.000000   -3950103.7576    2522418.8638   -4311659.4244   -31.5079     3.5020   -22.0222         0.05          8    12.6002
2024-05-08 12:05:0.000000   -3950103.3129    2522418.2302   -4311658.5358   -31.0632     2.8684   -21.1336         0.05          8    12.7006
2024-05-08 12:05:30.000000   -3950103.4633    2522418.1939   -4311658.3046   -31.2136     2.8321   -20.9024         0.04          8    12.5158
2024-05-08 12:06:0.000000   -3950103.1669    2522417.9694   -4311658.4535   -30.9172     2.6076   -21.0513         0.04          8    12.7253
2024-05-08 12:06:30.000000   -3950103.3444    2522418.1062   -4311658.1947   -31.0947     2.7444   -20.7925         0.04          8    12.6493
2024-05-08 12:07:0.000000   -3950102.7732    2522417.6615   -4311658.0093   -30.5235     2.2997   -20.6071         0.04          8    12.8878
2024-05-08 12:07:30.000000   -3950102.4998    2522417.6155   -4311658.3191   -30.2501     2.2537   -20.9169         0.04          8    12.6037
2024-05-08 12:08:0.000000   -3950101.5241    2522416.3689   -4311657.1040   -29.2744     1.0071   -19.7018         0.04          8    13.0080
2024-05-08 12:08:30.000000   -3950100.8155    2522416.3170   -4311656.8603   -28.5658     0.9552   -19.4581         0.04          8    12.8705
2024-05-08 12:09:0.000000   -3950101.1342    2522416.0942   -4311656.3598   -28.8845     0.7324   -18.9576         0.04          8    12.8336
2024-05-08 12:09:30.000000   -3950100.7371    2522415.8405   -4311655.9363   -28.4874     0.4787   -18.5341         0.04          8    12.9191
2024-05-08 12:10:0.000000   -3950099.8351    2522415.4015   -4311655.9803   -27.5854     0.0397   -18.5781         0.03          8    13.0168
2024-05-08 12:10:30.000000   -3950100.2552    2522415.6589   -4311656.8582   -28.0055     0.2971   -19.4560         0.04          8    13.0400
2024-05-08 12:11:0.000000   -3950099.8319    2522415.1216   -4311655.5173   -27.5822    -0.2402   -18.1151         0.03          8    13.0572
2024-05-08 12:11:30.000000   -3950099.3960    2522414.8328   -4311655.6309   -27.1463    -0.5290   -18.2287         0.03          8    13.1110
2024-05-08 12:12:0.000000   -3950098.8455    2522414.5887   -4311655.3731   -26.5958    -0.7731   -17.9709         0.03          8    13.2159
2024-05-08 12:12:30.000000   -3950098.6108    2522413.9478   -4311655.2074   -26.3611    -1.4140   -17.8052         0.03          8    13.2529
2024-05-08 12:13:0.000000   -3950098.2645    2522413.4462   -4311654.8701   -26.0148    -1.9156   -17.4679         0.03          8    13.1804
2024-05-08 12:13:30.000000   -3950098.5903    2522413.5444   -4311654.6412   -26.3406    -1.8174   -17.2390         0.03          8    13.2841
2024-05-08 12:14:0.000000   -3950097.9867    2522413.4279   -4311654.2297   -25.7370    -1.9339   -16.8275         0.03          8    13.4952
2024-05-08 12:14:30.000000   -3950097.4201    2522412.6958   -4311654.1233   -25.1704    -2.6660   -16.7211         0.03          8    13.3933
2024-05-08 12:15:0.000000   -3950097.2637    2522412.9658   -4311654.3595   -25.0140    -2.3960   -16.9573         0.03          8    13.3384
2024-05-08 12:15:30.000000   -3950097.6284    2522412.4684   -4311654.1778   -25.3787    -2.8934   -16.7756         0.03          8    13.5538
2024-05-08 12:16:0.000000   -3950096.7554    2522412.0903   -4311654.1377   -24.5057    -3.2715   -16.7355         0.02          8    13.4393
2024-05-08 12:16:30.000000   -3950096.0434    2522411.8810   -4311653.6945   -23.7937    -3.4808   -16.2923         0.02          8    13.4981
2024-05-08 12:17:0.000000   -3950096.0608    2522411.5172   -4311653.5680   -23.8111    -3.8446   -16.1658         0.02          8    13.5761
2024-05-08 12:17:30.000000   -3950095.4497    2522411.3780   -4311653.8103   -23.2000    -3.9838   -16.4081         0.02          8    13.6688
2024-05-08 12:18:0.000000   -3950095.8022    2522411.3916   -4311653.8817   -23.5525    -3.9702   -16.4795         0.02          8    13.8994
2024-05-08 12:18:30.000000   -3950094.8838    2522410.7311   -4311653.2746   -22.6341    -4.6307   -15.8724         0.02          8    13.7464
2024-05-08 12:19:0.000000   -3950094.7087    2522410.5745   -4311653.1711   -22.4590    -4.7873   -15.7689         0.02          8    13.8202
2024-05-08 12:19:30.000000   -3950093.6961    2522409.7047   -4311652.4959   -21.4464    -5.6571   -15.0937         0.02          8    13.8416
2024-05-08 12:20:0.000000   -3950094.0435    2522410.2640   -4311652.9368   -21.7938    -5.0978   -15.5346         0.02          8    14.0085
2024-05-08 12:20:30.000000   -3950093.4076    2522409.4264   -4311652.3315   -21.1579    -5.9354   -14.9293         0.01          8    13.9006
2024-05-08 12:21:0.000000   -3950093.4916    2522409.8640   -4311652.4216   -21.2419    -5.4978   -15.0194         0.02          8    13.9433
2024-05-08 12:21:30.000000   -3950093.1086    2522408.8389   -4311652.6134   -20.8589    -6.5229   -15.2112         0.01          8    14.0806
2024-05-08 12:22:0.000000   -3950092.7236    2522408.8060   -4311652.1029   -20.4739    -6.5558   -14.7007         0.01          8    14.4602
2024-05-08 12:22:30.000000   -3950092.2074    2522408.5882   -4311651.9188   -19.9577    -6.7736   -14.5166         0.01          8    14.2437
2024-05-08 12:23:0.000000   -3950092.4995    2522408.8303   -4311652.5290   -20.2498    -6.5315   -15.1268         0.01          8    14.1620
2024-05-08 12:23:30.000000   -3950091.5558    2522407.8243   -4311651.5886   -19.3061    -7.5375   -14.1864         0.01          8    14.2602
2024-05-08 12:24:0.000000   -3950091.0556    2522407.8209   -4311651.9105   -18.8059    -7.5409   -14.5083         0.01          8    14.4702
2024-05-08 12:24:30.000000   -3950091.1991    2522407.4180   -4311652.5555   -18.9494    -7.9438   -15.1533         0.01          8    14.5517
2024-05-08 12:25:0.000000   -3950090.9652    2522407.0645   -4311651.5053   -18.7155    -8.2973   -14.1031         0.01          8    14.7704
2024-05-08 12:25:30.000000   -3950090.3198    2522407.0424   -4311651.2601   -18.0701    -8.3194   -13.8579         0.01          8    14.3771
2024-05-08 12:26:0.000000   -3950090.3192    2522406.6754   -4311651.3123   -18.0695    -8.6864   -13.9101         0.01          8    14.3966
2024-05-08 12:26:30.000000   -3950089.5681    2522406.1244   -4311650.9994   -17.3184    -9.2374   -13.5972         0.00          8    14.7209
2024-05-08 12:27:0.000000   -3950089.4713    2522406.3768   -4311651.2106   -17.2216    -8.9850   -13.8084         0.01          8    14.5864
2024-05-08 12:27:30.000000   -3950089.2846    2522406.3824   -4311651.0482   -17.0349    -8.9794   -13.6460         0.00          8    14.6773
2024-05-08 12:28:0.000000   -3950088.9730    2522405.7335   -4311651.3499   -16.7233    -9.6283   -13.9477         0.00          8    14.7131
2024-05-08 12:28:30.000000   -3950088.6049    2522405.4473   -4311650.7090   -16.3552    -9.9145   -13.3068         0.00          8    14.8367
2024-05-08 12:29:0.000000   -3950087.9323    2522404.9978   -4311651.7150   -15.6826   -10.3640   -14.3128         0.00          8    14.9332
2024-05-08 12:29:30.000000   -3950088.7698    2522405.2178   -4311651.2196   -16.5201   -10.1440   -13.8174         0.00          8    14.8666
2024-05-08 12:30:0.000000   -3950087.5123    2522405.0701   -4311650.8771   -15.2626   -10.2917   -13.4749         0.00          8    14.9882
2024-05-08 12:30:30.000000   -3950087.1197    2522404.5268   -4311650.5864   -14.8700   -10.8350   -13.1842        -0.00          8    14.9300
2024-05-08 12:31:0.000000   -3950086.8673    2522404.3325   -4311650.8299   -14.6176   -11.0293   -13.4277         0.00          8    15.1168
2024-05-08 12:31:30.000000   -3950081.4034    2522401.4050   -4311648.4808    -9.1537   -13.9568   -11.0786        -0.02          9    18.2225
2024-05-08 12:32:0.000000   -3950081.6951    2522401.5835   -4311649.3684    -9.4454   -13.7783   -11.9662        -0.01          9    18.0919
2024-05-08 12:32:30.000000   -3950081.2043    2522401.2562   -4311649.2451    -8.9546   -14.1056   -11.8429        -0.01          9    17.9241
2024-05-08 12:33:0.000000   -3950081.0831    2522401.1571   -4311649.2250    -8.8334   -14.2047   -11.8228        -0.02          9    18.1317
2024-05-08 12:33:30.000000   -3950080.2143    2522400.6833   -4311648.5559    -7.9646   -14.6785   -11.1537        -0.02          9    17.9571
2024-05-08 12:34:0.000000   -3950080.0625    2522400.0691   -4311648.8887    -7.8128   -15.2927   -11.4865        -0.02          9    17.9540
2024-05-08 12:34:30.000000   -3950079.9140    2522400.0641   -4311649.2580    -7.6643   -15.2977   -11.8558        -0.02          9    18.1021
2024-05-08 12:35:0.000000   -3950079.3182    2522399.9767   -4311648.9728    -7.0685   -15.3851   -11.5706        -0.02          9    17.9707
2024-05-08 12:35:30.000000   -3950078.9757    2522399.7002   -4311649.1744    -6.7260   -15.6616   -11.7722        -0.02          9    18.0724
2024-05-08 12:36:0.000000   -3950077.9125    2522398.9847   -4311648.3120    -5.6628   -16.3771   -10.9098        -0.02          9    17.9795
2024-05-08 12:36:30.000000   -3950078.4004    2522399.0045   -4311648.7772    -6.1507   -16.3573   -11.3750        -0.02          9    18.1432
2024-05-08 12:37:0.000000   -3950077.3361    2522398.5489   -4311648.9911    -5.0864   -16.8129   -11.5889        -0.02          9    17.9823
2024-05-08 12:37:30.000000   -3950077.0869    2522398.3626   -4311648.6975    -4.8372   -16.9992   -11.2953        -0.02          9    18.4645
2024-05-08 12:38:0.000000   -3950076.7254    2522398.1928   -4311648.7437    -4.4757   -17.1690   -11.3415        -0.02          9    17.7687
2024-05-08 12:38:30.000000   -3950076.2005    2522397.8700   -4311649.2810    -3.9508   -17.4918   -11.8788        -0.02         10    17.0663
2024-05-08 12:39:0.000000   -3950076.2397    2522397.7853   -4311648.6515    -3.9900   -17.5765   -11.2493        -0.02         10    17.2624
2024-05-08 12:39:30.000000   -3950075.9388    2522397.6701   -4311649.0403    -3.6891   -17.6917   -11.6381        -0.02         10    17.0729
2024-05-08 12:40:0.000000   -3950075.4451    2522397.3124   -4311649.1463    -3.1954   -18.0494   -11.7441        -0.02         10    16.9811
2024-05-08 12:40:30.000000   -3950074.7473    2522396.7751   -4311648.7879    -2.4976   -18.5867   -11.3857        -0.03         10    17.1496
2024-05-08 12:41:0.000000   -3950075.2323    2522396.9983   -4311649.5190    -2.9826   -18.3635   -12.1168        -0.03         10    17.1611
2024-05-08 12:41:30.000000   -3950074.7854    2522396.3851   -4311648.7235    -2.5357   -18.9767   -11.3213        -0.03         10    17.0685
2024-05-08 12:42:0.000000   -3950073.8465    2522396.0884   -4311648.8664    -1.5968   -19.2734   -11.4642        -0.03         10    17.1612
2024-05-08 12:42:30.000000   -3950074.1304    2522396.3496   -4311649.2504    -1.8807   -19.0122   -11.8482        -0.03         10    17.0643
2024-05-08 12:43:0.000000   -3950073.2991    2522395.7948   -4311648.9684    -1.0494   -19.5670   -11.5662        -0.03         10    17.3244
2024-05-08 12:43:30.000000   -3950073.0930    2522395.7178   -4311648.5532    -0.8433   -19.6440   -11.1510        -0.03         10    17.4285
2024-05-08 12:44:0.000000   -3950072.7218    2522395.6253   -4311648.8177    -0.4721   -19.7365   -11.4155        -0.03         10    16.9835
2024-05-08 12:44:30.000000   -3950072.6744    2522395.2942   -4311649.1789    -0.4247   -20.0676   -11.7767        -0.03         10    17.2860
2024-05-08 12:45:0.000000   -3950072.3293    2522395.1333   -4311649.0749    -0.0796   -20.2285   -11.6727        -0.03         10    17.2180
2024-05-08 12:45:30.000000   -3950072.0094    2522394.9862   -4311648.6380     0.2403   -20.3756   -11.2358        -0.03         10    17.2501
2024-05-08 12:46:0.000000   -3950071.4891    2522394.4114   -4311648.7930     0.7606   -20.9504   -11.3908        -0.03         10    17.6509
2024-05-08 12:46:30.000000   -3950070.9065    2522394.1776   -4311648.5674     1.3432   -21.1842   -11.1652        -0.03         10    17.2555
2024-05-08 12:47:0.000000   -3950070.2918    2522393.7617   -4311648.4036     1.9579   -21.6001   -11.0014        -0.04         10    17.3621
2024-05-08 12:47:30.000000   -3950070.2459    2522393.7709   -4311648.3674     2.0038   -21.5909   -10.9652        -0.04         10    17.2949
2024-05-08 12:48:0.000000   -3950070.1741    2522393.6379   -4311648.6883     2.0756   -21.7239   -11.2861        -0.03         10    17.6849
2024-05-08 12:48:30.000000   -3950069.8472    2522393.1724   -4311648.3734     2.4025   -22.1894   -10.9712        -0.04         10    17.5340
2024-05-08 12:49:0.000000   -3950069.4011    2522393.2824   -4311648.6703     2.8486   -22.0794   -11.2681        -0.04         10    17.4923
2024-05-08 12:49:30.000000   -3950069.1558    2522393.2033   -4311648.7288     3.0939   -22.1585   -11.3266        -0.04         10    17.4282
2024-05-08 12:50:0.000000   -3950068.7487    2522392.5546   -4311648.9225     3.5010   -22.8072   -11.5203        -0.04         10    17.3549
2024-05-08 12:50:30.000000   -3950068.5380    2522392.7202   -4311648.6810     3.7117   -22.6416   -11.2788        -0.04         10    17.7389
2024-05-08 12:51:0.000000   -3950068.2590    2522392.3593   -4311648.4028     3.9907   -23.0025   -11.0006        -0.04         10    17.7651
2024-05-08 12:51:30.000000   -3950068.5176    2522392.4900   -4311648.8539     3.7321   -22.8718   -11.4517        -0.04         10    17.3749
2024-05-08 12:52:0.000000   -3950067.5550    2522391.7986   -4311648.3716     4.6947   -23.5632   -10.9694        -0.04         10    17.7167
2024-05-08 12:52:30.000000   -3950067.6786    2522391.7051   -4311648.7776     4.5711   -23.6567   -11.3754        -0.04         10    17.8228
2024-05-08 12:53:0.000000   -3950067.6539    2522391.8367   -4311648.8848     4.5958   -23.5251   -11.4826        -0.04         10    17.5694
2024-05-08 12:53:30.000000   -3950066.7906    2522391.6278   -4311648.3400     5.4591   -23.7340   -10.9378        -0.04         10    17.6981
2024-05-08 12:54:0.000000   -3950067.1182    2522391.4458   -4311648.8496     5.1315   -23.9160   -11.4474        -0.04         10    18.0248
2024-05-08 12:54:30.000000   -3950063.5683    2522386.0675   -4311646.2280     8.6814   -29.2943    -8.8258        -0.06          9     9.7180
2024-05-08 12:55:0.000000   -3950062.9167    2522386.2977   -4311646.3228     9.3330   -29.0641    -8.9206        -0.06          9     9.6818
2024-05-08 12:55:30.000000   -3950063.0538    2522386.1143   -4311646.1950     9.1959   -29.2475    -8.7928        -0.06          9    10.0326
2024-05-08 12:56:0.000000   -3950063.0359    2522386.5140   -4311646.6168     9.2138   -28.8478    -9.2146        -0.06          9     9.9093
2024-05-08 12:56:30.000000   -3950062.6534    2522386.1964   -4311646.7062     9.5963   -29.1654    -9.3040        -0.06          9     9.9303
2024-05-08 12:57:0.000000   -3950062.5267    2522386.1157   -4311646.0479     9.7230   -29.2461    -8.6457        -0.06          9     9.7578
2024-05-08 12:57:30.000000   -3950062.1913    2522385.7976   -4311646.3703    10.0584   -29.5642    -8.9681        -0.06          9     9.9244
2024-05-08 12:58:0.000000   -3950062.3502    2522386.4967   -4311646.5207     9.8995   -28.8651    -9.1185        -0.06          9     9.8230
2024-05-08 12:58:30.000000   -3950062.3593    2522386.3454   -4311646.5073     9.8904   -29.0164    -9.1051        -0.06          9     9.9204
2024-05-08 12:59:0.000000   -3950061.6497    2522385.9882   -4311646.5479    10.6000   -29.3736    -9.1457        -0.06          9     9.9507
2024-05-08 12:59:30.000000   -3950062.0392    2522386.1636   -4311646.7095    10.2105   -29.1982    -9.3073        -0.06          9     9.9100
2024-05-08 13:00:0.000000   -3950061.6732    2522386.5391   -4311646.6382    10.5765   -28.8227    -9.2360        -0.06          9     9.9387
2024-05-08 13:00:30.000000   -3950059.4905    2522382.1719   -4311648.3405    12.7592   -33.1899   -10.9383        -0.06          9     8.5940
2024-05-08 13:01:0.000000   -3950059.3280    2522382.2797   -4311647.7397    12.9217   -33.0821   -10.3375        -0.06          9     8.5404
2024-05-08 13:01:30.000000   -3950059.1377    2522382.4230   -4311648.1800    13.1120   -32.9388   -10.7778        -0.06          9     8.5285
2024-05-08 13:02:0.000000   -3950059.2931    2522382.3562   -4311647.8380    12.9566   -33.0056   -10.4358        -0.06          9     8.4265
2024-05-08 13:02:30.000000   -3950058.9548    2522382.4489   -4311647.6771    13.2949   -32.9129   -10.2749        -0.06          9     8.3802
2024-05-08 13:03:0.000000   -3950058.7973    2522382.3179   -4311647.5512    13.4524   -33.0439   -10.1490        -0.07          9     8.5138
2024-05-08 13:03:30.000000   -3950058.6592    2522382.3213   -4311647.5928    13.5905   -33.0405   -10.1906        -0.07          9     8.3424
2024-05-08 13:04:0.000000   -3950059.3130    2522383.1328   -4311648.2805    12.9367   -32.2290   -10.8783        -0.06          9     8.4029
2024-05-08 13:04:30.000000   -3950058.8244    2522382.8979   -4311647.9630    13.4253   -32.4639   -10.5608        -0.06          9     8.7103
2024-05-08 13:05:0.000000   -3950058.6056    2522382.8214   -4311647.6494    13.6441   -32.5404   -10.2472        -0.06          9     8.5742
2024-05-08 13:05:30.000000   -3950058.8166    2522383.3499   -4311647.8961    13.4331   -32.0119   -10.4939        -0.06          9     8.4771
2024-05-08 13:06:0.000000   -3950058.8147    2522383.5586   -4311647.8796    13.4350   -31.8032   -10.4774        -0.06          9     8.3929
2024-05-08 13:06:30.000000   -3950058.8375    2522383.5056   -4311647.6816    13.4122   -31.8562   -10.2794        -0.06          9     8.3470
2024-05-08 13:07:0.000000   -3950057.8930    2522383.1036   -4311647.6733    14.3567   -32.2582   -10.2711        -0.06          9     8.7747
2024-05-08 13:07:30.000000   -3950058.2309    2522383.4779   -4311647.4410    14.0188   -31.8839   -10.0388        -0.06          9     8.7913
2024-05-08 13:08:0.000000   -3950058.4298    2522384.1959   -4311647.6312    13.8199   -31.1659   -10.2290        -0.06          9     8.2399
2024-05-08 13:08:30.000000   -3950059.3291    2522384.0732   -4311650.2560    12.9206   -31.2886   -12.8538        -0.06          8     7.4539
2024-05-08 13:09:0.000000   -3950059.4160    2522384.3573   -4311650.0412    12.8337   -31.0045   -12.6390        -0.06          8     7.8976
2024-05-08 13:09:30.000000   -3950059.3720    2522384.3319   -4311649.4230    12.8777   -31.0299   -12.0208        -0.06          8     7.6986
2024-05-08 13:10:0.000000   -3950059.2571    2522384.5516   -4311648.9869    12.9926   -30.8102   -11.5847        -0.06          8     7.6945
2024-05-08 13:10:30.000000   -3950058.5985    2522384.1278   -4311649.3653    13.6512   -31.2340   -11.9631        -0.06          8     7.5447
2024-05-08 13:11:0.000000   -3950058.5389    2522384.5838   -4311648.8326    13.7108   -30.7780   -11.4304        -0.06          8     7.7852
2024-05-08 13:11:30.000000   -3950059.2273    2522385.1370   -4311649.5054    13.0224   -30.2248   -12.1032        -0.06          8     7.6442
2024-05-08 13:12:0.000000   -3950058.6049    2522384.7907   -4311648.9398    13.6448   -30.5711   -11.5376        -0.06          8     7.5905
2024-05-08 13:12:30.000000   -3950058.9427    2522384.6566   -4311648.4504    13.3070   -30.7052   -11.0482        -0.06          8     7.8433
2024-05-08 13:13:0.000000   -3950058.4606    2522385.3630   -4311647.7309    13.7891   -29.9988   -10.3287        -0.06          8     7.7470
2024-05-08 13:13:30.000000   -3950058.4887    2522385.3400   -4311648.2953    13.7610   -30.0218   -10.8931        -0.06          8     7.8883
2024-05-08 13:14:0.000000   -3950058.8276    2522385.5756   -4311648.0470    13.4221   -29.7862   -10.6448        -0.06          8     7.9357
2024-05-08 13:14:30.000000   -3950058.8803    2522385.7156   -4311648.1642    13.3694   -29.6462   -10.7620        -0.06          8     7.7425
2024-05-08 13:15:0.000000   -3950058.3824    2522385.8452   -4311648.0408    13.8673   -29.5166   -10.6386        -0.06          8     7.7571
2024-05-08 13:15:30.000000   -3950058.3986    2522386.0187   -4311647.5897    13.8511   -29.3431   -10.1875        -0.06          8     7.9784
2024-05-08 13:16:0.000000   -3950058.1437    2522386.4121   -4311646.7726    14.1060   -28.9497    -9.3704        -0.06          8     8.0345
2024-05-08 13:16:30.000000   -3950058.2414    2522386.1339   -4311647.5069    14.0083   -29.2279   -10.1047        -0.06          8     8.1146
2024-05-08 13:17:0.000000   -3950057.9857    2522386.4323   -4311647.1065    14.2640   -28.9295    -9.7043        -0.06          8     7.8784
2024-05-08 13:17:30.000000   -3950058.4146    2522386.8533   -4311647.2513    13.8351   -28.5085    -9.8491        -0.06          8     8.0048
2024-05-08 13:18:0.000000   -3950058.3673    2522387.2019   -4311647.2008    13.8824   -28.1599    -9.7986        -0.06          8     8.0224
2024-05-08 13:18:30.000000   -3950058.1424    2522386.9013   -4311646.4035    14.1073   -28.4605    -9.0013        -0.06          8     8.1325
2024-05-08 13:19:0.000000   -3950058.1658    2522387.1404   -4311646.2439    14.0839   -28.2214    -8.8417        -0.06          8     8.2151
2024-05-08 13:19:30.000000   -3950058.4945    2522387.6060   -4311646.9307    13.7552   -27.7558    -9.5285        -0.06          8     8.0851
2024-05-08 13:20:0.000000   -3950057.7387    2522387.7483   -4311645.5786    14.5110   -27.6135    -8.1764        -0.06          8     8.1038
2024-05-08 13:20:30.000000   -3950058.3887    2522387.5333   -4311646.2328    13.8610   -27.8285    -8.8306        -0.06          8     8.4209
2024-05-08 13:21:0.000000   -3950058.1433    2522387.9919   -4311645.7479    14.1064   -27.3699    -8.3457        -0.06          8     8.3196
2024-05-08 13:21:30.000000   -3950057.8506    2522387.9371   -4311645.4738    14.3991   -27.4247    -8.0716        -0.06          8     8.2201
2024-05-08 13:22:0.000000   -3950058.3269    2522388.5290   -4311645.6995    13.9228   -26.8328    -8.2973        -0.06          8     8.2869
2024-05-08 13:22:30.000000   -3950057.6720    2522388.3399   -4311644.8153    14.5777   -27.0219    -7.4131        -0.06          8     8.5607
2024-05-08 13:23:0.000000   -3950057.9460    2522388.4936   -4311644.5154    14.3037   -26.8682    -7.1132        -0.06          8     8.4536
2024-05-08 13:23:30.000000   -3950058.2734    2522388.9164   -4311645.0444    13.9763   -26.4454    -7.6422        -0.06          8     8.5034
2024-05-08 13:24:0.000000   -3950058.1072    2522389.0241   -4311644.1359    14.1425   -26.3377    -6.7337        -0.06          8     8.5087
2024-05-08 13:24:30.000000   -3950058.1274    2522389.3580   -4311644.2979    14.1223   -26.0038    -6.8957        -0.06          8     8.5709
2024-05-08 13:25:0.000000   -3950057.6291    2522389.4913   -4311643.7422    14.6206   -25.8705    -6.3400        -0.06          8     8.6266
2024-05-08 13:25:30.000000   -3950057.8098    2522389.4435   -4311643.4259    14.4399   -25.9183    -6.0237        -0.06          8     8.6831
2024-05-08 13:26:0.000000   -3950058.0260    2522390.2574   -4311643.9256    14.2237   -25.1044    -6.5234        -0.06          8     8.6986
2024-05-08 13:26:30.000000   -3950058.2587    2522390.0786   -4311643.6442    13.9910   -25.2832    -6.2420        -0.06          8     8.4447
2024-05-08 13:27:0.000000   -3950057.2682    2522389.8133   -4311642.2893    14.9815   -25.5485    -4.8871        -0.07          8     8.8691
2024-05-08 13:27:30.000000   -3950057.4246    2522390.3037   -4311642.7900    14.8251   -25.0581    -5.3878        -0.06          8     8.8033
2024-05-08 13:28:0.000000   -3950057.4395    2522390.0078   -4311642.0287    14.8102   -25.3540    -4.6265        -0.07          8     8.7345
2024-05-08 13:28:30.000000   -3950057.3545    2522390.5158   -4311641.7002    14.8952   -24.8460    -4.2980        -0.07          8     8.8759
2024-05-08 13:29:0.000000   -3950057.5422    2522390.7966   -4311641.8870    14.7075   -24.5652    -4.4848        -0.07          8     8.6989
2024-05-08 13:29:30.000000   -3950057.6556    2522390.9256   -4311641.4551    14.5941   -24.4362    -4.0529        -0.07          8     8.8989
2024-05-08 13:30:0.000000   -3950057.1797    2522390.7673   -4311641.1898    15.0700   -24.5945    -3.7876        -0.07          8     9.0387
2024-05-08 13:30:30.000000   -3950057.3973    2522391.3837   -4311641.3068    14.8524   -23.9781    -3.9046        -0.07          8     8.8103
2024-05-08 13:31:0.000000   -3950056.7962    2522391.1692   -4311640.8486    15.4535   -24.1926    -3.4464        -0.07          8     9.0629
2024-05-08 13:31:30.000000   -3950057.5335    2522391.6156   -4311641.4536    14.7162   -23.7462    -4.0514        -0.07          8     9.1411
2024-05-08 13:32:0.000000   -3950057.2073    2522391.7178   -4311640.4341    15.0424   -23.6440    -3.0319        -0.07          8     9.1145
2024-05-08 13:32:30.000000   -3950057.3785    2522391.9494   -4311639.9229    14.8712   -23.4124    -2.5207        -0.07          8     8.9980
2024-05-08 13:33:0.000000   -3950057.6116    2522392.0932   -4311640.0924    14.6381   -23.2686    -2.6902        -0.07          8     8.8888
2024-05-08 13:33:30.000000   -3950056.9346    2522392.3046   -4311639.1307    15.3151   -23.0572    -1.7285        -0.07          8     9.0349
2024-05-08 13:34:0.000000   -3950057.2948    2522392.3607   -4311638.7052    14.9549   -23.0011    -1.3030        -0.07          8     9.2139
2024-05-08 13:34:30.000000   -3950056.4841    2522392.0290   -4311638.3664    15.7656   -23.3328    -0.9642        -0.07          8     9.1678
2024-05-08 13:35:0.000000   -3950056.5863    2522392.6375   -4311638.0307    15.6634   -22.7243    -0.6285        -0.07          8     9.2165
2024-05-08 13:35:30.000000   -3950056.6169    2522392.5665   -4311637.8564    15.6328   -22.7953    -0.4542        -0.07          8     9.0911
2024-05-08 13:36:0.000000   -3950056.3880    2522392.0917   -4311637.0428    15.8617   -23.2701     0.3594        -0.07          8     9.2123
2024-05-08 13:36:30.000000   -3950055.9680    2522392.5950   -4311637.2273    16.2817   -22.7668     0.1749        -0.07          8     9.0588
2024-05-08 13:37:0.000000   -3950055.7526    2522392.7197   -4311635.6063    16.4971   -22.6421     1.7959        -0.08          8     8.9460
2024-05-08 13:37:30.000000   -3950056.1746    2522393.1727   -4311635.5970    16.0751   -22.1891     1.8052        -0.08          8     9.0944
2024-05-08 13:38:0.000000   -3950056.1614    2522393.0278   -4311635.8938    16.0883   -22.3340     1.5084        -0.07          8     9.2819
2024-05-08 13:38:30.000000   -3950055.8613    2522393.0423   -4311635.3758    16.3884   -22.3195     2.0264        -0.08          8     9.0975
2024-05-08 13:39:0.000000   -3950055.3265    2522393.3414   -4311634.1325    16.9232   -22.0204     3.2697        -0.08          8     9.1569
2024-05-08 13:39:30.000000   -3950055.3524    2522393.3012   -4311634.1164    16.8973   -22.0606     3.2858        -0.08          8     9.2310
2024-05-08 13:40:0.000000   -3950055.1566    2522393.3560   -4311633.5258    17.0931   -22.0058     3.8764        -0.08          8     9.1060
2024-05-08 13:40:30.000000   -3950055.2192    2522393.6269   -4311633.4940    17.0305   -21.7349     3.9082        -0.08          8     9.2069
2024-05-08 13:41:0.000000   -3950054.6679    2522393.6039   -4311632.7467    17.5818   -21.7579     4.6555        -0.08          8     9.0352
2024-05-08 13:41:30.000000   -3950054.7228    2522393.5793   -4311632.1035    17.5269   -21.7825     5.2987        -0.08          8     9.1729
2024-05-08 13:42:0.000000   -3950054.7839    2522393.9168   -4311632.0805    17.4658   -21.4450     5.3217        -0.08          8     9.1253
2024-05-08 13:42:30.000000   -3950053.9602    2522393.5141   -4311630.6635    18.2895   -21.8477     6.7387        -0.09          8     9.0127
2024-05-08 13:43:0.000000   -3950054.1078    2522394.0223   -4311631.0938    18.1419   -21.3395     6.3084        -0.08          8     9.1697
2024-05-08 13:43:30.000000   -3950054.0554    2522394.3254   -4311630.0982    18.1943   -21.0364     7.3040        -0.09          8     9.1549
2024-05-08 13:44:0.000000   -3950053.6227    2522394.0097   -4311629.6282    18.6270   -21.3521     7.7740        -0.09          8     8.9455
2024-05-08 13:44:30.000000   -3950053.3330    2522394.1454   -4311628.9828    18.9167   -21.2164     8.4194        -0.09          8     9.0384
2024-05-08 13:45:0.000000   -3950053.4510    2522393.9278   -4311628.9971    18.7987   -21.4340     8.4051        -0.09          8     9.1044
2024-05-08 13:45:30.000000   -3950053.4419    2522394.2733   -4311628.4582    18.8078   -21.0885     8.9440        -0.09          8     9.0044
2024-05-08 13:46:0.000000   -3950052.6727    2522394.2929   -4311627.2796    19.5770   -21.0689    10.1226        -0.09          8     8.8735
2024-05-08 13:46:30.000000   -3950052.2192    2522393.8707   -4311626.7460    20.0305   -21.4911    10.6562        -0.09          8     8.7570
2024-05-08 13:47:0.000000   -3950052.6293    2522394.6804   -4311626.2966    19.6204   -20.6814    11.1056        -0.09          8     9.0250
2024-05-08 13:47:30.000000   -3950052.3788    2522394.6877   -4311626.3682    19.8709   -20.6741    11.0340        -0.09          7     9.2907
2024-05-08 13:48:0.000000   -3950052.3436    2522394.7216   -4311624.8758    19.9061   -20.6402    12.5264        -0.10          7     9.4116
2024-05-08 13:48:30.000000   -3950051.9648    2522394.6205   -4311624.6084    20.2849   -20.7413    12.7938        -0.10          7     9.0507
2024-05-08 13:49:0.000000   -3950052.0599    2522395.1090   -4311624.3675    20.1898   -20.2528    13.0347        -0.10          7     9.3250
2024-05-08 13:49:30.000000   -3950051.6915    2522394.7829   -4311623.8487    20.5582   -20.5789    13.5535        -0.10          7     9.0465
2024-05-08 13:50:0.000000   -3950052.0136    2522395.2276   -4311623.7640    20.2361   -20.1342    13.6382        -0.10          7     8.9759
2024-05-08 13:50:30.000000   -3950050.4663    2522394.3230   -4311622.1192    21.7834   -21.0388    15.2830        -0.10          7     8.8238
2024-05-08 13:51:0.000000   -3950050.5415    2522394.0594   -4311620.9108    21.7082   -21.3024    16.4914        -0.11          7     8.6902
2024-05-08 13:51:30.000000   -3950050.1450    2522394.3654   -4311621.1403    22.1047   -20.9964    16.2619        -0.11          7     8.4797
2024-05-08 13:52:0.000000   -3950048.9366    2522394.1358   -4311618.9370    23.3131   -21.2260    18.4652        -0.11          7     8.5803
2024-05-08 13:52:30.000000   -3950049.9966    2522394.6056   -4311620.3631    22.2531   -20.7562    17.0391        -0.11          8     8.3200
2024-05-08 13:53:0.000000   -3950050.0951    2522394.5212   -4311620.3506    22.1546   -20.8406    17.0516        -0.11          8     8.3804
2024-05-08 13:53:30.000000   -3950049.8094    2522394.4586   -4311619.9373    22.4403   -20.9032    17.4649        -0.11          8     8.1556
2024-05-08 13:54:0.000000   -3950049.6915    2522394.6862   -4311618.9197    22.5582   -20.6756    18.4825        -0.11          8     8.4605
2024-05-08 13:54:30.000000   -3950049.6027    2522394.6592   -4311619.0661    22.6470   -20.7026    18.3361        -0.11          8     7.9995
2024-05-08 13:55:0.000000   -3950048.5249    2522394.5537   -4311617.2792    23.7248   -20.8081    20.1230        -0.11          8     8.4409
2024-05-08 13:55:30.000000   -3950048.4013    2522394.5171   -4311617.2890    23.8484   -20.8447    20.1132        -0.11          8     8.2463
2024-05-08 13:56:0.000000   -3950047.5724    2522393.9439   -4311615.6655    24.6773   -21.4179    21.7367        -0.12          8     8.3096
2024-05-08 13:56:30.000000   -3950048.4904    2522394.8513   -4311615.9193    23.7593   -20.5105    21.4829        -0.12          8     8.2300
2024-05-08 13:57:0.000000   -3950047.9562    2522394.3294   -4311616.1550    24.2935   -21.0324    21.2472        -0.12          8     8.3433
2024-05-08 13:57:30.000000   -3950051.4110    2522395.8790   -4311618.7832    20.8387   -19.4828    18.6190        -0.10          9    11.5180
2024-05-08 13:58:0.000000   -3950051.4727    2522396.2479   -4311618.2138    20.7770   -19.1139    19.1884        -0.10          9    11.4554
2024-05-08 13:58:30.000000   -3950051.5177    2522396.1251   -4311618.1338    20.7320   -19.2367    19.2684        -0.10          9    11.5300
2024-05-08 13:59:0.000000   -3950051.3052    2522396.2259   -4311617.2784    20.9445   -19.1359    20.1238        -0.11          9    11.9092
2024-05-08 13:59:30.000000   -3950050.9262    2522396.3615   -4311616.9577    21.3235   -19.0003    20.4445        -0.11          9    11.6468
