GPS Single Point Positioning Results (without Ionosphere Correction (12:00-14:00))
====================================================================================================
Station: HOB200AUS
Time Window: 12:00-14:00 (UTC)
Approx Position: X=-3950072.2497, Y=2522415.3618, Z=-4311637.4022

Epoch                             X (m)           Y (m)           Z (m)     dX (m)     dY (m)     dZ (m)   Clock (us) Satellites    RMS (m)
----------------------------------------------------------------------------------------------------
2024-05-11 12:00:0.000000   -3950086.1935    2522407.3332   -4311653.0319   -13.9438    -8.0286   -15.6297         0.01          8    15.1897
2024-05-11 12:00:30.000000   -3950085.3595    2522406.2912   -4311652.4360   -13.1098    -9.0706   -15.0338         0.01          8    15.1728
2024-05-11 12:01:0.000000   -3950085.2025    2522406.6468   -4311652.0853   -12.9528    -8.7150   -14.6831         0.01          8    15.2280
2024-05-11 12:01:30.000000   -3950084.8232    2522406.0004   -4311651.9550   -12.5735    -9.3614   -14.5528         0.01          8    15.1632
2024-05-11 12:02:0.000000   -3950084.6678    2522406.1250   -4311651.4387   -12.4181    -9.2368   -14.0365         0.01          8    15.3826
2024-05-11 12:02:30.000000   -3950084.4357    2522405.4477   -4311651.0169   -12.1860    -9.9141   -13.6147         0.01          8    15.3638
2024-05-11 12:03:0.000000   -3950083.9603    2522405.4413   -4311651.0953   -11.7106    -9.9205   -13.6931         0.01          8    15.3507
2024-05-11 12:03:30.000000   -3950083.8098    2522405.3419   -4311651.4985   -11.5601   -10.0199   -14.0963         0.01          8    15.2310
2024-05-11 12:04:0.000000   -3950083.0350    2522405.1485   -4311650.4421   -10.7853   -10.2133   -13.0399         0.00          8    15.5347
2024-05-11 12:04:30.000000   -3950082.9032    2522404.6814   -4311650.4199   -10.6535   -10.6804   -13.0177         0.00          8    15.5198
2024-05-11 12:05:0.000000   -3950082.2887    2522404.2597   -4311650.1072   -10.0390   -11.1021   -12.7050         0.00          8    15.6364
2024-05-11 12:05:30.000000   -3950081.9390    2522404.1194   -4311649.5845    -9.6893   -11.2424   -12.1823         0.00          8    15.5068
2024-05-11 12:06:0.000000   -3950082.0635    2522403.8190   -4311649.6762    -9.8138   -11.5428   -12.2740         0.00          8    15.6824
2024-05-11 12:06:30.000000   -3950080.9548    2522402.9426   -4311648.9078    -8.7051   -12.4192   -11.5056        -0.00          8    15.6348
2024-05-11 12:07:0.000000   -3950080.8499    2522403.1743   -4311649.5383    -8.6002   -12.1875   -12.1361        -0.00          8    15.7383
2024-05-11 12:07:30.000000   -3950080.7297    2522402.9183   -4311649.4131    -8.4800   -12.4435   -12.0109        -0.00          8    15.7684
2024-05-11 12:08:0.000000   -3950080.2277    2522402.6703   -4311649.0679    -7.9780   -12.6915   -11.6657        -0.00          8    15.8531
2024-05-11 12:08:30.000000   -3950080.7516    2522402.6247   -4311649.0978    -8.5019   -12.7371   -11.6956        -0.00          8    15.6915
2024-05-11 12:09:0.000000   -3950079.9853    2522401.7128   -4311648.1687    -7.7356   -13.6490   -10.7665        -0.01          8    16.0785
2024-05-11 12:09:30.000000   -3950079.6006    2522401.7550   -4311648.6086    -7.3509   -13.6068   -11.2064        -0.01          8    16.0557
2024-05-11 12:10:0.000000   -3950079.7175    2522401.9761   -4311648.3555    -7.4678   -13.3857   -10.9533        -0.01          8    15.9590
2024-05-11 12:10:30.000000   -3950078.9006    2522401.5676   -4311648.2377    -6.6509   -13.7942   -10.8355        -0.01          8    15.7951
2024-05-11 12:11:0.000000   -3950078.8879    2522401.0576   -4311648.0034    -6.6382   -14.3042   -10.6012        -0.01          8    16.0160
2024-05-11 12:11:30.000000   -3950078.7244    2522400.8875   -4311648.1934    -6.4747   -14.4743   -10.7912        -0.01          8    16.0164
2024-05-11 12:12:0.000000   -3950077.8782    2522400.1331   -4311647.4255    -5.6285   -15.2287   -10.0233        -0.01          8    16.2677
2024-05-11 12:12:30.000000   -3950078.1237    2522400.5111   -4311647.7980    -5.8740   -14.8507   -10.3958        -0.01          8    16.2674
2024-05-11 12:13:0.000000   -3950077.4312    2522400.1693   -4311646.9356    -5.1815   -15.1925    -9.5334        -0.01          8    16.0003
2024-05-11 12:13:30.000000   -3950077.1562    2522400.2329   -4311647.2918    -4.9065   -15.1289    -9.8896        -0.01          8    16.1502
2024-05-11 12:14:0.000000   -3950077.1315    2522399.6796   -4311646.9664    -4.8818   -15.6822    -9.5642        -0.01          8    16.1563
2024-05-11 12:14:30.000000   -3950077.2505    2522399.9273   -4311646.8423    -5.0008   -15.4345    -9.4401        -0.01          8    16.0685
2024-05-11 12:15:0.000000   -3950076.4429    2522399.5188   -4311646.9604    -4.1932   -15.8430    -9.5582        -0.01          8    16.1853
2024-05-11 12:15:30.000000   -3950076.4333    2522399.4513   -4311646.9212    -4.1836   -15.9105    -9.5190        -0.01          8    16.2761
2024-05-11 12:16:0.000000   -3950076.2195    2522399.4846   -4311646.9874    -3.9698   -15.8772    -9.5852        -0.01          8    16.3032
2024-05-11 12:16:30.000000   -3950076.3735    2522399.2466   -4311647.3474    -4.1238   -16.1152    -9.9452        -0.01          8    16.4034
2024-05-11 12:17:0.000000   -3950075.8133    2522398.4918   -4311646.9295    -3.5636   -16.8700    -9.5273        -0.02          8    16.3165
2024-05-11 12:17:30.000000   -3950075.3116    2522398.2951   -4311646.3190    -3.0619   -17.0667    -8.9168        -0.02          8    16.2417
2024-05-11 12:18:0.000000   -3950074.5976    2522398.1005   -4311646.2769    -2.3479   -17.2613    -8.8747        -0.02          8    16.5291
2024-05-11 12:18:30.000000   -3950075.2766    2522398.1180   -4311646.5519    -3.0269   -17.2438    -9.1497        -0.02          8    16.4790
2024-05-11 12:19:0.000000   -3950071.9683    2522396.5808   -4311645.1000     0.2814   -18.7810    -7.6978        -0.03          9    17.8824
2024-05-11 12:19:30.000000   -3950071.4725    2522396.2319   -4311645.0822     0.7772   -19.1299    -7.6800        -0.03          9    17.5138
2024-05-11 12:20:0.000000   -3950071.1483    2522396.2413   -4311645.0458     1.1014   -19.1205    -7.6436        -0.03          9    17.8024
2024-05-11 12:20:30.000000   -3950070.3834    2522395.7514   -4311644.5742     1.8663   -19.6104    -7.1720        -0.03          9    17.7710
2024-05-11 12:21:0.000000   -3950070.7763    2522395.7203   -4311644.9392     1.4734   -19.6415    -7.5370        -0.03          9    17.8462
2024-05-11 12:21:30.000000   -3950070.5661    2522395.6438   -4311645.2943     1.6836   -19.7180    -7.8921        -0.03          9    17.7499
2024-05-11 12:22:0.000000   -3950070.2681    2522395.4802   -4311645.0118     1.9816   -19.8816    -7.6096        -0.03          9    17.8043
2024-05-11 12:22:30.000000   -3950070.0033    2522395.3573   -4311645.1111     2.2464   -20.0045    -7.7089        -0.03          9    17.8523
2024-05-11 12:23:0.000000   -3950069.6042    2522394.9661   -4311644.6688     2.6455   -20.3957    -7.2666        -0.03          9    18.0163
2024-05-11 12:23:30.000000   -3950068.9560    2522394.6285   -4311644.5566     3.2937   -20.7333    -7.1544        -0.03          9    17.9222
2024-05-11 12:24:0.000000   -3950069.0628    2522394.7827   -4311644.7743     3.1869   -20.5791    -7.3721        -0.03          9    18.0309
2024-05-11 12:24:30.000000   -3950068.7485    2522394.2640   -4311644.7659     3.5012   -21.0978    -7.3637        -0.03          9    18.0894
2024-05-11 12:25:0.000000   -3950068.5790    2522394.0143   -4311644.3034     3.6707   -21.3475    -6.9012        -0.04          9    18.2854
2024-05-11 12:25:30.000000   -3950068.2653    2522394.2516   -4311644.4049     3.9844   -21.1102    -7.0027        -0.04          9    17.9194
2024-05-11 12:26:0.000000   -3950068.3458    2522394.4193   -4311647.2612     3.9039   -20.9425    -9.8590        -0.03         10    18.4895
2024-05-11 12:26:30.000000   -3950067.7138    2522394.4326   -4311646.9732     4.5359   -20.9292    -9.5710        -0.03         10    18.4387
2024-05-11 12:27:0.000000   -3950067.6360    2522394.0247   -4311646.7129     4.6137   -21.3371    -9.3107        -0.03         10    18.4755
2024-05-11 12:27:30.000000   -3950067.6846    2522394.0583   -4311647.6301     4.5651   -21.3035   -10.2279        -0.03         10    18.7746
2024-05-11 12:28:0.000000   -3950067.3439    2522393.8281   -4311647.2627     4.9058   -21.5337    -9.8605        -0.03         10    18.5243
2024-05-11 12:28:30.000000   -3950066.9234    2522393.9666   -4311647.3124     5.3263   -21.3952    -9.9102        -0.03         10    18.6912
2024-05-11 12:29:0.000000   -3950066.6701    2522393.4624   -4311646.8983     5.5796   -21.8994    -9.4961        -0.03         10    18.5074
2024-05-11 12:29:30.000000   -3950066.3182    2522392.7921   -4311646.6025     5.9315   -22.5697    -9.2003        -0.03         10    18.7382
2024-05-11 12:30:0.000000   -3950067.2069    2522393.9746   -4311647.1563     5.0428   -21.3872    -9.7541        -0.03         10    18.6151
2024-05-11 12:30:30.000000   -3950067.5238    2522394.6930   -4311647.0048     4.7259   -20.6688    -9.6026        -0.03         10    18.3355
2024-05-11 12:31:0.000000   -3950066.9901    2522394.2220   -4311646.8450     5.2596   -21.1398    -9.4428        -0.03         10    18.2625
2024-05-11 12:31:30.000000   -3950067.2427    2522394.7698   -4311647.4970     5.0070   -20.5920   -10.0948        -0.03         10    18.0404
2024-05-11 12:32:0.000000   -3950066.3045    2522393.8814   -4311647.6788     5.9452   -21.4804   -10.2766        -0.03         10    18.4674
2024-05-11 12:32:30.000000   -3950066.5068    2522394.3609   -4311647.6717     5.7429   -21.0009   -10.2695        -0.03         10    18.4463
2024-05-11 12:33:0.000000   -3950066.2936    2522394.2131   -4311647.6972     5.9561   -21.1487   -10.2950        -0.03         10    18.6209
2024-05-11 12:33:30.000000   -3950065.9709    2522393.7193   -4311647.3332     6.2788   -21.6425    -9.9310        -0.03         10    18.2824
2024-05-11 12:34:0.000000   -3950066.0745    2522394.0928   -4311647.7114     6.1752   -21.2690   -10.3092        -0.03         10    18.1986
2024-05-11 12:34:30.000000   -3950065.9262    2522393.5414   -4311648.2403     6.3235   -21.8204   -10.8381        -0.03         10    18.0484
2024-05-11 12:35:0.000000   -3950065.7467    2522393.7245   -4311647.3638     6.5030   -21.6373    -9.9616        -0.03         10    17.9309
2024-05-11 12:35:30.000000   -3950065.8106    2522392.9935   -4311647.6770     6.4391   -22.3683   -10.2748        -0.03         10    18.1412
2024-05-11 12:36:0.000000   -3950065.5546    2522393.1960   -4311647.5463     6.6951   -22.1658   -10.1441        -0.03         10    17.9502
2024-05-11 12:36:30.000000   -3950065.5218    2522393.1926   -4311647.3447     6.7279   -22.1692    -9.9425        -0.03         10    17.9290
2024-05-11 12:37:0.000000   -3950065.2982    2522392.8316   -4311647.5189     6.9515   -22.5302   -10.1167        -0.03         10    17.5430
2024-05-11 12:37:30.000000   -3950065.0771    2522392.7088   -4311647.6432     7.1726   -22.6530   -10.2410        -0.03         10    17.6095
2024-05-11 12:38:0.000000   -3950064.9384    2522392.8303   -4311647.2809     7.3113   -22.5315    -9.8787        -0.03         10    17.1489
2024-05-11 12:38:30.000000   -3950065.4735    2522392.5221   -4311647.6050     6.7762   -22.8397   -10.2028        -0.03         10    16.9355
2024-05-11 12:39:0.000000   -3950065.1742    2522392.3957   -4311647.5103     7.0755   -22.9661   -10.1081        -0.03         10    16.6859
2024-05-11 12:39:30.000000   -3950064.8549    2522392.0831   -4311647.8558     7.3948   -23.2787   -10.4536        -0.03         10    16.5211
2024-05-11 12:40:0.000000   -3950065.0425    2522392.1210   -4311647.6665     7.2072   -23.2408   -10.2643        -0.03         10    16.4062
2024-05-11 12:40:30.000000   -3950064.8528    2522392.0065   -4311647.5193     7.3969   -23.3553   -10.1171        -0.03         10    16.4160
2024-05-11 12:41:0.000000   -3950065.0057    2522391.7938   -4311647.7746     7.2440   -23.5680   -10.3724        -0.03         10    16.2836
2024-05-11 12:41:30.000000   -3950064.5289    2522391.6774   -4311647.4786     7.7208   -23.6844   -10.0764        -0.03         10    16.0454
2024-05-11 12:42:0.000000   -3950064.4729    2522391.6950   -4311647.6680     7.7768   -23.6668   -10.2658        -0.03         10    15.9097
2024-05-11 12:42:30.000000   -3950061.0388    2522386.4660   -4311645.6748    11.2109   -28.8958    -8.2726        -0.05          9     7.1147
2024-05-11 12:43:0.000000   -3950061.9462    2522386.9434   -4311645.3954    10.3035   -28.4184    -7.9932        -0.05          9     7.0177
2024-05-11 12:43:30.000000   -3950062.1713    2522387.4954   -4311645.5341    10.0784   -27.8664    -8.1319        -0.05          9     6.9184
2024-05-11 12:44:0.000000   -3950061.4068    2522386.9195   -4311645.3995    10.8429   -28.4423    -7.9973        -0.05          9     6.8333
2024-05-11 12:44:30.000000   -3950061.6687    2522387.3974   -4311645.5139    10.5810   -27.9644    -8.1117        -0.05          9     6.9333
2024-05-11 12:45:0.000000   -3950061.7333    2522387.0268   -4311646.0585    10.5164   -28.3350    -8.6563        -0.05          9     7.0726
2024-05-11 12:45:30.000000   -3950062.1272    2522387.9167   -4311646.0988    10.1225   -27.4451    -8.6966        -0.04          9     6.8897
2024-05-11 12:46:0.000000   -3950061.7944    2522387.9286   -4311645.6522    10.4553   -27.4332    -8.2500        -0.05          9     6.8323
2024-05-11 12:46:30.000000   -3950061.6389    2522387.7276   -4311645.4858    10.6108   -27.6342    -8.0836        -0.05          9     7.0021
2024-05-11 12:47:0.000000   -3950061.5337    2522387.8224   -4311645.5143    10.7160   -27.5394    -8.1121        -0.05          9     6.8933
2024-05-11 12:47:30.000000   -3950060.9057    2522387.4556   -4311644.2973    11.3440   -27.9062    -6.8951        -0.05          9     6.8536
2024-05-11 12:48:0.000000   -3950060.7129    2522388.1175   -4311644.6467    11.5368   -27.2443    -7.2445        -0.05          9     7.1010
2024-05-11 12:48:30.000000   -3950060.8585    2522388.0714   -4311644.4888    11.3912   -27.2904    -7.0866        -0.05          9     6.8987
2024-05-11 12:49:0.000000   -3950060.2221    2522388.2929   -4311643.9500    12.0276   -27.0689    -6.5478        -0.05          9     7.0769
2024-05-11 12:49:30.000000   -3950060.1221    2522388.0507   -4311643.7491    12.1276   -27.3111    -6.3469        -0.05          9     6.8153
2024-05-11 12:50:0.000000   -3950060.1727    2522388.1961   -4311643.8071    12.0770   -27.1657    -6.4049        -0.05          9     7.1133
2024-05-11 12:50:30.000000   -3950060.2047    2522388.7564   -4311643.7235    12.0450   -26.6054    -6.3213        -0.05          9     7.1918
2024-05-11 12:51:0.000000   -3950059.4010    2522388.3567   -4311643.0594    12.8487   -27.0051    -5.6572        -0.05          9     6.8976
2024-05-11 12:51:30.000000   -3950059.1238    2522388.5873   -4311642.6925    13.1259   -26.7745    -5.2903        -0.05          9     7.0768
2024-05-11 12:52:0.000000   -3950059.8277    2522388.8007   -4311643.0837    12.4220   -26.5611    -5.6815        -0.05          9     7.1352
2024-05-11 12:52:30.000000   -3950060.3716    2522389.4164   -4311643.3828    11.8781   -25.9454    -5.9806        -0.05          9     7.4373
2024-05-11 12:53:0.000000   -3950059.9351    2522389.4522   -4311642.7363    12.3146   -25.9096    -5.3341        -0.05          9     7.2078
2024-05-11 12:53:30.000000   -3950060.2371    2522389.4592   -4311643.3058    12.0126   -25.9026    -5.9036        -0.05          9     7.2889
2024-05-11 12:54:0.000000   -3950060.6701    2522390.3100   -4311642.9736    11.5796   -25.0518    -5.5714        -0.05          9     7.3731
2024-05-11 12:54:30.000000   -3950059.6507    2522389.7901   -4311642.7945    12.5990   -25.5717    -5.3923        -0.05          9     7.4217
2024-05-11 12:55:0.000000   -3950059.5928    2522390.2155   -4311642.6803    12.6569   -25.1463    -5.2781        -0.05          9     7.3703
2024-05-11 12:55:30.000000   -3950059.9935    2522390.8196   -4311642.6635    12.2562   -24.5422    -5.2613        -0.05          9     7.3879
2024-05-11 12:56:0.000000   -3950060.3555    2522391.0678   -4311642.2575    11.8942   -24.2940    -4.8553        -0.05          9     7.4053
2024-05-11 12:56:30.000000   -3950059.7034    2522391.4546   -4311641.3225    12.5463   -23.9072    -3.9203        -0.05          8     7.9479
2024-05-11 12:57:0.000000   -3950059.9958    2522391.2415   -4311641.2797    12.2539   -24.1203    -3.8775        -0.05          8     7.8152
2024-05-11 12:57:30.000000   -3950059.8949    2522391.7577   -4311641.0381    12.3548   -23.6041    -3.6359        -0.05          8     7.9629
2024-05-11 12:58:0.000000   -3950059.6429    2522391.5498   -4311640.4803    12.6068   -23.8120    -3.0781        -0.05          8     8.0661
2024-05-11 12:58:30.000000   -3950059.6709    2522392.2378   -4311640.1522    12.5788   -23.1240    -2.7500        -0.05          8     8.1332
2024-05-11 12:59:0.000000   -3950059.7685    2522392.1921   -4311639.8701    12.4812   -23.1697    -2.4679        -0.05          8     8.1934
2024-05-11 12:59:30.000000   -3950059.9246    2522392.4616   -4311639.7553    12.3251   -22.9002    -2.3531        -0.05          8     8.1814
2024-05-11 13:00:0.000000   -3950059.5732    2522392.0912   -4311639.4538    12.6765   -23.2706    -2.0516        -0.05          8     8.3644
2024-05-11 13:00:30.000000   -3950062.1247    2522386.0553   -4311649.4667    10.1250   -29.3065   -12.0645        -0.05          8     7.5770
2024-05-11 13:01:0.000000   -3950061.2801    2522385.7872   -4311648.8398    10.9696   -29.5746   -11.4376        -0.05          8     7.6127
2024-05-11 13:01:30.000000   -3950061.8548    2522385.8213   -4311649.1569    10.3949   -29.5405   -11.7547        -0.05          8     7.4956
2024-05-11 13:02:0.000000   -3950061.4721    2522385.8192   -4311648.5627    10.7776   -29.5426   -11.1605        -0.05          8     7.7050
2024-05-11 13:02:30.000000   -3950060.9027    2522385.8623   -4311648.5637    11.3470   -29.4995   -11.1615        -0.05          8     7.6410
2024-05-11 13:03:0.000000   -3950061.2251    2522386.3641   -4311648.3936    11.0246   -28.9977   -10.9914        -0.05          8     7.7160
2024-05-11 13:03:30.000000   -3950061.2195    2522386.7070   -4311648.1092    11.0302   -28.6548   -10.7070        -0.05          8     7.7807
2024-05-11 13:04:0.000000   -3950061.0018    2522386.1033   -4311647.9375    11.2479   -29.2585   -10.5353        -0.05          8     7.6149
2024-05-11 13:04:30.000000   -3950061.4250    2522387.0600   -4311647.8776    10.8247   -28.3018   -10.4754        -0.05          8     7.8590
2024-05-11 13:05:0.000000   -3950060.6387    2522386.5459   -4311647.2596    11.6110   -28.8159    -9.8574        -0.05          8     7.7211
2024-05-11 13:05:30.000000   -3950061.0847    2522387.0392   -4311647.4201    11.1650   -28.3226   -10.0179        -0.05          8     8.0128
2024-05-11 13:06:0.000000   -3950060.4245    2522386.9918   -4311647.4099    11.8252   -28.3700   -10.0077        -0.05          8     7.9053
2024-05-11 13:06:30.000000   -3950061.2617    2522387.3923   -4311647.2330    10.9880   -27.9695    -9.8308        -0.05          8     8.0660
2024-05-11 13:07:0.000000   -3950061.2339    2522387.4507   -4311646.8502    11.0158   -27.9111    -9.4480        -0.05          8     8.1317
2024-05-11 13:07:30.000000   -3950060.8010    2522387.8911   -4311646.7433    11.4487   -27.4707    -9.3411        -0.05          8     8.1216
2024-05-11 13:08:0.000000   -3950060.5352    2522387.6657   -4311646.7939    11.7145   -27.6961    -9.3917        -0.05          8     8.1394
2024-05-11 13:08:30.000000   -3950061.1800    2522388.1366   -4311646.6850    11.0697   -27.2252    -9.2828        -0.05          8     8.2916
2024-05-11 13:09:0.000000   -3950060.2121    2522387.8131   -4311645.8335    12.0376   -27.5487    -8.4313        -0.05          8     8.0892
2024-05-11 13:09:30.000000   -3950060.7009    2522388.5782   -4311645.9692    11.5488   -26.7836    -8.5670        -0.05          8     8.0782
2024-05-11 13:10:0.000000   -3950060.5236    2522388.2192   -4311645.5384    11.7261   -27.1426    -8.1362        -0.05          8     8.2137
2024-05-11 13:10:30.000000   -3950060.8249    2522388.8204   -4311645.4727    11.4248   -26.5414    -8.0705        -0.05          8     8.4099
2024-05-11 13:11:0.000000   -3950060.9581    2522389.0816   -4311645.5304    11.2916   -26.2802    -8.1282        -0.05          8     8.2955
2024-05-11 13:11:30.000000   -3950060.6898    2522389.1530   -4311644.9435    11.5599   -26.2088    -7.5413        -0.05          8     8.4255
2024-05-11 13:12:0.000000   -3950060.8661    2522389.8758   -4311645.0876    11.3836   -25.4860    -7.6854        -0.05          8     8.4571
2024-05-11 13:12:30.000000   -3950060.2130    2522389.5298   -4311644.0416    12.0367   -25.8320    -6.6394        -0.05          8     8.2810
2024-05-11 13:13:0.000000   -3950060.1416    2522389.4629   -4311644.0246    12.1081   -25.8989    -6.6224        -0.05          8     8.4128
2024-05-11 13:13:30.000000   -3950060.9020    2522390.1014   -4311644.3451    11.3477   -25.2604    -6.9429        -0.05          8     8.5049
2024-05-11 13:14:0.000000   -3950060.6878    2522390.3446   -4311643.4565    11.5619   -25.0172    -6.0543        -0.05          8     8.3834
2024-05-11 13:14:30.000000   -3950059.7227    2522389.8737   -4311642.3912    12.5270   -25.4881    -4.9890        -0.06          8     8.4050
2024-05-11 13:15:0.000000   -3950060.0472    2522390.8381   -4311643.2653    12.2025   -24.5237    -5.8631        -0.05          8     8.5800
2024-05-11 13:15:30.000000   -3950060.0470    2522390.4277   -4311642.6163    12.2027   -24.9341    -5.2141        -0.05          8     8.7164
2024-05-11 13:16:0.000000   -3950059.7768    2522390.7209   -4311642.5389    12.4729   -24.6409    -5.1367        -0.05          8     8.6702
2024-05-11 13:16:30.000000   -3950059.9805    2522391.3156   -4311642.3181    12.2692   -24.0462    -4.9159        -0.05          8     8.5945
2024-05-11 13:17:0.000000   -3950059.7423    2522390.7193   -4311641.5251    12.5074   -24.6425    -4.1229        -0.06          8     8.5908
2024-05-11 13:17:30.000000   -3950059.7363    2522390.8281   -4311641.4045    12.5134   -24.5337    -4.0023        -0.06          8     8.7572
2024-05-11 13:18:0.000000   -3950059.4950    2522391.3030   -4311641.1657    12.7547   -24.0588    -3.7635        -0.06          8     8.7004
2024-05-11 13:18:30.000000   -3950059.3259    2522391.2238   -4311640.5379    12.9238   -24.1380    -3.1357        -0.06          8     8.7859
2024-05-11 13:19:0.000000   -3950060.2357    2522391.4769   -4311641.0648    12.0140   -23.8849    -3.6626        -0.06          8     8.5796
2024-05-11 13:19:30.000000   -3950059.6524    2522391.7180   -4311639.9861    12.5973   -23.6438    -2.5839        -0.06          8     8.7167
2024-05-11 13:20:0.000000   -3950059.5387    2522392.1533   -4311639.9981    12.7110   -23.2085    -2.5959        -0.06          8     8.8270
2024-05-11 13:20:30.000000   -3950059.8835    2522392.0557   -4311639.9850    12.3662   -23.3061    -2.5828        -0.06          8     8.8206
2024-05-11 13:21:0.000000   -3950059.3601    2522392.0817   -4311638.7897    12.8896   -23.2801    -1.3875        -0.06          8     8.9883
2024-05-11 13:21:30.000000   -3950059.4293    2522392.2854   -4311638.5431    12.8204   -23.0764    -1.1409        -0.06          8     8.9406
2024-05-11 13:22:0.000000   -3950058.4775    2522392.4829   -4311637.0391    13.7722   -22.8789     0.3631        -0.06          8     9.0019
2024-05-11 13:22:30.000000   -3950059.2852    2522392.7110   -4311637.9569    12.9645   -22.6508    -0.5547        -0.06          8     9.0895
2024-05-11 13:23:0.000000   -3950058.8327    2522392.7926   -4311637.1896    13.4170   -22.5692     0.2126        -0.06          8     8.7433
2024-05-11 13:23:30.000000   -3950058.6782    2522392.8478   -4311636.7523    13.5715   -22.5140     0.6499        -0.06          8     9.1155
2024-05-11 13:24:0.000000   -3950058.4679    2522392.7098   -4311637.0078    13.7818   -22.6520     0.3944        -0.06          8     8.8738
2024-05-11 13:24:30.000000   -3950058.5272    2522392.8405   -4311636.1045    13.7225   -22.5213     1.2977        -0.06          8     8.9005
2024-05-11 13:25:0.000000   -3950058.1128    2522392.7711   -4311635.3033    14.1369   -22.5907     2.0989        -0.07          8     8.9231
2024-05-11 13:25:30.000000   -3950058.6340    2522393.3529   -4311635.4198    13.6157   -22.0089     1.9824        -0.07          8     9.0751
2024-05-11 13:26:0.000000   -3950058.7412    2522393.8118   -4311635.1625    13.5085   -21.5500     2.2397        -0.06          8     8.7685
2024-05-11 13:26:30.000000   -3950058.1486    2522392.8497   -4311634.9310    14.1011   -22.5121     2.4712        -0.07          8     8.9581
2024-05-11 13:27:0.000000   -3950058.1148    2522393.7357   -4311634.0388    14.1349   -21.6261     3.3634        -0.07          8     8.8502
2024-05-11 13:27:30.000000   -3950058.0931    2522393.9704   -4311634.1585    14.1566   -21.3914     3.2437        -0.07          8     8.9440
2024-05-11 13:28:0.000000   -3950058.2014    2522393.7427   -4311634.0379    14.0483   -21.6191     3.3643        -0.07          8     8.9907
2024-05-11 13:28:30.000000   -3950058.1514    2522394.2218   -4311633.3191    14.0983   -21.1400     4.0831        -0.07          8     8.9289
2024-05-11 13:29:0.000000   -3950057.6183    2522394.0076   -4311632.4651    14.6314   -21.3542     4.9371        -0.07          8     8.9256
2024-05-11 13:29:30.000000   -3950058.2755    2522394.8277   -4311633.0110    13.9742   -20.5341     4.3912        -0.07          8     8.9136
2024-05-11 13:30:0.000000   -3950057.3307    2522394.5057   -4311631.7187    14.9190   -20.8561     5.6835        -0.07          8     8.9768
2024-05-11 13:30:30.000000   -3950057.0755    2522394.4622   -4311630.8477    15.1742   -20.8996     6.5545        -0.07          8     8.9552
2024-05-11 13:31:0.000000   -3950057.6017    2522394.6384   -4311630.5679    14.6480   -20.7234     6.8343        -0.07          8     8.9783
2024-05-11 13:31:30.000000   -3950057.5458    2522395.0614   -4311630.6046    14.7039   -20.3004     6.7976        -0.07          8     9.0492
2024-05-11 13:32:0.000000   -3950056.5619    2522394.5065   -4311628.8298    15.6878   -20.8553     8.5724        -0.08          8     8.9435
2024-05-11 13:32:30.000000   -3950056.7341    2522395.0709   -4311628.5942    15.5156   -20.2909     8.8080        -0.08          8     8.8415
2024-05-11 13:33:0.000000   -3950056.1834    2522394.2094   -4311628.6536    16.0663   -21.1524     8.7486        -0.08          8     8.9120
2024-05-11 13:33:30.000000   -3950056.6540    2522395.2600   -4311628.0607    15.5957   -20.1018     9.3415        -0.08          8     8.8069
2024-05-11 13:34:0.000000   -3950055.9091    2522394.9509   -4311627.0039    16.3406   -20.4109    10.3983        -0.08          8     8.7459
2024-05-11 13:34:30.000000   -3950056.2432    2522395.2792   -4311626.6592    16.0065   -20.0826    10.7430        -0.08          8     8.9286
2024-05-11 13:35:0.000000   -3950055.1957    2522395.1365   -4311625.6693    17.0540   -20.2253    11.7329        -0.08          7     9.1520
2024-05-11 13:35:30.000000   -3950055.9888    2522395.4571   -4311626.2892    16.2609   -19.9047    11.1130        -0.08          7     9.2343
2024-05-11 13:36:0.000000   -3950056.0231    2522395.9664   -4311625.7693    16.2266   -19.3954    11.6329        -0.08          7     9.1907
2024-05-11 13:36:30.000000   -3950055.3969    2522395.5339   -4311624.8947    16.8528   -19.8279    12.5075        -0.08          7     9.2407
2024-05-11 13:37:0.000000   -3950054.9274    2522395.3577   -4311623.6686    17.3223   -20.0041    13.7336        -0.09          7     9.1607
2024-05-11 13:37:30.000000   -3950054.3207    2522395.0967   -4311623.6129    17.9290   -20.2651    13.7893        -0.09          7     8.7455
2024-05-11 13:38:0.000000   -3950053.8168    2522395.1508   -4311622.2447    18.4329   -20.2110    15.1575        -0.09          7     8.8557
2024-05-11 13:38:30.000000   -3950053.2486    2522394.9288   -4311621.0308    19.0011   -20.4330    16.3714        -0.09          7     8.7856
2024-05-11 13:39:0.000000   -3950053.0082    2522395.2572   -4311620.5523    19.2415   -20.1046    16.8499        -0.10          7     8.5067
2024-05-11 13:39:30.000000   -3950052.2153    2522394.7540   -4311619.9702    20.0344   -20.6078    17.4320        -0.10          7     8.6149
2024-05-11 13:40:0.000000   -3950054.0963    2522395.6332   -4311621.7580    18.1534   -19.7286    15.6442        -0.09          8     8.4136
2024-05-11 13:40:30.000000   -3950053.3368    2522395.3154   -4311621.1729    18.9129   -20.0464    16.2293        -0.09          8     8.5274
2024-05-11 13:41:0.000000   -3950053.0047    2522395.2182   -4311619.9360    19.2450   -20.1436    17.4662        -0.10          8     8.4107
2024-05-11 13:41:30.000000   -3950053.4510    2522395.7165   -4311619.9478    18.7987   -19.6453    17.4544        -0.09          8     8.3885
2024-05-11 13:42:0.000000   -3950052.1359    2522394.9787   -4311618.7946    20.1138   -20.3831    18.6076        -0.10          8     8.5035
2024-05-11 13:42:30.000000   -3950052.6347    2522395.6933   -4311618.9427    19.6150   -19.6685    18.4595        -0.10          8     8.2767
2024-05-11 13:43:0.000000   -3950051.8547    2522395.2512   -4311617.8899    20.3950   -20.1106    19.5123        -0.10          8     8.3844
2024-05-11 13:43:30.000000   -3950051.8381    2522395.0819   -4311616.9335    20.4116   -20.2799    20.4687        -0.10          8     8.2325
2024-05-11 13:44:0.000000   -3950050.9718    2522395.0933   -4311616.4792    21.2779   -20.2685    20.9230        -0.10          8     8.3857
2024-05-11 13:44:30.000000   -3950052.0853    2522395.4536   -4311616.3872    20.1644   -19.9082    21.0150        -0.10          8     8.3567
2024-05-11 13:45:0.000000   -3950051.0164    2522394.8030   -4311615.8319    21.2333   -20.5588    21.5703        -0.10          8     8.2011
2024-05-11 13:45:30.000000   -3950054.8600    2522397.1548   -4311618.7288    17.3897   -18.2070    18.6734        -0.09          9    12.1050
2024-05-11 13:46:0.000000   -3950055.0793    2522397.2019   -4311618.8087    17.1704   -18.1599    18.5935        -0.09          9    11.6862
2024-05-11 13:46:30.000000   -3950054.3755    2522396.9452   -4311617.5727    17.8742   -18.4166    19.8295        -0.09          9    12.1400
2024-05-11 13:47:0.000000   -3950054.9223    2522397.1702   -4311618.0008    17.3274   -18.1916    19.4014        -0.09          9    11.9328
2024-05-11 13:47:30.000000   -3950054.3644    2522397.1413   -4311617.2923    17.8853   -18.2205    20.1099        -0.09          9    11.3884
2024-05-11 13:48:0.000000   -3950053.8735    2522396.9705   -4311616.2085    18.3762   -18.3913    21.1937        -0.09          9    11.9844
2024-05-11 13:48:30.000000   -3950054.4105    2522397.3489   -4311616.0249    17.8392   -18.0129    21.3773        -0.09          9    11.8235
2024-05-11 13:49:0.000000   -3950053.5220    2522397.0326   -4311615.3071    18.7277   -18.3292    22.0951        -0.10          9    11.7282
2024-05-11 13:49:30.000000   -3950053.1819    2522396.8985   -4311614.9504    19.0678   -18.4633    22.4518        -0.10          9    11.9961
2024-05-11 13:50:0.000000   -3950053.4138    2522396.6730   -4311614.7981    18.8359   -18.6888    22.6041        -0.10          9    12.0041
2024-05-11 13:50:30.000000   -3950052.9690    2522396.6871   -4311614.1144    19.2807   -18.6747    23.2878        -0.10          9    11.5406
2024-05-11 13:51:0.000000   -3950052.6968    2522396.5815   -4311613.4664    19.5529   -18.7803    23.9358        -0.10          9    11.5897
2024-05-11 13:51:30.000000   -3950051.9309    2522396.0425   -4311612.0945    20.3188   -19.3193    25.3077        -0.10          9    11.7782
2024-05-11 13:52:0.000000   -3950052.4548    2522396.6475   -4311612.8500    19.7949   -18.7143    24.5522        -0.10          9    11.5354
2024-05-11 13:52:30.000000   -3950052.2846    2522396.3687   -4311612.6116    19.9651   -18.9931    24.7906        -0.10          9    11.2063
2024-05-11 13:53:0.000000   -3950052.1669    2522396.6465   -4311612.2466    20.0828   -18.7153    25.1556        -0.10          9    11.6665
2024-05-11 13:53:30.000000   -3950051.8487    2522396.3815   -4311611.7249    20.4010   -18.9803    25.6773        -0.10          9    11.5522
2024-05-11 13:54:0.000000   -3950051.4277    2522396.2541   -4311610.9527    20.8220   -19.1077    26.4495        -0.11          9    11.4057
2024-05-11 13:54:30.000000   -3950051.9829    2522396.5878   -4311611.6051    20.2668   -18.7740    25.7971        -0.10          9    11.5116
2024-05-11 13:55:0.000000   -3950051.7260    2522396.4727   -4311611.6861    20.5237   -18.8891    25.7161        -0.10          9    11.5277
2024-05-11 13:55:30.000000   -3950051.3766    2522396.1705   -4311610.5308    20.8731   -19.1913    26.8714        -0.11          9    11.2532
2024-05-11 13:56:0.000000   -3950051.4464    2522396.6483   -4311610.6045    20.8033   -18.7135    26.7977        -0.11          9    11.1361
2024-05-11 13:56:30.000000   -3950051.4284    2522397.0829   -4311611.0191    20.8213   -18.2789    26.3831        -0.10          9    11.5272
2024-05-11 13:57:0.000000   -3950051.0173    2522396.6913   -4311609.9559    21.2324   -18.6705    27.4463        -0.11          9    11.4487
2024-05-11 13:57:30.000000   -3950051.1964    2522396.7061   -4311610.0492    21.0533   -18.6557    27.3530        -0.11          9    11.3114
2024-05-11 13:58:0.000000   -3950051.0891    2522396.4262   -4311609.5920    21.1606   -18.9356    27.8102        -0.11          9    11.0704
2024-05-11 13:58:30.000000   -3950051.0706    2522396.8311   -4311610.0264    21.1791   -18.5307    27.3758        -0.11          9    10.9238
2024-05-11 13:59:0.000000   -3950050.8864    2522396.2179   -4311609.3343    21.3633   -19.1439    28.0679        -0.11          9    10.8771
2024-05-11 13:59:30.000000   -3950051.2140    2522396.4350   -4311609.1519    21.0357   -18.9268    28.2503        -0.11          9    10.6198
