GPS Single Point Positioning Results (without Ionosphere Correction (12:00-14:00))
====================================================================================================
Station: HOB200AUS
Time Window: 12:00-14:00 (UTC)
Approx Position: X=-3950072.2497, Y=2522415.3618, Z=-4311637.4022

Epoch                             X (m)           Y (m)           Z (m)     dX (m)     dY (m)     dZ (m)   Clock (us) Satellites    RMS (m)
----------------------------------------------------------------------------------------------------
2024-05-08 12:00:0.000000   -3950110.6374    2522423.4115   -4311665.9838   -38.3877     8.0497   -28.5816         0.08          7    11.0312
2024-05-08 12:00:30.000000   -3950110.6746    2522422.9445   -4311665.6332   -38.4249     7.5827   -28.2310         0.08          7    10.9804
2024-05-08 12:01:0.000000   -3950110.5088    2522422.9957   -4311665.6350   -38.2591     7.6339   -28.2328         0.08          7    10.9935
2024-05-08 12:01:30.000000   -3950109.8961    2522422.2459   -4311665.2640   -37.6464     6.8841   -27.8618         0.08          7    11.2445
2024-05-08 12:02:0.000000   -3950110.0638    2522422.5346   -4311664.7715   -37.8141     7.1728   -27.3693         0.08          7    11.2243
2024-05-08 12:02:30.000000   -3950109.4266    2522421.8951   -4311664.6746   -37.1769     6.5333   -27.2724         0.08          7    11.2250
2024-05-08 12:03:0.000000   -3950105.9664    2522420.5537   -4311661.2897   -33.7167     5.1919   -23.8875         0.06          8    12.3959
2024-05-08 12:03:30.000000   -3950106.1065    2522420.6566   -4311661.3584   -33.8568     5.2948   -23.9562         0.06          8    12.4066
2024-05-08 12:04:0.000000   -3950105.4097    2522419.9081   -4311660.8272   -33.1600     4.5463   -23.4250         0.06          8    12.5592
2024-05-08 12:04:30.000000   -3950105.3534    2522419.8961   -4311661.2814   -33.1037     4.5343   -23.8792         0.06          8    12.5559
2024-05-08 12:05:0.000000   -3950104.9052    2522419.2598   -4311660.3907   -32.6555     3.8980   -22.9885         0.06          8    12.6619
2024-05-08 12:05:30.000000   -3950105.0521    2522419.2209   -4311660.1575   -32.8024     3.8591   -22.7553         0.06          8    12.4816
2024-05-08 12:06:0.000000   -3950104.7522    2522418.9938   -4311660.3044   -32.5025     3.6320   -22.9022         0.06          8    12.6912
2024-05-08 12:06:30.000000   -3950104.9262    2522419.1279   -4311660.0436   -32.6765     3.7661   -22.6414         0.06          8    12.6245
2024-05-08 12:07:0.000000   -3950104.3515    2522418.6806   -4311659.8562   -32.1018     3.3188   -22.4540         0.06          8    12.8641
2024-05-08 12:07:30.000000   -3950104.0746    2522418.6320   -4311660.1641   -31.8249     3.2702   -22.7619         0.06          8    12.5847
2024-05-08 12:08:0.000000   -3950103.0953    2522417.3828   -4311658.9470   -30.8456     2.0210   -21.5448         0.05          8    12.9912
2024-05-08 12:08:30.000000   -3950102.3834    2522417.3284   -4311658.7015   -30.1337     1.9666   -21.2993         0.05          8    12.8559
2024-05-08 12:09:0.000000   -3950102.6986    2522417.1031   -4311658.1991   -30.4489     1.7413   -20.7969         0.05          8    12.8230
2024-05-08 12:09:30.000000   -3950102.2981    2522416.8468   -4311657.7738   -30.0484     1.4850   -20.3716         0.05          8    12.9084
2024-05-08 12:10:0.000000   -3950101.3927    2522416.4053   -4311657.8159   -29.1430     1.0435   -20.4137         0.05          8    13.0125
2024-05-08 12:10:30.000000   -3950101.8095    2522416.6601   -4311658.6920   -29.5598     1.2983   -21.2898         0.05          8    13.0371
2024-05-08 12:11:0.000000   -3950101.3829    2522416.1204   -4311657.3493   -29.1332     0.7586   -19.9471         0.05          8    13.0616
2024-05-08 12:11:30.000000   -3950100.9437    2522415.8292   -4311657.4612   -28.6940     0.4674   -20.0590         0.05          8    13.1172
2024-05-08 12:12:0.000000   -3950100.3898    2522415.5827   -4311657.2016   -28.1401     0.2209   -19.7994         0.04          8    13.2199
2024-05-08 12:12:30.000000   -3950100.1519    2522414.9393   -4311657.0343   -27.9022    -0.4225   -19.6321         0.04          8    13.2561
2024-05-08 12:13:0.000000   -3950099.8025    2522414.4354   -4311656.6953   -27.5528    -0.9264   -19.2931         0.04          8    13.1961
2024-05-08 12:13:30.000000   -3950100.1251    2522414.5311   -4311656.4648   -27.8754    -0.8307   -19.0626         0.04          8    13.2965
2024-05-08 12:14:0.000000   -3950099.5184    2522414.4123   -4311656.0516   -27.2687    -0.9495   -18.6494         0.04          8    13.5103
2024-05-08 12:14:30.000000   -3950098.9487    2522413.6780   -4311655.9437   -26.6990    -1.6838   -18.5415         0.04          8    13.4115
2024-05-08 12:15:0.000000   -3950098.7893    2522413.9456   -4311656.1783   -26.5396    -1.4162   -18.7761         0.04          8    13.3596
2024-05-08 12:15:30.000000   -3950099.1510    2522413.4460   -4311655.9952   -26.9013    -1.9158   -18.5930         0.04          8    13.5743
2024-05-08 12:16:0.000000   -3950098.2751    2522413.0657   -4311655.9536   -26.0254    -2.2961   -18.5514         0.04          8    13.4657
2024-05-08 12:16:30.000000   -3950097.5602    2522412.8542   -4311655.5089   -25.3105    -2.5076   -18.1067         0.03          8    13.5258
2024-05-08 12:17:0.000000   -3950097.5748    2522412.4883   -4311655.3810   -25.3251    -2.8735   -17.9788         0.04          8    13.6058
2024-05-08 12:17:30.000000   -3950096.9609    2522412.3469   -4311655.6219   -24.7112    -3.0149   -18.2197         0.03          8    13.6973
2024-05-08 12:18:0.000000   -3950097.3107    2522412.3585   -4311655.6919   -25.0610    -3.0033   -18.2897         0.04          8    13.9310
2024-05-08 12:18:30.000000   -3950096.3896    2522411.6959   -4311655.0834   -24.1399    -3.6659   -17.6812         0.03          8    13.7809
2024-05-08 12:19:0.000000   -3950096.2119    2522411.5374   -4311654.9787   -23.9622    -3.8244   -17.5765         0.03          8    13.8582
2024-05-08 12:19:30.000000   -3950095.1968    2522410.6656   -4311654.3021   -22.9471    -4.6962   -16.8999         0.03          8    13.8812
2024-05-08 12:20:0.000000   -3950095.5417    2522411.2229   -4311654.7418   -23.2920    -4.1389   -17.3396         0.03          8    14.0482
2024-05-08 12:20:30.000000   -3950094.9034    2522410.3835   -4311654.1353   -22.6537    -4.9783   -16.7331         0.03          8    13.9426
2024-05-08 12:21:0.000000   -3950094.9850    2522410.8193   -4311654.2243   -22.7353    -4.5425   -16.8221         0.03          8    13.9882
2024-05-08 12:21:30.000000   -3950094.5997    2522409.7923   -4311654.4149   -22.3500    -5.5695   -17.0127         0.03          8    14.1253
2024-05-08 12:22:0.000000   -3950094.2126    2522409.7577   -4311653.9032   -21.9629    -5.6041   -16.5010         0.03          8    14.5079
2024-05-08 12:22:30.000000   -3950093.6942    2522409.5382   -4311653.7180   -21.4445    -5.8236   -16.3158         0.02          8    14.2939
2024-05-08 12:23:0.000000   -3950093.9842    2522409.7787   -4311654.3272   -21.7345    -5.5831   -16.9250         0.03          8    14.2112
2024-05-08 12:23:30.000000   -3950093.0386    2522408.7711   -4311653.3858   -20.7889    -6.5907   -15.9836         0.02          8    14.3125
2024-05-08 12:24:0.000000   -3950092.5364    2522408.7661   -4311653.7066   -20.2867    -6.5957   -16.3044         0.02          8    14.5245
2024-05-08 12:24:30.000000   -3950092.6781    2522408.3617   -4311654.3507   -20.4284    -7.0001   -16.9485         0.02          8    14.6077
2024-05-08 12:25:0.000000   -3950092.4424    2522408.0067   -4311653.2995   -20.1927    -7.3551   -15.8973         0.02          8    14.8301
2024-05-08 12:25:30.000000   -3950091.7953    2522407.9833   -4311653.0534   -19.5456    -7.3785   -15.6512         0.02          8    14.4381
2024-05-08 12:26:0.000000   -3950091.7931    2522407.6149   -4311653.1047   -19.5434    -7.7469   -15.7025         0.02          8    14.4592
2024-05-08 12:26:30.000000   -3950091.0404    2522407.0627   -4311652.7910   -18.7907    -8.2991   -15.3888         0.02          8    14.7836
2024-05-08 12:27:0.000000   -3950090.9422    2522407.3137   -4311653.0013   -18.6925    -8.0481   -15.5991         0.02          8    14.6515
2024-05-08 12:27:30.000000   -3950090.7541    2522407.3182   -4311652.8381   -18.5044    -8.0436   -15.4359         0.02          8    14.7425
2024-05-08 12:28:0.000000   -3950090.4412    2522406.6682   -4311653.1390   -18.1915    -8.6936   -15.7368         0.02          8    14.7802
2024-05-08 12:28:30.000000   -3950090.0719    2522406.3809   -4311652.4973   -17.8222    -8.9809   -15.0951         0.02          8    14.9077
2024-05-08 12:29:0.000000   -3950089.3982    2522405.9303   -4311653.5026   -17.1485    -9.4315   -16.1004         0.02          8    15.0050
2024-05-08 12:29:30.000000   -3950090.2347    2522406.1494   -4311653.0065   -17.9850    -9.2124   -15.6043         0.02          8    14.9388
2024-05-08 12:30:0.000000   -3950088.9762    2522406.0008   -4311652.6633   -16.7265    -9.3610   -15.2611         0.01          8    15.0619
2024-05-08 12:30:30.000000   -3950088.5827    2522405.4566   -4311652.3719   -16.3330    -9.9052   -14.9697         0.01          8    15.0067
2024-05-08 12:31:0.000000   -3950088.3295    2522405.2615   -4311652.6148   -16.0798   -10.1003   -15.2126         0.01          8    15.1932
2024-05-08 12:31:30.000000   -3950082.9470    2522402.3685   -4311650.2910   -10.6973   -12.9933   -12.8888        -0.00          9    18.1712
2024-05-08 12:32:0.000000   -3950083.2391    2522402.5467   -4311651.1781   -10.9894   -12.8151   -13.7759        -0.00          9    18.0451
2024-05-08 12:32:30.000000   -3950082.7487    2522402.2192   -4311651.0543   -10.4990   -13.1426   -13.6521        -0.00          9    17.8801
2024-05-08 12:33:0.000000   -3950082.6280    2522402.1198   -4311651.0337   -10.3783   -13.2420   -13.6315        -0.00          9    18.0892
2024-05-08 12:33:30.000000   -3950081.7597    2522401.6459   -4311650.3642    -9.5100   -13.7159   -12.9620        -0.00          9    17.9198
2024-05-08 12:34:0.000000   -3950081.6085    2522401.0316   -4311650.6965    -9.3588   -14.3302   -13.2943        -0.00          9    17.9199
2024-05-08 12:34:30.000000   -3950081.4606    2522401.0265   -4311651.0654    -9.2109   -14.3353   -13.6632        -0.00          9    18.0701
2024-05-08 12:35:0.000000   -3950080.8655    2522400.9391   -4311650.7798    -8.6158   -14.4227   -13.3776        -0.01          9    17.9424
2024-05-08 12:35:30.000000   -3950080.5237    2522400.6627   -4311650.9810    -8.2740   -14.6991   -13.5788        -0.01          9    18.0470
2024-05-08 12:36:0.000000   -3950079.4613    2522399.9472   -4311650.1181    -7.2116   -15.4146   -12.7159        -0.01          9    17.9636
2024-05-08 12:36:30.000000   -3950079.9500    2522399.9671   -4311650.5830    -7.7003   -15.3947   -13.1808        -0.01          9    18.1271
2024-05-08 12:37:0.000000   -3950078.8865    2522399.5116   -4311650.7965    -6.6368   -15.8502   -13.3943        -0.01          9    17.9690
2024-05-08 12:37:30.000000   -3950078.6381    2522399.3255   -4311650.5025    -6.3884   -16.0363   -13.1003        -0.01          9    18.4537
2024-05-08 12:38:0.000000   -3950078.2776    2522399.1560   -4311650.5483    -6.0279   -16.2058   -13.1461        -0.01          9    17.7649
2024-05-08 12:38:30.000000   -3950077.7596    2522398.8413   -4311651.1278    -5.5099   -16.5205   -13.7256        -0.01         10    17.0623
2024-05-08 12:39:0.000000   -3950077.7997    2522398.7568   -4311650.4985    -5.5500   -16.6050   -13.0963        -0.01         10    17.2621
2024-05-08 12:39:30.000000   -3950077.4998    2522398.6420   -4311650.8876    -5.2501   -16.7198   -13.4854        -0.01         10    17.0741
2024-05-08 12:40:0.000000   -3950077.0070    2522398.2846   -4311650.9939    -4.7573   -17.0772   -13.5917        -0.01         10    16.9870
2024-05-08 12:40:30.000000   -3950076.3103    2522397.7477   -4311650.6357    -4.0606   -17.6141   -13.2335        -0.01         10    17.1559
2024-05-08 12:41:0.000000   -3950076.7963    2522397.9713   -4311651.3670    -4.5466   -17.3905   -13.9648        -0.01         10    17.1706
2024-05-08 12:41:30.000000   -3950076.3505    2522397.3584   -4311650.5718    -4.1008   -18.0034   -13.1696        -0.01         10    17.0818
2024-05-08 12:42:0.000000   -3950075.4127    2522397.0622   -4311650.7149    -3.1630   -18.2996   -13.3127        -0.02         10    17.1759
2024-05-08 12:42:30.000000   -3950075.6977    2522397.3239   -4311651.0990    -3.4480   -18.0379   -13.6968        -0.01         10    17.0817
2024-05-08 12:43:0.000000   -3950074.8676    2522396.7696   -4311650.8171    -2.6179   -18.5922   -13.4149        -0.02         10    17.3454
2024-05-08 12:43:30.000000   -3950074.6627    2522396.6931   -4311650.4021    -2.4130   -18.6687   -12.9999        -0.02         10    17.4487
2024-05-08 12:44:0.000000   -3950074.2926    2522396.6011   -4311650.6667    -2.0429   -18.7607   -13.2645        -0.02         10    17.0057
2024-05-08 12:44:30.000000   -3950074.2465    2522396.2706   -4311651.0280    -1.9968   -19.0912   -13.6258        -0.02         10    17.3131
2024-05-08 12:45:0.000000   -3950073.9027    2522396.1103   -4311650.9241    -1.6530   -19.2515   -13.5219        -0.02         10    17.2463
2024-05-08 12:45:30.000000   -3950073.5840    2522395.9638   -4311650.4873    -1.3343   -19.3980   -13.0851        -0.02         10    17.2818
2024-05-08 12:46:0.000000   -3950073.0650    2522395.3897   -4311650.6423    -0.8153   -19.9721   -13.2401        -0.02         10    17.6816
2024-05-08 12:46:30.000000   -3950072.4838    2522395.1565   -4311650.4167    -0.2341   -20.2053   -13.0145        -0.02         10    17.2900
2024-05-08 12:47:0.000000   -3950071.8705    2522394.7414   -4311650.2529     0.3792   -20.6204   -12.8507        -0.02         10    17.4010
2024-05-08 12:47:30.000000   -3950071.8259    2522394.7513   -4311650.2166     0.4238   -20.6105   -12.8144        -0.02         10    17.3368
2024-05-08 12:48:0.000000   -3950071.7554    2522394.6190   -4311650.5375     0.4943   -20.7428   -13.1353        -0.02         10    17.7249
2024-05-08 12:48:30.000000   -3950071.4299    2522394.1542   -4311650.2224     0.8198   -21.2076   -12.8202        -0.02         10    17.5779
2024-05-08 12:49:0.000000   -3950070.9852    2522394.2649   -4311650.5193     1.2645   -21.0969   -13.1171        -0.02         10    17.5382
2024-05-08 12:49:30.000000   -3950070.7414    2522394.1867   -4311650.5776     1.5083   -21.1751   -13.1754        -0.02         10    17.4773
2024-05-08 12:50:0.000000   -3950070.3357    2522393.5387   -4311650.7712     1.9140   -21.8231   -13.3690        -0.02         10    17.4035
2024-05-08 12:50:30.000000   -3950070.1264    2522393.7051   -4311650.5295     2.1233   -21.6567   -13.1273        -0.02         10    17.7912
2024-05-08 12:51:0.000000   -3950069.8488    2522393.3451   -4311650.2511     2.4009   -22.0167   -12.8489        -0.03         10    17.8218
2024-05-08 12:51:30.000000   -3950070.1088    2522393.4765   -4311650.7020     2.1409   -21.8853   -13.2998        -0.02         10    17.4319
2024-05-08 12:52:0.000000   -3950069.1477    2522392.7859   -4311650.2194     3.1020   -22.5759   -12.8172        -0.03         10    17.7735
2024-05-08 12:52:30.000000   -3950069.2727    2522392.6933   -4311650.6251     2.9770   -22.6685   -13.2229        -0.03         10    17.8818
2024-05-08 12:53:0.000000   -3950069.2495    2522392.8257   -4311650.7321     3.0002   -22.5361   -13.3299        -0.03         10    17.6289
2024-05-08 12:53:30.000000   -3950068.3875    2522392.6176   -4311650.1870     3.8622   -22.7442   -12.7848        -0.03         10    17.7631
2024-05-08 12:54:0.000000   -3950068.7166    2522392.4365   -4311650.6962     3.5331   -22.9253   -13.2940        -0.03         10    18.0868
2024-05-08 12:54:30.000000   -3950065.1311    2522387.0028   -4311648.0471     7.1186   -28.3590   -10.6449        -0.04          9     9.5878
2024-05-08 12:55:0.000000   -3950064.4815    2522387.2349   -4311648.1419     7.7682   -28.1269   -10.7397        -0.04          9     9.5493
2024-05-08 12:55:30.000000   -3950064.6207    2522387.0534   -4311648.0139     7.6290   -28.3084   -10.6117        -0.04          9     9.8992
2024-05-08 12:56:0.000000   -3950064.6047    2522387.4550   -4311648.4356     7.6450   -27.9068   -11.0334        -0.04          9     9.7737
2024-05-08 12:56:30.000000   -3950064.2242    2522387.1393   -4311648.5249     8.0255   -28.2225   -11.1227        -0.04          9     9.7964
2024-05-08 12:57:0.000000   -3950064.0996    2522387.0605   -4311647.8664     8.1501   -28.3013   -10.4642        -0.05          9     9.6213
2024-05-08 12:57:30.000000   -3950063.7661    2522386.7443   -4311648.1886     8.4836   -28.6175   -10.7864        -0.04          9     9.7873
2024-05-08 12:58:0.000000   -3950063.9270    2522387.4454   -4311648.3387     8.3227   -27.9164   -10.9365        -0.04          9     9.6848
2024-05-08 12:58:30.000000   -3950063.9381    2522387.2959   -4311648.3251     8.3116   -28.0659   -10.9229        -0.04          9     9.7799
2024-05-08 12:59:0.000000   -3950063.2304    2522386.9406   -4311648.3655     9.0193   -28.4212   -10.9633        -0.05          9     9.8095
2024-05-08 12:59:30.000000   -3950063.6218    2522387.1179   -4311648.5267     8.6279   -28.2439   -11.1245        -0.04          9     9.7677
2024-05-08 13:00:0.000000   -3950063.2577    2522387.4952   -4311648.4551     8.9920   -27.8666   -11.0529        -0.04          9     9.7958
2024-05-08 13:00:30.000000   -3950061.0769    2522383.1298   -4311650.1570    11.1728   -32.2320   -12.7548        -0.05          9     8.4480
2024-05-08 13:01:0.000000   -3950060.9162    2522383.2394   -4311649.5559    11.3335   -32.1224   -12.1537        -0.05          9     8.3932
2024-05-08 13:01:30.000000   -3950060.7278    2522383.3845   -4311649.9957    11.5219   -31.9773   -12.5935        -0.05          9     8.3811
2024-05-08 13:02:0.000000   -3950060.8850    2522383.3195   -4311649.6533    11.3647   -32.0423   -12.2511        -0.05          9     8.2777
2024-05-08 13:02:30.000000   -3950060.5485    2522383.4139   -4311649.4920    11.7012   -31.9479   -12.0898        -0.05          9     8.2306
2024-05-08 13:03:0.000000   -3950060.3927    2522383.2846   -4311649.3656    11.8570   -32.0772   -11.9634        -0.05          9     8.3632
2024-05-08 13:03:30.000000   -3950060.2564    2522383.2896   -4311649.4067    11.9933   -32.0722   -12.0045        -0.05          9     8.1921
2024-05-08 13:04:0.000000   -3950060.9120    2522384.1029   -4311650.0939    11.3377   -31.2589   -12.6917        -0.05          9     8.2512
2024-05-08 13:04:30.000000   -3950060.4250    2522383.8696   -4311649.7758    11.8247   -31.4922   -12.3736        -0.05          9     8.5565
2024-05-08 13:05:0.000000   -3950060.2078    2522383.7946   -4311649.4616    12.0419   -31.5672   -12.0594        -0.05          9     8.4215
2024-05-08 13:05:30.000000   -3950060.4204    2522384.3247   -4311649.7077    11.8293   -31.0371   -12.3055        -0.05          9     8.3234
2024-05-08 13:06:0.000000   -3950060.4201    2522384.5349   -4311649.6906    11.8296   -30.8269   -12.2884        -0.05          9     8.2375
2024-05-08 13:06:30.000000   -3950060.4444    2522384.4834   -4311649.4919    11.8053   -30.8784   -12.0897        -0.05          9     8.1926
2024-05-08 13:07:0.000000   -3950059.5015    2522384.0828   -4311649.4829    12.7482   -31.2790   -12.0807        -0.05          9     8.6169
2024-05-08 13:07:30.000000   -3950059.8409    2522384.4586   -4311649.2499    12.4088   -30.9032   -11.8477        -0.05          9     8.6320
2024-05-08 13:08:0.000000   -3950060.0412    2522385.1778   -4311649.4394    12.2085   -30.1840   -12.0372        -0.05          9     8.0826
2024-05-08 13:08:30.000000   -3950060.9209    2522385.0629   -4311651.9962    11.3288   -30.2989   -14.5940        -0.04          8     7.3528
2024-05-08 13:09:0.000000   -3950061.0090    2522385.3479   -4311651.7811    11.2407   -30.0139   -14.3789        -0.04          8     7.7981
2024-05-08 13:09:30.000000   -3950060.9663    2522385.3233   -4311651.1627    11.2834   -30.0385   -13.7605        -0.04          8     7.6002
2024-05-08 13:10:0.000000   -3950060.8526    2522385.5438   -4311650.7265    11.3971   -29.8180   -13.3243        -0.05          8     7.5975
2024-05-08 13:10:30.000000   -3950060.1951    2522385.1207   -4311651.1048    12.0546   -30.2411   -13.7026        -0.05          8     7.4476
2024-05-08 13:11:0.000000   -3950060.1367    2522385.5774   -4311650.5719    12.1130   -29.7844   -13.1697        -0.05          8     7.6907
2024-05-08 13:11:30.000000   -3950060.8262    2522386.1313   -4311651.2447    11.4235   -29.2305   -13.8425        -0.04          8     7.5496
2024-05-08 13:12:0.000000   -3950060.2050    2522385.7856   -4311650.6791    12.0447   -29.5762   -13.2769        -0.05          8     7.4983
2024-05-08 13:12:30.000000   -3950060.5439    2522385.6520   -4311650.1896    11.7058   -29.7098   -12.7874        -0.05          8     7.7514
2024-05-08 13:13:0.000000   -3950060.0628    2522386.3589   -4311649.4701    12.1869   -29.0029   -12.0679        -0.05          8     7.6555
2024-05-08 13:13:30.000000   -3950060.0920    2522386.3364   -4311650.0346    12.1577   -29.0254   -12.6324        -0.05          8     7.7975
2024-05-08 13:14:0.000000   -3950060.4319    2522386.5725   -4311649.7864    11.8178   -28.7893   -12.3842        -0.05          8     7.8451
2024-05-08 13:14:30.000000   -3950060.4855    2522386.7128   -4311649.9036    11.7642   -28.6490   -12.5014        -0.05          8     7.6539
2024-05-08 13:15:0.000000   -3950059.9887    2522386.8427   -4311649.7803    12.2610   -28.5191   -12.3781        -0.05          8     7.6687
2024-05-08 13:15:30.000000   -3950060.0058    2522387.0165   -4311649.3294    12.2439   -28.3453   -11.9272        -0.05          8     7.8918
2024-05-08 13:16:0.000000   -3950059.7518    2522387.4102   -4311648.5124    12.4979   -27.9516   -11.1102        -0.05          8     7.9483
2024-05-08 13:16:30.000000   -3950059.8504    2522387.1322   -4311649.2470    12.3993   -28.2296   -11.8448        -0.05          8     8.0294
2024-05-08 13:17:0.000000   -3950059.5956    2522387.4307   -4311648.8468    12.6541   -27.9311   -11.4446        -0.05          8     7.7939
2024-05-08 13:17:30.000000   -3950060.0254    2522387.8518   -4311648.9918    12.2243   -27.5100   -11.5896        -0.05          8     7.9207
2024-05-08 13:18:0.000000   -3950059.9790    2522388.2005   -4311648.9415    12.2707   -27.1613   -11.5393        -0.05          8     7.9375
2024-05-08 13:18:30.000000   -3950059.7548    2522387.9000   -4311648.1446    12.4949   -27.4618   -10.7424        -0.05          8     8.0486
2024-05-08 13:19:0.000000   -3950059.7791    2522388.1390   -4311647.9852    12.4706   -27.2228   -10.5830        -0.05          8     8.1330
2024-05-08 13:19:30.000000   -3950060.1085    2522388.6046   -4311648.6724    12.1412   -26.7572   -11.2702        -0.05          8     8.0026
2024-05-08 13:20:0.000000   -3950059.3534    2522388.7467   -4311647.3206    12.8963   -26.6151    -9.9184        -0.05          8     8.0217
2024-05-08 13:20:30.000000   -3950060.0042    2522388.5316   -4311647.9752    12.2455   -26.8302   -10.5730        -0.05          8     8.3403
2024-05-08 13:21:0.000000   -3950059.7595    2522388.9900   -4311647.4906    12.4902   -26.3718   -10.0884        -0.05          8     8.2363
2024-05-08 13:21:30.000000   -3950059.4674    2522388.9350   -4311647.2169    12.7823   -26.4268    -9.8147        -0.05          8     8.1394
2024-05-08 13:22:0.000000   -3950059.9444    2522389.5266   -4311647.4430    12.3053   -25.8352   -10.0408        -0.05          8     8.2068
2024-05-08 13:22:30.000000   -3950059.2901    2522389.3372   -4311646.5592    12.9596   -26.0246    -9.1570        -0.05          8     8.4784
2024-05-08 13:23:0.000000   -3950059.5647    2522389.4906   -4311646.2597    12.6850   -25.8712    -8.8575        -0.05          8     8.3727
2024-05-08 13:23:30.000000   -3950059.8928    2522389.9131   -4311646.7892    12.3569   -25.4487    -9.3870        -0.05          8     8.4235
2024-05-08 13:24:0.000000   -3950059.7271    2522390.0204   -4311645.8812    12.5226   -25.3414    -8.4790        -0.05          8     8.4292
2024-05-08 13:24:30.000000   -3950059.7479    2522390.3539   -4311646.0437    12.5018   -25.0079    -8.6415        -0.05          8     8.4887
2024-05-08 13:25:0.000000   -3950059.2501    2522390.4867   -4311645.4886    12.9996   -24.8751    -8.0864        -0.05          8     8.5437
2024-05-08 13:25:30.000000   -3950059.4313    2522390.4384   -4311645.1727    12.8184   -24.9234    -7.7705        -0.05          8     8.6034
2024-05-08 13:26:0.000000   -3950059.6480    2522391.2518   -4311645.6730    12.6017   -24.1100    -8.2708        -0.05          8     8.6163
2024-05-08 13:26:30.000000   -3950059.8812    2522391.0724   -4311645.3921    12.3685   -24.2894    -7.9899        -0.05          8     8.3608
2024-05-08 13:27:0.000000   -3950058.8911    2522390.8065   -4311644.0378    13.3586   -24.5553    -6.6356        -0.05          8     8.7880
2024-05-08 13:27:30.000000   -3950059.0480    2522391.2963   -4311644.5390    13.2017   -24.0655    -7.1368        -0.05          8     8.7221
2024-05-08 13:28:0.000000   -3950059.0633    2522390.9997   -4311643.7783    13.1864   -24.3621    -6.3761        -0.05          8     8.6517
2024-05-08 13:28:30.000000   -3950058.9787    2522391.5071   -4311643.4503    13.2710   -23.8547    -6.0481        -0.05          8     8.7933
2024-05-08 13:29:0.000000   -3950059.1667    2522391.7871   -4311643.6378    13.0830   -23.5747    -6.2356        -0.05          8     8.6161
2024-05-08 13:29:30.000000   -3950059.2806    2522391.9154   -4311643.2064    12.9691   -23.4464    -5.8042        -0.05          8     8.8150
2024-05-08 13:30:0.000000   -3950058.8050    2522391.7564   -4311642.9417    13.4447   -23.6054    -5.5395        -0.05          8     8.9540
2024-05-08 13:30:30.000000   -3950059.0230    2522392.3720   -4311643.0594    13.2267   -22.9898    -5.6572        -0.05          8     8.7232
2024-05-08 13:31:0.000000   -3950058.4222    2522392.1567   -4311642.6018    13.8275   -23.2051    -5.1996        -0.05          8     8.9796
2024-05-08 13:31:30.000000   -3950059.1598    2522392.6023   -4311643.2075    13.0899   -22.7595    -5.8053        -0.05          8     9.0545
2024-05-08 13:32:0.000000   -3950058.8339    2522392.7036   -4311642.1886    13.4158   -22.6582    -4.7864        -0.05          8     9.0274
2024-05-08 13:32:30.000000   -3950059.0055    2522392.9344   -4311641.6780    13.2442   -22.4274    -4.2758        -0.05          8     8.9087
2024-05-08 13:33:0.000000   -3950059.2388    2522393.0774   -4311641.8482    13.0109   -22.2844    -4.4460        -0.05          8     8.8006
2024-05-08 13:33:30.000000   -3950058.5620    2522393.2878   -4311640.8872    13.6877   -22.0740    -3.4850        -0.06          8     8.9446
2024-05-08 13:34:0.000000   -3950058.9225    2522393.3430   -4311640.4622    13.3272   -22.0188    -3.0600        -0.06          8     9.1236
2024-05-08 13:34:30.000000   -3950058.1121    2522393.0104   -4311640.1241    14.1376   -22.3514    -2.7219        -0.06          8     9.0808
2024-05-08 13:35:0.000000   -3950058.2145    2522393.6180   -4311639.7891    14.0352   -21.7438    -2.3869        -0.06          8     9.1248
2024-05-08 13:35:30.000000   -3950058.2453    2522393.5461   -4311639.6154    14.0044   -21.8157    -2.2132        -0.06          8     9.0010
2024-05-08 13:36:0.000000   -3950058.0167    2522393.0704   -4311638.8025    14.2330   -22.2914    -1.4003        -0.06          8     9.1225
2024-05-08 13:36:30.000000   -3950057.5969    2522393.5727   -4311638.9876    14.6528   -21.7891    -1.5854        -0.06          8     8.9658
2024-05-08 13:37:0.000000   -3950057.3816    2522393.6964   -4311637.3673    14.8681   -21.6654     0.0349        -0.06          8     8.8535
2024-05-08 13:37:30.000000   -3950057.8039    2522394.1484   -4311637.3586    14.4458   -21.2134     0.0436        -0.06          8     9.0018
2024-05-08 13:38:0.000000   -3950057.7909    2522394.0026   -4311637.6562    14.4588   -21.3592    -0.2540        -0.06          8     9.1884
2024-05-08 13:38:30.000000   -3950057.4910    2522394.0161   -4311637.1388    14.7587   -21.3457     0.2634        -0.06          8     9.0038
2024-05-08 13:39:0.000000   -3950056.9563    2522394.3142   -4311635.8962    15.2934   -21.0476     1.5060        -0.07          8     9.0608
2024-05-08 13:39:30.000000   -3950056.9824    2522394.2730   -4311635.8807    15.2673   -21.0888     1.5215        -0.07          8     9.1379
2024-05-08 13:40:0.000000   -3950056.7868    2522394.3268   -4311635.2907    15.4629   -21.0350     2.1115        -0.07          8     9.0081
2024-05-08 13:40:30.000000   -3950056.8496    2522394.5967   -4311635.2596    15.4001   -20.7651     2.1426        -0.07          8     9.1090
2024-05-08 13:41:0.000000   -3950056.2984    2522394.5727   -4311634.5130    15.9513   -20.7891     2.8892        -0.07          8     8.9374
2024-05-08 13:41:30.000000   -3950056.3536    2522394.5471   -4311633.8704    15.8961   -20.8147     3.5318        -0.07          8     9.0751
2024-05-08 13:42:0.000000   -3950056.4148    2522394.8836   -4311633.8480    15.8349   -20.4782     3.5542        -0.07          8     9.0215
2024-05-08 13:42:30.000000   -3950055.5913    2522394.4799   -4311632.4317    16.6584   -20.8819     4.9705        -0.07          8     8.9114
2024-05-08 13:43:0.000000   -3950055.7391    2522394.9872   -4311632.8626    16.5106   -20.3746     4.5396        -0.07          8     9.0716
2024-05-08 13:43:30.000000   -3950055.6868    2522395.2893   -4311631.8677    16.5629   -20.0725     5.5345        -0.07          8     9.0544
2024-05-08 13:44:0.000000   -3950055.2543    2522394.9726   -4311631.3983    16.9954   -20.3892     6.0039        -0.07          8     8.8417
2024-05-08 13:44:30.000000   -3950054.9648    2522395.1074   -4311630.7535    17.2849   -20.2544     6.6487        -0.08          8     8.9345
2024-05-08 13:45:0.000000   -3950055.0831    2522394.8889   -4311630.7684    17.1666   -20.4729     6.6338        -0.08          8     9.0018
2024-05-08 13:45:30.000000   -3950055.0742    2522395.2334   -4311630.2302    17.1755   -20.1284     7.1720        -0.08          8     8.8973
2024-05-08 13:46:0.000000   -3950054.3052    2522395.2521   -4311629.0521    17.9445   -20.1097     8.3501        -0.08          8     8.7656
2024-05-08 13:46:30.000000   -3950053.8519    2522394.8289   -4311628.5192    18.3978   -20.5329     8.8830        -0.08          8     8.6559
2024-05-08 13:47:0.000000   -3950054.2622    2522395.6378   -4311628.0704    17.9875   -19.7240     9.3318        -0.08          8     8.9249
2024-05-08 13:47:30.000000   -3950053.9159    2522395.5601   -4311628.0570    18.3338   -19.8017     9.3452        -0.08          7     9.2132
2024-05-08 13:48:0.000000   -3950053.8821    2522395.5948   -4311626.5651    18.3676   -19.7670    10.8371        -0.08          7     9.3347
2024-05-08 13:48:30.000000   -3950053.5047    2522395.4946   -4311626.2983    18.7450   -19.8672    11.1039        -0.08          7     8.9746
2024-05-08 13:49:0.000000   -3950053.6014    2522395.9840   -4311626.0582    18.6483   -19.3778    11.3440        -0.08          7     9.2498
2024-05-08 13:49:30.000000   -3950053.2345    2522395.6589   -4311625.5402    19.0152   -19.7029    11.8620        -0.09          7     8.9709
2024-05-08 13:50:0.000000   -3950053.5582    2522396.1046   -4311625.4565    18.6915   -19.2572    11.9457        -0.08          7     8.9010
2024-05-08 13:50:30.000000   -3950052.0127    2522395.2009   -4311623.8127    20.2370   -20.1609    13.5895        -0.09          7     8.7496
2024-05-08 13:51:0.000000   -3950052.0897    2522394.9385   -4311622.6053    20.1600   -20.4233    14.7969        -0.09          7     8.6159
2024-05-08 13:51:30.000000   -3950051.6951    2522395.2456   -4311622.8361    20.5546   -20.1162    14.5661        -0.09          7     8.4062
2024-05-08 13:52:0.000000   -3950050.4886    2522395.0171   -4311620.6342    21.7611   -20.3447    16.7680        -0.10          7     8.5065
2024-05-08 13:52:30.000000   -3950051.6408    2522395.5157   -4311622.2013    20.6089   -19.8461    15.2009        -0.09          8     8.3044
2024-05-08 13:53:0.000000   -3950051.7430    2522395.4331   -4311622.1926    20.5067   -19.9287    15.2096        -0.09          8     8.3642
2024-05-08 13:53:30.000000   -3950051.4611    2522395.3725   -4311621.7830    20.7886   -19.9893    15.6192        -0.09          8     8.1371
2024-05-08 13:54:0.000000   -3950051.3469    2522395.6020   -4311620.7690    20.9028   -19.7598    16.6332        -0.10          8     8.4506
2024-05-08 13:54:30.000000   -3950051.2618    2522395.5769   -4311620.9191    20.9879   -19.7849    16.4831        -0.10          8     7.9893
2024-05-08 13:55:0.000000   -3950050.1878    2522395.4733   -4311619.1358    22.0619   -19.8885    18.2664        -0.10          8     8.4373
2024-05-08 13:55:30.000000   -3950050.0679    2522395.4387   -4311619.1490    22.1818   -19.9231    18.2532        -0.10          8     8.2460
2024-05-08 13:56:0.000000   -3950049.2426    2522394.8674   -4311617.5290    23.0071   -20.4944    19.8732        -0.11          8     8.3130
2024-05-08 13:56:30.000000   -3950050.1643    2522395.7768   -4311617.7861    22.0854   -19.5850    19.6161        -0.10          8     8.2309
2024-05-08 13:57:0.000000   -3950049.6337    2522395.2569   -4311618.0251    22.6160   -20.1049    19.3771        -0.10          8     8.3431
2024-05-08 13:57:30.000000   -3950053.1644    2522396.8432   -4311620.7158    19.0853   -18.5186    16.6864        -0.09          9    11.6194
2024-05-08 13:58:0.000000   -3950053.2294    2522397.2140   -4311620.1494    19.0203   -18.1478    17.2528        -0.09          9    11.5554
2024-05-08 13:58:30.000000   -3950053.2778    2522397.0929   -4311620.0723    18.9719   -18.2689    17.3299        -0.09          9    11.6278
2024-05-08 13:59:0.000000   -3950053.0685    2522397.1955   -4311619.2196    19.1812   -18.1663    18.1826        -0.09          9    12.0094
2024-05-08 13:59:30.000000   -3950052.6928    2522397.3328   -4311618.9017    19.5569   -18.0290    18.5005        -0.09          9    11.7441
