GPS Single Point Positioning Results (with Klobuchar Ionosphere Model (12:00-14:00))
====================================================================================================
Station: KOUR00GUF
Time Window: 12:00-14:00 (UTC)
Approx Position: X=3839591.4332, Y=-5059567.5514, Z=579956.9164
GPS Week: 2313

Epoch                             X (m)           Y (m)           Z (m)     dX (m)     dY (m)     dZ (m)   Clock (us) Satellites    RMS (m)
----------------------------------------------------------------------------------------------------
2024-05-11 12:00:0.000000    3839610.5479   -5059572.1610     579958.2419    19.1147    -4.6096     1.3255         0.10         11    18.8843
2024-05-11 12:00:30.000000    3839610.6581   -5059572.5695     579958.8879    19.2249    -5.0181     1.9715         0.10         11    18.8315
2024-05-11 12:01:0.000000    3839610.3190   -5059572.9846     579958.9505    18.8858    -5.4332     2.0341         0.10         11    18.7976
2024-05-11 12:01:30.000000    3839609.9071   -5059573.1538     579959.3730    18.4739    -5.6024     2.4566         0.10         11    18.7321
2024-05-11 12:02:0.000000    3839610.0987   -5059573.7753     579959.4061    18.6655    -6.2239     2.4897         0.10         11    18.7889
2024-05-11 12:02:30.000000    3839609.9771   -5059573.6301     579959.7767    18.5439    -6.0787     2.8603         0.10         11    18.7080
2024-05-11 12:03:0.000000    3839609.5860   -5059573.7014     579960.0109    18.1528    -6.1500     3.0945         0.10         11    18.8918
2024-05-11 12:03:30.000000    3839609.3854   -5059574.1879     579960.3783    17.9522    -6.6365     3.4619         0.10         11    18.9376
2024-05-11 12:04:0.000000    3839609.1820   -5059574.3944     579960.6892    17.7488    -6.8430     3.7728         0.10         11    18.7295
2024-05-11 12:04:30.000000    3839608.6796   -5059574.5888     579960.7941    17.2464    -7.0374     3.8777         0.10         11    18.7299
2024-05-11 12:05:0.000000    3839608.6007   -5059574.5590     579961.1060    17.1675    -7.0076     4.1896         0.10         11    18.8225
2024-05-11 12:05:30.000000    3839608.4138   -5059575.0651     579961.3144    16.9806    -7.5137     4.3980         0.10         11    18.9680
2024-05-11 12:06:0.000000    3839607.9066   -5059575.2578     579961.3987    16.4734    -7.7064     4.4823         0.10         11    18.8611
2024-05-11 12:06:30.000000    3839608.1158   -5059575.5152     579961.6280    16.6826    -7.9638     4.7116         0.10         11    18.9093
2024-05-11 12:07:0.000000    3839607.4762   -5059575.5959     579961.8615    16.0430    -8.0445     4.9451         0.10         11    18.9542
2024-05-11 12:07:30.000000    3839607.5710   -5059575.9196     579962.0397    16.1378    -8.3682     5.1233         0.10         11    18.8319
2024-05-11 12:08:0.000000    3839607.0222   -5059575.8330     579962.2930    15.5890    -8.2816     5.3766         0.10         11    19.0181
2024-05-11 12:08:30.000000    3839607.1876   -5059576.3407     579962.5617    15.7544    -8.7893     5.6453         0.10         11    18.9423
2024-05-11 12:09:0.000000    3839606.9961   -5059576.4244     579962.8740    15.5629    -8.8730     5.9576         0.10         11    18.9248
2024-05-11 12:09:30.000000    3839606.5725   -5059576.5684     579963.2099    15.1393    -9.0170     6.2935         0.10         11    18.9895
2024-05-11 12:10:0.000000    3839606.1195   -5059576.5383     579963.3105    14.6863    -8.9869     6.3941         0.10         11    19.1525
2024-05-11 12:10:30.000000    3839606.0971   -5059577.2145     579963.5003    14.6639    -9.6631     6.5839         0.10         11    19.2223
2024-05-11 12:11:0.000000    3839605.8563   -5059577.0634     579963.7340    14.4231    -9.5120     6.8176         0.10         11    19.2116
2024-05-11 12:11:30.000000    3839605.8459   -5059577.4718     579963.7679    14.4127    -9.9204     6.8515         0.10         11    19.1694
2024-05-11 12:12:0.000000    3839605.6478   -5059578.0760     579964.1216    14.2146   -10.5246     7.2052         0.10         11    19.1917
2024-05-11 12:12:30.000000    3839605.5475   -5059577.7662     579964.5086    14.1143   -10.2148     7.5922         0.10         11    19.3117
2024-05-11 12:13:0.000000    3839605.0265   -5059578.1288     579964.6501    13.5933   -10.5774     7.7337         0.10         11    19.4155
2024-05-11 12:13:30.000000    3839604.8185   -5059578.1860     579964.7757    13.3853   -10.6346     7.8593         0.10         11    19.3486
2024-05-11 12:14:0.000000    3839604.9202   -5059578.3269     579965.0657    13.4870   -10.7755     8.1493         0.10         11    19.3486
2024-05-11 12:14:30.000000    3839604.4927   -5059578.5504     579965.4172    13.0595   -10.9990     8.5008         0.10         11    19.5837
2024-05-11 12:15:0.000000    3839603.7817   -5059578.5795     579965.7569    12.3485   -11.0281     8.8405         0.10         11    19.5099
2024-05-11 12:15:30.000000    3839604.1850   -5059578.7058     579965.8219    12.7518   -11.1544     8.9055         0.10         11    19.7006
2024-05-11 12:16:0.000000    3839604.0340   -5059579.1617     579965.8581    12.6008   -11.6103     8.9417         0.10         11    19.5083
2024-05-11 12:16:30.000000    3839603.5744   -5059579.3469     579966.2817    12.1412   -11.7955     9.3653         0.10         11    19.6644
2024-05-11 12:17:0.000000    3839603.3894   -5059579.7954     579966.1971    11.9562   -12.2440     9.2807         0.10         11    19.6788
2024-05-11 12:17:30.000000    3839602.6203   -5059579.5567     579966.4039    11.1871   -12.0053     9.4875         0.10         11    19.8938
2024-05-11 12:18:0.000000    3839602.2932   -5059579.8921     579966.7207    10.8600   -12.3407     9.8043         0.10         11    19.9303
2024-05-11 12:18:30.000000    3839602.4585   -5059579.6754     579966.9978    11.0253   -12.1240    10.0814         0.10         11    20.1660
2024-05-11 12:19:0.000000    3839602.2844   -5059579.4916     579967.0042    10.8512   -11.9402    10.0878         0.10         11    20.2478
2024-05-11 12:19:30.000000    3839602.6679   -5059584.7560     579968.0915    11.2347   -17.2046    11.1751         0.12          9    19.9502
2024-05-11 12:20:0.000000    3839602.0754   -5059584.8539     579968.1304    10.6422   -17.3025    11.2140         0.12          9    20.0929
2024-05-11 12:20:30.000000    3839602.1992   -5059584.7144     579968.3016    10.7660   -17.1630    11.3852         0.12          9    20.3077
2024-05-11 12:21:0.000000    3839601.7823   -5059584.7495     579968.4948    10.3491   -17.1981    11.5784         0.11          9    20.1712
2024-05-11 12:21:30.000000    3839601.4284   -5059584.9940     579968.6595     9.9952   -17.4426    11.7431         0.12          9    20.1055
2024-05-11 12:22:0.000000    3839601.3807   -5059584.8670     579968.7642     9.9475   -17.3156    11.8478         0.11          9    20.2404
2024-05-11 12:22:30.000000    3839601.1490   -5059585.1271     579968.9742     9.7158   -17.5757    12.0578         0.11          9    20.2579
2024-05-11 12:23:0.000000    3839601.0988   -5059585.2516     579968.9227     9.6656   -17.7002    12.0063         0.12          9    20.3586
2024-05-11 12:23:30.000000    3839600.4547   -5059585.1954     579969.3078     9.0215   -17.6440    12.3914         0.11          9    20.4177
2024-05-11 12:24:0.000000    3839600.3232   -5059585.4722     579969.5978     8.8900   -17.9208    12.6814         0.11          9    20.3788
2024-05-11 12:24:30.000000    3839600.1785   -5059585.6417     579969.7367     8.7453   -18.0903    12.8203         0.12          9    20.6897
2024-05-11 12:25:0.000000    3839599.7574   -5059585.8961     579969.7299     8.3242   -18.3447    12.8135         0.11          9    20.7454
2024-05-11 12:25:30.000000    3839599.6504   -5059585.8315     579969.7911     8.2172   -18.2801    12.8747         0.11          9    20.7516
2024-05-11 12:26:0.000000    3839599.2552   -5059585.8050     579969.8320     7.8220   -18.2536    12.9156         0.11          9    20.5645
2024-05-11 12:26:30.000000    3839599.1809   -5059585.6519     579970.0528     7.7477   -18.1005    13.1364         0.11          9    20.7275
2024-05-11 12:27:0.000000    3839598.7278   -5059585.6898     579970.2332     7.2946   -18.1384    13.3168         0.11          9    20.7682
2024-05-11 12:27:30.000000    3839598.3677   -5059585.8068     579970.4179     6.9345   -18.2554    13.5015         0.11          9    20.9289
2024-05-11 12:28:0.000000    3839597.9004   -5059590.8210     579971.5577     6.4672   -23.2696    14.6413         0.12          8    17.5775
2024-05-11 12:28:30.000000    3839597.5995   -5059590.9244     579971.7387     6.1663   -23.3730    14.8223         0.12          8    17.4831
2024-05-11 12:29:0.000000    3839597.4736   -5059590.7536     579971.7521     6.0404   -23.2022    14.8357         0.12          8    17.4812
2024-05-11 12:29:30.000000    3839596.9691   -5059590.2095     579971.6350     5.5359   -22.6581    14.7186         0.12          8    17.6185
2024-05-11 12:30:0.000000    3839597.3386   -5059590.9890     579972.2696     5.9054   -23.4376    15.3532         0.12          8    17.4796
2024-05-11 12:30:30.000000    3839596.9852   -5059590.6143     579972.0098     5.5520   -23.0629    15.0934         0.12          8    17.4885
2024-05-11 12:31:0.000000    3839596.6478   -5059590.7691     579972.1798     5.2146   -23.2177    15.2634         0.12          8    17.5080
2024-05-11 12:31:30.000000    3839596.4803   -5059590.6991     579972.2108     5.0471   -23.1477    15.2944         0.12          8    17.6512
2024-05-11 12:32:0.000000    3839596.3311   -5059590.6369     579972.3157     4.8979   -23.0855    15.3993         0.12          8    17.5808
2024-05-11 12:32:30.000000    3839596.1434   -5059590.3049     579972.4416     4.7102   -22.7535    15.5252         0.12          8    17.5126
2024-05-11 12:33:0.000000    3839596.0212   -5059590.4989     579972.3989     4.5880   -22.9475    15.4825         0.12          8    17.4981
2024-05-11 12:33:30.000000    3839595.6143   -5059590.6994     579972.7502     4.1811   -23.1480    15.8338         0.12          8    17.4382
2024-05-11 12:34:0.000000    3839595.4019   -5059590.5886     579972.8926     3.9687   -23.0372    15.9762         0.12          8    17.6825
2024-05-11 12:34:30.000000    3839594.9649   -5059590.8916     579972.5274     3.5317   -23.3402    15.6110         0.12          8    17.5887
2024-05-11 12:35:0.000000    3839594.9520   -5059590.9013     579972.5949     3.5188   -23.3499    15.6785         0.12          8    17.4207
2024-05-11 12:35:30.000000    3839595.0055   -5059591.1911     579972.8668     3.5723   -23.6397    15.9504         0.12          8    17.4980
2024-05-11 12:36:0.000000    3839594.5751   -5059590.8869     579973.1130     3.1419   -23.3355    16.1966         0.12          8    17.4043
2024-05-11 12:36:30.000000    3839594.1853   -5059590.7055     579973.1536     2.7521   -23.1541    16.2372         0.12          8    17.4690
2024-05-11 12:37:0.000000    3839594.2345   -5059590.4609     579973.0628     2.8013   -22.9095    16.1464         0.12          8    17.5324
2024-05-11 12:37:30.000000    3839594.2087   -5059590.7778     579973.1639     2.7755   -23.2264    16.2475         0.12          8    17.5119
2024-05-11 12:38:0.000000    3839593.9541   -5059591.0864     579973.2813     2.5209   -23.5350    16.3649         0.12          8    17.6397
2024-05-11 12:38:30.000000    3839593.9054   -5059590.6571     579973.3955     2.4722   -23.1057    16.4791         0.12          8    17.5635
2024-05-11 12:39:0.000000    3839593.5415   -5059590.9660     579973.7234     2.1083   -23.4146    16.8070         0.12          8    17.6707
2024-05-11 12:39:30.000000    3839593.4921   -5059590.4506     579973.5949     2.0589   -22.8992    16.6785         0.12          8    17.5685
2024-05-11 12:40:0.000000    3839593.0699   -5059590.4807     579973.5067     1.6367   -22.9293    16.5903         0.12          8    17.4689
2024-05-11 12:40:30.000000    3839592.7893   -5059590.7951     579973.7210     1.3561   -23.2437    16.8046         0.12          8    17.3805
2024-05-11 12:41:0.000000    3839593.4175   -5059590.9866     579973.5747     1.9843   -23.4352    16.6583         0.12          9    16.5632
2024-05-11 12:41:30.000000    3839592.7869   -5059590.5971     579973.5506     1.3537   -23.0457    16.6342         0.12          9    16.6008
2024-05-11 12:42:0.000000    3839593.0440   -5059591.0573     579973.7181     1.6108   -23.5059    16.8017         0.12          9    16.5514
2024-05-11 12:42:30.000000    3839592.9435   -5059590.8932     579973.5296     1.5103   -23.3418    16.6132         0.12          9    16.4704
2024-05-11 12:43:0.000000    3839592.9781   -5059591.3599     579973.6971     1.5449   -23.8085    16.7807         0.12          9    16.4707
2024-05-11 12:43:30.000000    3839592.3148   -5059590.6105     579973.8619     0.8816   -23.0591    16.9455         0.12          9    16.4164
2024-05-11 12:44:0.000000    3839592.5705   -5059591.2798     579973.6530     1.1373   -23.7284    16.7366         0.12          9    16.3668
2024-05-11 12:44:30.000000    3839592.5642   -5059591.1534     579973.8631     1.1310   -23.6020    16.9467         0.12          9    16.5307
2024-05-11 12:45:0.000000    3839592.5078   -5059591.0224     579973.8459     1.0746   -23.4710    16.9295         0.12          9    16.4281
2024-05-11 12:45:30.000000    3839592.3777   -5059590.7543     579973.9728     0.9445   -23.2029    17.0564         0.12          9    16.4978
2024-05-11 12:46:0.000000    3839592.2413   -5059591.3886     579973.8155     0.8081   -23.8372    16.8991         0.12          9    16.4851
2024-05-11 12:46:30.000000    3839591.8318   -5059591.0685     579974.0764     0.3986   -23.5171    17.1600         0.12          9    16.6614
2024-05-11 12:47:0.000000    3839591.6758   -5059591.2483     579973.8242     0.2426   -23.6969    16.9078         0.12          9    16.5083
2024-05-11 12:47:30.000000    3839591.9928   -5059591.4007     579973.9656     0.5596   -23.8493    17.0492         0.12          9    16.6027
2024-05-11 12:48:0.000000    3839590.3531   -5059590.9747     579974.0237    -1.0801   -23.4233    17.1073         0.11         10    16.3024
2024-05-11 12:48:30.000000    3839589.7781   -5059590.5827     579974.2389    -1.6551   -23.0313    17.3225         0.11         10    16.2327
2024-05-11 12:49:0.000000    3839589.9838   -5059590.5034     579974.1640    -1.4494   -22.9520    17.2476         0.11         10    16.3790
2024-05-11 12:49:30.000000    3839589.9885   -5059590.7123     579974.4678    -1.4447   -23.1609    17.5514         0.11         10    16.2593
2024-05-11 12:50:0.000000    3839589.8268   -5059590.6689     579974.1004    -1.6064   -23.1175    17.1840         0.11         10    16.3366
2024-05-11 12:50:30.000000    3839589.8180   -5059591.0360     579974.4164    -1.6152   -23.4846    17.5000         0.11         10    16.2947
2024-05-11 12:51:0.000000    3839589.4589   -5059590.3928     579974.2452    -1.9743   -22.8414    17.3288         0.11         10    16.2020
2024-05-11 12:51:30.000000    3839589.7844   -5059591.0695     579974.1664    -1.6488   -23.5181    17.2500         0.11         10    16.3738
2024-05-11 12:52:0.000000    3839589.5716   -5059590.9393     579974.4422    -1.8616   -23.3879    17.5258         0.11         10    16.2644
2024-05-11 12:52:30.000000    3839589.5006   -5059590.8092     579974.3451    -1.9326   -23.2578    17.4287         0.11         10    16.4071
2024-05-11 12:53:0.000000    3839589.3496   -5059590.7721     579974.3041    -2.0836   -23.2207    17.3877         0.11         10    16.4226
2024-05-11 12:53:30.000000    3839589.6865   -5059591.3221     579973.9930    -1.7467   -23.7707    17.0766         0.11         10    16.3863
2024-05-11 12:54:0.000000    3839589.4289   -5059591.3614     579974.0290    -2.0043   -23.8100    17.1126         0.11         10    16.2707
2024-05-11 12:54:30.000000    3839589.1981   -5059591.4392     579974.1630    -2.2351   -23.8878    17.2466         0.11         10    16.2681
2024-05-11 12:55:0.000000    3839589.2719   -5059591.3994     579974.2296    -2.1613   -23.8480    17.3132         0.11         10    16.2610
2024-05-11 12:55:30.000000    3839588.9825   -5059591.3087     579974.5200    -2.4507   -23.7573    17.6036         0.11         10    16.4846
2024-05-11 12:56:0.000000    3839588.9918   -5059591.1635     579974.5874    -2.4414   -23.6121    17.6710         0.11         10    16.2910
2024-05-11 12:56:30.000000    3839589.0247   -5059591.2821     579974.3188    -2.4085   -23.7307    17.4024         0.11         10    16.2350
2024-05-11 12:57:0.000000    3839588.5450   -5059591.0534     579974.5895    -2.8882   -23.5020    17.6731         0.11         10    16.3411
2024-05-11 12:57:30.000000    3839589.1209   -5059591.5833     579974.5733    -2.3123   -24.0319    17.6569         0.11         10    16.2350
2024-05-11 12:58:0.000000    3839589.5533   -5059592.2229     579974.3727    -1.8799   -24.6715    17.4563         0.11         10    16.1438
2024-05-11 12:58:30.000000    3839588.8347   -5059591.7879     579974.3668    -2.5985   -24.2365    17.4504         0.11         10    16.2783
2024-05-11 12:59:0.000000    3839589.1946   -5059592.2251     579974.4000    -2.2386   -24.6737    17.4836         0.11         10    16.2857
2024-05-11 12:59:30.000000    3839589.2618   -5059591.9567     579974.4248    -2.1714   -24.4053    17.5084         0.11         10    16.2370
2024-05-11 13:00:0.000000    3839588.9823   -5059592.6025     579974.1739    -2.4509   -25.0511    17.2575         0.11         10    16.5297
2024-05-11 13:00:30.000000    3839579.9770   -5059591.5775     579975.4548   -11.4562   -24.0261    18.5384         0.11         10    14.6402
2024-05-11 13:01:0.000000    3839580.1736   -5059591.4525     579975.4279   -11.2596   -23.9011    18.5115         0.11         10    14.6199
2024-05-11 13:01:30.000000    3839580.0850   -5059591.7895     579975.4981   -11.3482   -24.2381    18.5817         0.11         10    14.5426
2024-05-11 13:02:0.000000    3839579.9282   -5059591.6870     579975.6033   -11.5050   -24.1356    18.6869         0.11         10    14.5677
2024-05-11 13:02:30.000000    3839580.1067   -5059591.4116     579975.5181   -11.3265   -23.8602    18.6017         0.11         10    14.6795
2024-05-11 13:03:0.000000    3839580.0512   -5059591.3567     579975.2872   -11.3820   -23.8053    18.3708         0.11         10    14.4227
2024-05-11 13:03:30.000000    3839579.6044   -5059591.3200     579975.2021   -11.8288   -23.7686    18.2857         0.11         10    14.4977
2024-05-11 13:04:0.000000    3839580.2011   -5059591.6531     579975.3022   -11.2321   -24.1017    18.3858         0.11         10    14.5112
2024-05-11 13:04:30.000000    3839580.2403   -5059592.0107     579975.2916   -11.1929   -24.4593    18.3752         0.11         10    14.7201
2024-05-11 13:05:0.000000    3839579.8521   -5059592.2594     579975.0416   -11.5811   -24.7080    18.1252         0.11         10    14.6349
2024-05-11 13:05:30.000000    3839580.2847   -5059592.4756     579974.7339   -11.1485   -24.9242    17.8175         0.11         10    14.5674
2024-05-11 13:06:0.000000    3839579.9522   -5059592.4176     579974.9620   -11.4810   -24.8662    18.0456         0.11         10    14.5302
2024-05-11 13:06:30.000000    3839580.3013   -5059592.1921     579974.8053   -11.1319   -24.6407    17.8889         0.11         10    14.5232
2024-05-11 13:07:0.000000    3839580.1120   -5059592.5657     579974.9434   -11.3212   -25.0143    18.0270         0.11         10    14.3755
2024-05-11 13:07:30.000000    3839579.7183   -5059592.5629     579975.0577   -11.7149   -25.0115    18.1413         0.11         10    14.4531
2024-05-11 13:08:0.000000    3839580.1074   -5059592.5185     579975.0479   -11.3258   -24.9671    18.1315         0.11         10    14.2996
2024-05-11 13:08:30.000000    3839579.5585   -5059592.9058     579974.9727   -11.8747   -25.3544    18.0563         0.11         10    14.5005
2024-05-11 13:09:0.000000    3839579.8777   -5059593.2969     579974.8310   -11.5555   -25.7455    17.9146         0.11         10    14.3321
2024-05-11 13:09:30.000000    3839580.3300   -5059593.4898     579974.5741   -11.1032   -25.9384    17.6577         0.11         10    14.3838
2024-05-11 13:10:0.000000    3839579.9206   -5059593.0346     579974.6340   -11.5126   -25.4832    17.7176         0.11         10    14.2739
2024-05-11 13:10:30.000000    3839580.1258   -5059593.5312     579974.9072   -11.3074   -25.9798    17.9908         0.11         10    14.4851
2024-05-11 13:11:0.000000    3839579.5487   -5059593.4363     579974.5754   -11.8845   -25.8849    17.6590         0.11         10    14.3285
2024-05-11 13:11:30.000000    3839580.3306   -5059593.6910     579974.2996   -11.1026   -26.1396    17.3832         0.11         10    14.3486
2024-05-11 13:12:0.000000    3839580.6268   -5059594.3833     579974.4608   -10.8064   -26.8319    17.5444         0.11         10    14.4776
2024-05-11 13:12:30.000000    3839580.2550   -5059594.2182     579974.4817   -11.1782   -26.6668    17.5653         0.11         10    14.3781
2024-05-11 13:13:0.000000    3839580.3714   -5059594.6039     579974.3678   -11.0618   -27.0525    17.4514         0.11         10    14.2517
2024-05-11 13:13:30.000000    3839580.1631   -5059594.1538     579974.4552   -11.2701   -26.6024    17.5388         0.11         10    14.3519
2024-05-11 13:14:0.000000    3839580.0326   -5059594.0305     579974.3977   -11.4006   -26.4791    17.4813         0.11         10    14.2772
2024-05-11 13:14:30.000000    3839580.7958   -5059594.4369     579974.5232   -10.6374   -26.8855    17.6068         0.11         10    14.2532
2024-05-11 13:15:0.000000    3839580.4555   -5059594.6211     579974.1522   -10.9777   -27.0697    17.2358         0.11         10    14.3012
2024-05-11 13:15:30.000000    3839580.4858   -5059594.7865     579974.2038   -10.9474   -27.2351    17.2874         0.12         10    14.1519
2024-05-11 13:16:0.000000    3839580.7785   -5059595.1552     579974.1602   -10.6547   -27.6038    17.2438         0.12         10    14.2982
2024-05-11 13:16:30.000000    3839581.0265   -5059595.8096     579973.9487   -10.4067   -28.2582    17.0323         0.12         10    14.4923
2024-05-11 13:17:0.000000    3839580.4506   -5059595.3967     579974.4156   -10.9826   -27.8453    17.4992         0.12         10    14.4265
2024-05-11 13:17:30.000000    3839580.7676   -5059595.5720     579973.8232   -10.6656   -28.0206    16.9068         0.12         10    14.4214
2024-05-11 13:18:0.000000    3839580.8759   -5059595.7721     579973.9404   -10.5573   -28.2207    17.0240         0.12         10    14.4774
2024-05-11 13:18:30.000000    3839580.5749   -5059595.9654     579974.0554   -10.8583   -28.4140    17.1390         0.12         10    14.2714
2024-05-11 13:19:0.000000    3839580.5540   -5059595.6033     579974.1488   -10.8792   -28.0519    17.2324         0.12         10    14.2812
2024-05-11 13:19:30.000000    3839580.7793   -5059595.8547     579973.8623   -10.6539   -28.3033    16.9459         0.12         10    14.3523
2024-05-11 13:20:0.000000    3839580.4687   -5059595.8157     579973.7324   -10.9645   -28.2643    16.8160         0.12         10    14.3047
2024-05-11 13:20:30.000000    3839580.8106   -5059596.6476     579973.9546   -10.6226   -29.0962    17.0382         0.12         10    14.4025
2024-05-11 13:21:0.000000    3839580.7185   -5059595.8090     579973.8882   -10.7147   -28.2576    16.9718         0.12         10    14.4452
2024-05-11 13:21:30.000000    3839580.8443   -5059596.2052     579973.9177   -10.5889   -28.6538    17.0013         0.12         10    14.3186
2024-05-11 13:22:0.000000    3839580.6977   -5059596.3279     579973.9516   -10.7355   -28.7765    17.0352         0.12         10    14.3473
2024-05-11 13:22:30.000000    3839580.7888   -5059596.3866     579973.8910   -10.6444   -28.8352    16.9746         0.12         10    14.4025
2024-05-11 13:23:0.000000    3839581.3328   -5059596.8455     579973.9608   -10.1004   -29.2941    17.0444         0.12         10    14.3069
2024-05-11 13:23:30.000000    3839580.9296   -5059596.8132     579973.9923   -10.5036   -29.2618    17.0759         0.12         10    14.5724
2024-05-11 13:24:0.000000    3839581.3341   -5059597.4018     579974.0041   -10.0991   -29.8504    17.0877         0.12         10    14.5563
2024-05-11 13:24:30.000000    3839580.7482   -5059596.8150     579974.0028   -10.6850   -29.2636    17.0864         0.12         10    14.4023
2024-05-11 13:25:0.000000    3839580.5414   -5059596.7506     579973.6797   -10.8918   -29.1992    16.7633         0.12         10    14.4268
2024-05-11 13:25:30.000000    3839581.0077   -5059596.9940     579973.9198   -10.4255   -29.4426    17.0034         0.12         10    14.3064
2024-05-11 13:26:0.000000    3839580.9479   -5059597.5430     579973.7527   -10.4853   -29.9916    16.8363         0.12         10    14.6211
2024-05-11 13:26:30.000000    3839580.8451   -5059597.5305     579973.8404   -10.5881   -29.9791    16.9240         0.12         10    14.4920
2024-05-11 13:27:0.000000    3839580.2334   -5059597.1478     579973.6988   -11.1998   -29.5964    16.7824         0.12         10    14.5067
2024-05-11 13:27:30.000000    3839580.8219   -5059597.6962     579973.8479   -10.6113   -30.1448    16.9315         0.12         10    14.6838
2024-05-11 13:28:0.000000    3839580.9300   -5059597.6663     579973.8422   -10.5032   -30.1149    16.9258         0.12         10    14.6365
2024-05-11 13:28:30.000000    3839580.5227   -5059597.8950     579973.7915   -10.9105   -30.3436    16.8751         0.12         10    14.6036
2024-05-11 13:29:0.000000    3839580.4007   -5059597.4736     579973.8074   -11.0325   -29.9222    16.8910         0.12         10    14.7757
2024-05-11 13:29:30.000000    3839580.5396   -5059597.8581     579973.9393   -10.8936   -30.3067    17.0229         0.12         10    14.6822
2024-05-11 13:30:0.000000    3839581.2163   -5059598.5183     579973.8016   -10.2169   -30.9669    16.8852         0.12         10    14.6932
2024-05-11 13:30:30.000000    3839580.7518   -5059598.0531     579973.8404   -10.6814   -30.5017    16.9240         0.12         10    14.7107
2024-05-11 13:31:0.000000    3839580.8461   -5059598.0232     579973.6745   -10.5871   -30.4718    16.7581         0.12         10    14.7901
2024-05-11 13:31:30.000000    3839580.9638   -5059598.3690     579973.8663   -10.4694   -30.8176    16.9499         0.12         10    14.9450
2024-05-11 13:32:0.000000    3839581.1504   -5059598.6319     579973.8633   -10.2828   -31.0805    16.9469         0.12         10    14.9269
2024-05-11 13:32:30.000000    3839580.7025   -5059598.8297     579973.7553   -10.7307   -31.2783    16.8389         0.12         10    15.0186
2024-05-11 13:33:0.000000    3839580.6786   -5059598.3218     579973.6847   -10.7546   -30.7704    16.7683         0.12         10    15.0889
2024-05-11 13:33:30.000000    3839580.7373   -5059598.4010     579973.7009   -10.6959   -30.8496    16.7845         0.12         10    15.1471
2024-05-11 13:34:0.000000    3839580.3324   -5059598.5725     579973.6969   -11.1008   -31.0211    16.7805         0.12         10    15.0379
2024-05-11 13:34:30.000000    3839580.2384   -5059598.2300     579973.5158   -11.1948   -30.6786    16.5994         0.12         10    15.1381
2024-05-11 13:35:0.000000    3839580.0311   -5059598.2461     579973.4412   -11.4021   -30.6947    16.5248         0.12         10    15.0009
2024-05-11 13:35:30.000000    3839580.1755   -5059598.4811     579973.8689   -11.2577   -30.9297    16.9525         0.12         10    15.2537
2024-05-11 13:36:0.000000    3839580.9468   -5059598.8555     579973.7609   -10.4864   -31.3041    16.8445         0.12         10    15.1612
2024-05-11 13:36:30.000000    3839580.2533   -5059598.6328     579973.5416   -11.1799   -31.0814    16.6252         0.12         10    15.2206
2024-05-11 13:37:0.000000    3839579.9214   -5059598.3796     579973.6199   -11.5118   -30.8282    16.7035         0.12         10    15.4617
2024-05-11 13:37:30.000000    3839580.5494   -5059598.7908     579973.7811   -10.8838   -31.2394    16.8647         0.12         10    15.2968
2024-05-11 13:38:0.000000    3839580.1731   -5059598.6385     579973.5606   -11.2601   -31.0871    16.6442         0.12         10    15.4908
2024-05-11 13:38:30.000000    3839579.6885   -5059598.3794     579973.6318   -11.7447   -30.8280    16.7154         0.12         10    15.3844
2024-05-11 13:39:0.000000    3839579.7952   -5059598.3072     579973.7059   -11.6380   -30.7558    16.7895         0.12         10    15.3277
2024-05-11 13:39:30.000000    3839578.7785   -5059598.3344     579973.6533   -12.6547   -30.7830    16.7369         0.12         10    15.5506
2024-05-11 13:40:0.000000    3839580.0681   -5059598.7609     579973.6125   -11.3651   -31.2095    16.6961         0.12         10    15.4452
2024-05-11 13:40:30.000000    3839580.0055   -5059598.5934     579973.5486   -11.4277   -31.0420    16.6322         0.12         10    15.5684
2024-05-11 13:41:0.000000    3839579.4147   -5059598.4775     579973.6999   -12.0185   -30.9261    16.7835         0.12         10    15.6736
2024-05-11 13:41:30.000000    3839579.1028   -5059598.3317     579973.7280   -12.3304   -30.7803    16.8116         0.12         10    15.6311
2024-05-11 13:42:0.000000    3839578.7949   -5059598.0723     579973.7167   -12.6383   -30.5209    16.8003         0.12         10    15.6820
2024-05-11 13:42:30.000000    3839579.1160   -5059598.1095     579973.3664   -12.3172   -30.5581    16.4500         0.12         10    15.7696
2024-05-11 13:43:0.000000    3839578.4454   -5059597.7247     579973.4755   -12.9878   -30.1733    16.5591         0.12         10    15.8927
2024-05-11 13:43:30.000000    3839578.0965   -5059597.8784     579973.4255   -13.3367   -30.3270    16.5091         0.12         10    15.8502
2024-05-11 13:44:0.000000    3839578.5495   -5059598.0060     579973.3835   -12.8837   -30.4546    16.4671         0.12         10    15.9155
2024-05-11 13:44:30.000000    3839578.8564   -5059598.3721     579973.4430   -12.5768   -30.8207    16.5266         0.12         10    15.8891
2024-05-11 13:45:0.000000    3839578.3981   -5059598.0225     579973.3714   -13.0351   -30.4711    16.4550         0.12         10    15.9630
2024-05-11 13:45:30.000000    3839578.1532   -5059597.7377     579973.4431   -13.2800   -30.1863    16.5267         0.12         10    15.9885
2024-05-11 13:46:0.000000    3839579.9067   -5059599.4107     579973.3413   -11.5265   -31.8593    16.4249         0.12         11    15.9733
2024-05-11 13:46:30.000000    3839579.8609   -5059599.4553     579973.1681   -11.5723   -31.9039    16.2517         0.12         11    16.0291
2024-05-11 13:47:0.000000    3839579.2065   -5059598.9710     579973.1070   -12.2267   -31.4196    16.1906         0.12         11    16.2678
2024-05-11 13:47:30.000000    3839579.4698   -5059599.0935     579973.0916   -11.9634   -31.5421    16.1752         0.12         11    16.1061
2024-05-11 13:48:0.000000    3839579.3976   -5059599.2032     579973.0192   -12.0356   -31.6518    16.1028         0.12         11    16.0925
2024-05-11 13:48:30.000000    3839579.3869   -5059599.5218     579973.1152   -12.0463   -31.9704    16.1988         0.12         11    16.1538
2024-05-11 13:49:0.000000    3839579.1901   -5059598.8346     579973.0170   -12.2431   -31.2832    16.1006         0.12         11    16.2184
2024-05-11 13:49:30.000000    3839578.9571   -5059599.0612     579972.7422   -12.4761   -31.5098    15.8258         0.12         11    16.1548
2024-05-11 13:50:0.000000    3839578.8455   -5059599.2039     579973.0665   -12.5877   -31.6525    16.1501         0.12         11    16.2971
2024-05-11 13:50:30.000000    3839578.7160   -5059599.0105     579972.8351   -12.7172   -31.4591    15.9187         0.12         11    16.4411
2024-05-11 13:51:0.000000    3839578.4390   -5059598.8638     579972.7374   -12.9942   -31.3124    15.8210         0.12         11    16.3207
2024-05-11 13:51:30.000000    3839578.9072   -5059599.5265     579972.6512   -12.5260   -31.9751    15.7348         0.12         11    16.4085
2024-05-11 13:52:0.000000    3839577.9765   -5059598.6012     579972.4844   -13.4567   -31.0498    15.5680         0.12         11    16.3425
2024-05-11 13:52:30.000000    3839578.2449   -5059599.0915     579972.4571   -13.1883   -31.5401    15.5407         0.12         11    16.6424
2024-05-11 13:53:0.000000    3839577.9854   -5059599.0412     579972.2767   -13.4478   -31.4898    15.3603         0.12         11    16.3313
2024-05-11 13:53:30.000000    3839577.7530   -5059598.6098     579972.4975   -13.6802   -31.0584    15.5811         0.12         11    16.4837
2024-05-11 13:54:0.000000    3839577.4308   -5059598.2507     579972.5380   -14.0024   -30.6993    15.6216         0.12         11    16.4632
2024-05-11 13:54:30.000000    3839577.9612   -5059599.2183     579972.3012   -13.4720   -31.6669    15.3848         0.12         11    16.4516
2024-05-11 13:55:0.000000    3839577.9738   -5059599.0121     579972.3031   -13.4594   -31.4607    15.3867         0.12         11    16.7385
2024-05-11 13:55:30.000000    3839577.4048   -5059598.0935     579972.0624   -14.0284   -30.5421    15.1460         0.12         11    16.7915
2024-05-11 13:56:0.000000    3839576.5726   -5059597.5951     579972.0643   -14.8606   -30.0437    15.1479         0.12         11    16.7326
2024-05-11 13:56:30.000000    3839576.8223   -5059597.7073     579971.9882   -14.6109   -30.1559    15.0718         0.12         11    16.6460
2024-05-11 13:57:0.000000    3839576.5699   -5059597.6192     579971.7667   -14.8633   -30.0678    14.8503         0.12         11    16.6861
2024-05-11 13:57:30.000000    3839576.0940   -5059597.4294     579971.6926   -15.3392   -29.8780    14.7762         0.12         11    16.8462
2024-05-11 13:58:0.000000    3839576.3162   -5059597.2393     579971.5952   -15.1170   -29.6879    14.6788         0.12         11    16.8592
2024-05-11 13:58:30.000000    3839575.8357   -5059597.0433     579971.3301   -15.5975   -29.4919    14.4137         0.12         11    16.9770
2024-05-11 13:59:0.000000    3839575.7367   -5059597.1307     579971.4383   -15.6965   -29.5793    14.5219         0.12         11    16.8275
2024-05-11 13:59:30.000000    3839568.7887   -5059591.3361     579967.6222   -22.6445   -23.7847    10.7058         0.09         12    20.7497
