GPS Single Point Positioning Results (without Ionosphere Correction (12:00-14:00))
====================================================================================================
Station: KOUR00GUF
Time Window: 12:00-14:00 (UTC)
Approx Position: X=3839591.4332, Y=-5059567.5514, Z=579956.9164

Epoch                             X (m)           Y (m)           Z (m)     dX (m)     dY (m)     dZ (m)   Clock (us) Satellites    RMS (m)
----------------------------------------------------------------------------------------------------
2024-05-08 12:00:0.000000    3839620.3849   -5059589.3288     579952.1861    28.9517   -21.7774    -4.7303         0.14         11    20.7563
2024-05-08 12:00:30.000000    3839619.8107   -5059589.3788     579952.3998    28.3775   -21.8274    -4.5166         0.14         11    20.6286
2024-05-08 12:01:0.000000    3839619.5823   -5059589.2378     579952.6555    28.1491   -21.6864    -4.2609         0.14         11    20.5391
2024-05-08 12:01:30.000000    3839619.7900   -5059589.7031     579952.7151    28.3568   -22.1517    -4.2013         0.14         11    20.4642
2024-05-08 12:02:0.000000    3839619.9321   -5059590.2162     579953.0685    28.4989   -22.6648    -3.8479         0.14         11    20.4730
2024-05-08 12:02:30.000000    3839619.2876   -5059590.6765     579953.2626    27.8544   -23.1251    -3.6538         0.14         11    20.4762
2024-05-08 12:03:0.000000    3839619.1514   -5059590.8667     579953.6487    27.7182   -23.3153    -3.2677         0.14         11    20.3866
2024-05-08 12:03:30.000000    3839618.9799   -5059591.2382     579953.8619    27.5467   -23.6868    -3.0545         0.14         11    20.4267
2024-05-08 12:04:0.000000    3839618.7815   -5059591.4773     579954.2748    27.3483   -23.9259    -2.6416         0.14         11    20.4794
2024-05-08 12:04:30.000000    3839618.8012   -5059591.7254     579954.2656    27.3680   -24.1740    -2.6508         0.14         11    20.4311
2024-05-08 12:05:0.000000    3839618.6036   -5059591.8918     579954.8868    27.1704   -24.3404    -2.0296         0.14         11    20.3559
2024-05-08 12:05:30.000000    3839618.5207   -5059592.1262     579954.9808    27.0875   -24.5748    -1.9356         0.14         11    20.1557
2024-05-08 12:06:0.000000    3839618.4583   -5059592.5358     579955.2688    27.0251   -24.9844    -1.6476         0.14         11    20.1769
2024-05-08 12:06:30.000000    3839618.4134   -5059592.9630     579955.5423    26.9802   -25.4116    -1.3741         0.14         11    20.2179
2024-05-08 12:07:0.000000    3839618.2884   -5059593.5569     579956.0511    26.8552   -26.0055    -0.8653         0.14         11    20.2171
2024-05-08 12:07:30.000000    3839617.8552   -5059593.5578     579956.2005    26.4220   -26.0064    -0.7159         0.14         11    20.0074
2024-05-08 12:08:0.000000    3839617.7242   -5059593.9665     579956.4031    26.2910   -26.4151    -0.5133         0.14         11    20.0157
2024-05-08 12:08:30.000000    3839617.1447   -5059593.9914     579956.5143    25.7115   -26.4400    -0.4021         0.14         11    19.9418
2024-05-08 12:09:0.000000    3839617.3425   -5059594.7456     579957.0093    25.9093   -27.1942     0.0929         0.14         11    19.8684
2024-05-08 12:09:30.000000    3839617.0804   -5059595.0769     579956.9744    25.6472   -27.5255     0.0580         0.14         11    20.0052
2024-05-08 12:10:0.000000    3839616.9465   -5059595.3420     579957.4488    25.5133   -27.7906     0.5324         0.14         11    19.9225
2024-05-08 12:10:30.000000    3839616.7360   -5059595.7429     579957.7267    25.3028   -28.1915     0.8103         0.15         11    19.8535
2024-05-08 12:11:0.000000    3839616.9338   -5059595.8435     579958.0811    25.5006   -28.2921     1.1647         0.15         11    19.9394
2024-05-08 12:11:30.000000    3839616.3818   -5059596.4362     579958.3839    24.9486   -28.8848     1.4675         0.15         11    20.0274
2024-05-08 12:12:0.000000    3839616.4112   -5059596.4595     579958.3891    24.9780   -28.9081     1.4727         0.15         11    19.8073
2024-05-08 12:12:30.000000    3839616.3299   -5059596.7870     579958.7911    24.8967   -29.2356     1.8747         0.15         11    19.8120
2024-05-08 12:13:0.000000    3839616.1289   -5059597.1405     579959.1056    24.6957   -29.5891     2.1892         0.15         11    19.7985
2024-05-08 12:13:30.000000    3839615.7606   -5059597.0639     579959.3643    24.3274   -29.5125     2.4479         0.15         11    19.8006
2024-05-08 12:14:0.000000    3839615.6224   -5059597.8732     579959.5471    24.1892   -30.3218     2.6307         0.15         11    19.8352
2024-05-08 12:14:30.000000    3839615.6380   -5059597.8389     579959.9392    24.2048   -30.2875     3.0228         0.15         11    19.7265
2024-05-08 12:15:0.000000    3839615.2308   -5059598.0269     579959.9396    23.7976   -30.4755     3.0232         0.15         11    19.9190
2024-05-08 12:15:30.000000    3839615.0222   -5059598.6036     579960.5047    23.5890   -31.0522     3.5883         0.15         11    19.8839
2024-05-08 12:16:0.000000    3839614.8969   -5059598.9863     579960.8697    23.4637   -31.4349     3.9533         0.15         11    20.0166
2024-05-08 12:16:30.000000    3839614.5767   -5059599.0979     579960.9988    23.1435   -31.5465     4.0824         0.15         11    19.8744
2024-05-08 12:17:0.000000    3839614.5429   -5059599.5349     579961.1591    23.1097   -31.9835     4.2427         0.15         11    19.9627
2024-05-08 12:17:30.000000    3839614.1220   -5059599.7964     579961.6014    22.6888   -32.2450     4.6850         0.15         11    19.9835
2024-05-08 12:18:0.000000    3839614.0359   -5059600.2403     579961.7718    22.6027   -32.6889     4.8554         0.15         11    20.1001
2024-05-08 12:18:30.000000    3839613.9447   -5059600.3535     579961.9939    22.5115   -32.8021     5.0775         0.15         11    20.0107
2024-05-08 12:19:0.000000    3839613.5300   -5059600.7389     579962.2466    22.0968   -33.1875     5.3302         0.15         11    20.1609
2024-05-08 12:19:30.000000    3839613.6506   -5059600.9068     579962.3863    22.2174   -33.3554     5.4699         0.15         11    20.2894
2024-05-08 12:20:0.000000    3839613.1737   -5059600.9328     579962.5707    21.7405   -33.3814     5.6543         0.15         11    20.1789
2024-05-08 12:20:30.000000    3839613.0880   -5059601.4172     579962.8682    21.6548   -33.8658     5.9518         0.15         11    20.2792
2024-05-08 12:21:0.000000    3839612.7209   -5059601.9097     579963.2281    21.2877   -34.3583     6.3117         0.15         11    20.2191
2024-05-08 12:21:30.000000    3839612.5639   -5059602.1653     579963.3470    21.1307   -34.6139     6.4306         0.15         11    20.3852
2024-05-08 12:22:0.000000    3839612.0927   -5059602.0942     579963.7890    20.6595   -34.5428     6.8726         0.15         11    20.4024
2024-05-08 12:22:30.000000    3839612.0440   -5059602.3691     579963.7530    20.6108   -34.8177     6.8366         0.15         11    20.5747
2024-05-08 12:23:0.000000    3839612.0164   -5059602.9397     579964.2366    20.5832   -35.3883     7.3202         0.16         11    20.6814
2024-05-08 12:23:30.000000    3839611.3088   -5059602.9104     579964.3664    19.8756   -35.3590     7.4500         0.15         11    20.6997
2024-05-08 12:24:0.000000    3839611.4305   -5059603.4765     579964.4896    19.9973   -35.9251     7.5732         0.16         11    20.9115
2024-05-08 12:24:30.000000    3839611.2017   -5059603.6936     579964.8683    19.7685   -36.1422     7.9519         0.16         11    20.6496
2024-05-08 12:25:0.000000    3839611.0473   -5059603.7375     579965.1965    19.6141   -36.1861     8.2801         0.16         11    20.9591
2024-05-08 12:25:30.000000    3839611.0946   -5059604.2603     579965.3160    19.6614   -36.7089     8.3996         0.16         11    20.8750
2024-05-08 12:26:0.000000    3839610.6404   -5059604.2232     579965.5675    19.2072   -36.6718     8.6511         0.16         11    21.0029
2024-05-08 12:26:30.000000    3839610.4132   -5059604.4880     579965.8614    18.9800   -36.9366     8.9450         0.16         11    21.1036
2024-05-08 12:27:0.000000    3839609.8608   -5059604.8811     579966.1779    18.4276   -37.3297     9.2615         0.16         11    21.1689
2024-05-08 12:27:30.000000    3839609.6722   -5059604.7459     579966.3558    18.2390   -37.1945     9.4394         0.16         11    21.1253
2024-05-08 12:28:0.000000    3839609.8848   -5059605.1005     579966.5171    18.4516   -37.5491     9.6007         0.16         11    21.2720
2024-05-08 12:28:30.000000    3839609.6380   -5059605.4875     579966.8260    18.2048   -37.9361     9.9096         0.16         11    21.3908
2024-05-08 12:29:0.000000    3839609.2567   -5059605.7133     579966.8866    17.8235   -38.1619     9.9702         0.16         11    21.4049
2024-05-08 12:29:30.000000    3839608.8715   -5059605.5982     579966.8518    17.4383   -38.0468     9.9354         0.16         11    21.3450
2024-05-08 12:30:0.000000    3839608.7909   -5059606.0317     579967.3167    17.3577   -38.4803    10.4003         0.16         11    21.6959
2024-05-08 12:30:30.000000    3839608.7323   -5059606.4193     579967.4416    17.2991   -38.8679    10.5252         0.16         11    21.8922
2024-05-08 12:31:0.000000    3839608.1823   -5059606.1545     579967.8662    16.7491   -38.6031    10.9498         0.16         11    21.8650
2024-05-08 12:31:30.000000    3839608.8098   -5059612.5683     579969.0310    17.3766   -45.0169    12.1146         0.18          9    21.0292
2024-05-08 12:32:0.000000    3839608.3255   -5059612.7700     579969.3308    16.8923   -45.2186    12.4144         0.18          9    21.0121
2024-05-08 12:32:30.000000    3839608.3545   -5059612.6104     579969.4557    16.9213   -45.0590    12.5393         0.18          9    21.1347
2024-05-08 12:33:0.000000    3839608.1141   -5059612.5693     579969.3322    16.6809   -45.0179    12.4158         0.18          9    21.0397
2024-05-08 12:33:30.000000    3839607.9197   -5059613.1931     579969.5904    16.4865   -45.6417    12.6740         0.18          9    21.2909
2024-05-08 12:34:0.000000    3839607.8341   -5059612.9528     579969.8292    16.4009   -45.4014    12.9128         0.18          9    21.1376
2024-05-08 12:34:30.000000    3839607.5703   -5059613.3072     579969.8703    16.1371   -45.7558    12.9539         0.18          9    21.3213
2024-05-08 12:35:0.000000    3839607.4734   -5059613.3003     579969.9520    16.0402   -45.7489    13.0356         0.18          9    21.2194
2024-05-08 12:35:30.000000    3839607.5934   -5059613.6367     579970.2994    16.1602   -46.0853    13.3830         0.18          9    21.4718
2024-05-08 12:36:0.000000    3839607.0256   -5059613.7604     579970.4044    15.5924   -46.2090    13.4880         0.18          9    21.3113
2024-05-08 12:36:30.000000    3839606.6891   -5059613.6475     579970.5189    15.2559   -46.0961    13.6025         0.18          9    21.5074
2024-05-08 12:37:0.000000    3839606.3033   -5059613.9213     579970.5743    14.8701   -46.3699    13.6579         0.18          9    21.3901
2024-05-08 12:37:30.000000    3839606.1351   -5059613.9742     579970.8229    14.7019   -46.4228    13.9065         0.18          9    21.6349
2024-05-08 12:38:0.000000    3839606.2990   -5059614.1040     579970.8266    14.8658   -46.5526    13.9102         0.18          9    21.5244
2024-05-08 12:38:30.000000    3839605.8830   -5059613.7404     579970.9435    14.4498   -46.1890    14.0271         0.18          9    21.4956
2024-05-08 12:39:0.000000    3839605.8301   -5059614.0312     579970.9059    14.3969   -46.4798    13.9895         0.18          9    21.7363
2024-05-08 12:39:30.000000    3839605.6439   -5059613.9959     579970.9197    14.2107   -46.4445    14.0033         0.18          9    21.6534
2024-05-08 12:40:0.000000    3839605.3854   -5059614.4004     579971.2626    13.9522   -46.8490    14.3462         0.18          9    21.7015
2024-05-08 12:40:30.000000    3839604.6367   -5059620.7601     579972.8327    13.2035   -53.2087    15.9163         0.19          8    15.1617
2024-05-08 12:41:0.000000    3839604.4174   -5059620.3274     579972.8127    12.9842   -52.7760    15.8963         0.19          8    15.2783
2024-05-08 12:41:30.000000    3839604.5529   -5059620.7279     579972.9796    13.1197   -53.1765    16.0632         0.19          8    15.1327
2024-05-08 12:42:0.000000    3839604.2280   -5059620.7654     579972.9864    12.7948   -53.2140    16.0700         0.19          8    15.2029
2024-05-08 12:42:30.000000    3839604.3831   -5059620.4003     579973.0172    12.9499   -52.8489    16.1008         0.19          8    15.0972
2024-05-08 12:43:0.000000    3839604.0975   -5059620.6351     579973.1239    12.6643   -53.0837    16.2075         0.19          8    15.1358
2024-05-08 12:43:30.000000    3839604.1605   -5059620.6673     579973.1667    12.7273   -53.1159    16.2503         0.19          8    15.0873
2024-05-08 12:44:0.000000    3839603.9231   -5059620.6846     579973.2839    12.4899   -53.1332    16.3675         0.19          8    15.2139
2024-05-08 12:44:30.000000    3839603.8265   -5059620.5868     579973.1885    12.3933   -53.0354    16.2721         0.19          8    15.1310
2024-05-08 12:45:0.000000    3839603.7727   -5059620.6809     579973.1552    12.3395   -53.1295    16.2388         0.19          8    15.0625
2024-05-08 12:45:30.000000    3839603.3643   -5059620.6633     579973.4531    11.9311   -53.1119    16.5367         0.19          8    14.9459
2024-05-08 12:46:0.000000    3839603.4790   -5059620.6639     579973.2308    12.0458   -53.1125    16.3144         0.19          8    15.1416
2024-05-08 12:46:30.000000    3839602.8857   -5059620.6037     579973.3363    11.4525   -53.0523    16.4199         0.19          8    15.0236
2024-05-08 12:47:0.000000    3839603.0785   -5059620.9034     579973.3007    11.6453   -53.3520    16.3843         0.19          8    15.0588
2024-05-08 12:47:30.000000    3839602.9844   -5059620.9974     579973.1953    11.5512   -53.4460    16.2789         0.19          8    15.0902
2024-05-08 12:48:0.000000    3839602.9957   -5059621.0282     579973.4314    11.5625   -53.4768    16.5150         0.19          8    14.9891
2024-05-08 12:48:30.000000    3839602.4440   -5059620.7059     579973.5410    11.0108   -53.1545    16.6246         0.19          8    15.0234
2024-05-08 12:49:0.000000    3839602.9683   -5059620.7572     579973.4050    11.5351   -53.2058    16.4886         0.19          8    14.9821
2024-05-08 12:49:30.000000    3839602.7149   -5059620.9662     579973.6264    11.2817   -53.4148    16.7100         0.19          8    14.9976
2024-05-08 12:50:0.000000    3839602.3523   -5059620.5329     579973.5859    10.9191   -52.9815    16.6695         0.19          8    15.0232
2024-05-08 12:50:30.000000    3839602.4563   -5059621.0341     579973.6661    11.0231   -53.4827    16.7497         0.19          8    15.0246
2024-05-08 12:51:0.000000    3839602.5060   -5059620.8953     579973.7749    11.0728   -53.3439    16.8585         0.19          8    14.9683
2024-05-08 12:51:30.000000    3839601.9121   -5059620.7781     579973.7681    10.4789   -53.2267    16.8517         0.19          8    15.0043
2024-05-08 12:52:0.000000    3839601.8374   -5059620.6785     579973.8774    10.4042   -53.1271    16.9610         0.19          8    14.9417
2024-05-08 12:52:30.000000    3839601.9335   -5059620.6421     579973.7531    10.5003   -53.0907    16.8367         0.19          8    14.9454
2024-05-08 12:53:0.000000    3839601.8559   -5059620.9779     579973.9485    10.4227   -53.4265    17.0321         0.19          8    14.8829
2024-05-08 12:53:30.000000    3839602.2509   -5059621.0698     579973.6350    10.8177   -53.5184    16.7186         0.19          9    14.0873
2024-05-08 12:54:0.000000    3839602.4255   -5059621.3605     579973.6323    10.9923   -53.8091    16.7159         0.19          9    13.9890
2024-05-08 12:54:30.000000    3839602.5968   -5059621.6111     579973.5193    11.1636   -54.0597    16.6029         0.19          9    13.9119
2024-05-08 12:55:0.000000    3839602.3964   -5059621.1763     579973.6893    10.9632   -53.6249    16.7729         0.19          9    13.8654
2024-05-08 12:55:30.000000    3839602.2233   -5059621.1864     579973.5845    10.7901   -53.6350    16.6681         0.19          9    14.0262
2024-05-08 12:56:0.000000    3839602.4128   -5059621.2438     579973.6459    10.9796   -53.6924    16.7295         0.19          9    13.9411
2024-05-08 12:56:30.000000    3839602.1508   -5059621.2613     579973.7383    10.7176   -53.7099    16.8219         0.19          9    13.9106
2024-05-08 12:57:0.000000    3839602.0544   -5059621.0982     579973.7949    10.6212   -53.5468    16.8785         0.19          9    13.9997
2024-05-08 12:57:30.000000    3839602.2844   -5059621.4321     579973.5035    10.8512   -53.8807    16.5871         0.19          9    13.9378
2024-05-08 12:58:0.000000    3839602.5403   -5059622.0545     579973.5041    11.1071   -54.5031    16.5877         0.19          9    13.6770
2024-05-08 12:58:30.000000    3839602.3615   -5059621.9988     579973.4981    10.9283   -54.4474    16.5817         0.19          9    13.8328
2024-05-08 12:59:0.000000    3839602.0348   -5059621.3935     579973.5074    10.6016   -53.8421    16.5910         0.19          9    14.0233
2024-05-08 12:59:30.000000    3839602.5810   -5059621.7414     579973.4504    11.1478   -54.1900    16.5340         0.19          9    13.9473
2024-05-08 13:00:0.000000    3839601.4503   -5059621.7140     579973.4952    10.0171   -54.1626    16.5788         0.19         10    13.6731
2024-05-08 13:00:30.000000    3839593.7565   -5059609.4111     579975.3043     2.3233   -41.8597    18.3879         0.16         10    15.6068
2024-05-08 13:01:0.000000    3839593.7039   -5059609.1040     579975.7319     2.2707   -41.5526    18.8155         0.16         10    15.5378
2024-05-08 13:01:30.000000    3839593.9837   -5059609.3960     579975.4160     2.5505   -41.8446    18.4996         0.16         10    15.3706
2024-05-08 13:02:0.000000    3839593.8400   -5059609.4782     579975.5109     2.4068   -41.9268    18.5945         0.16         10    15.4655
2024-05-08 13:02:30.000000    3839593.7391   -5059609.6006     579975.3330     2.3059   -42.0492    18.4166         0.16         10    15.4725
2024-05-08 13:03:0.000000    3839593.5963   -5059609.2534     579975.4009     2.1631   -41.7020    18.4845         0.16         10    15.5104
2024-05-08 13:03:30.000000    3839593.3887   -5059609.4362     579975.2208     1.9555   -41.8848    18.3044         0.16         10    15.4229
2024-05-08 13:04:0.000000    3839593.4953   -5059609.7233     579975.1280     2.0621   -42.1719    18.2116         0.16         10    15.3873
2024-05-08 13:04:30.000000    3839593.4238   -5059609.2302     579975.4416     1.9906   -41.6788    18.5252         0.16         10    15.3987
2024-05-08 13:05:0.000000    3839593.2036   -5059609.5961     579975.2052     1.7704   -42.0447    18.2888         0.16         10    15.4982
2024-05-08 13:05:30.000000    3839592.9477   -5059609.3663     579975.2851     1.5145   -41.8149    18.3687         0.16         10    15.4740
2024-05-08 13:06:0.000000    3839593.4132   -5059609.7105     579975.1307     1.9800   -42.1591    18.2143         0.16         10    15.4542
2024-05-08 13:06:30.000000    3839593.0060   -5059609.8027     579975.1306     1.5728   -42.2513    18.2142         0.16         10    15.4827
2024-05-08 13:07:0.000000    3839592.8779   -5059609.2859     579974.9119     1.4447   -41.7345    17.9955         0.16         10    15.5798
2024-05-08 13:07:30.000000    3839593.2129   -5059609.4745     579975.0481     1.7797   -41.9231    18.1317         0.16         10    15.3439
2024-05-08 13:08:0.000000    3839593.1585   -5059610.2796     579974.9694     1.7253   -42.7282    18.0530         0.16         10    15.4861
2024-05-08 13:08:30.000000    3839592.8614   -5059609.6127     579975.1428     1.4282   -42.0613    18.2264         0.16         10    15.3552
2024-05-08 13:09:0.000000    3839592.9447   -5059609.6942     579975.2155     1.5115   -42.1428    18.2991         0.16         10    15.3863
2024-05-08 13:09:30.000000    3839592.7857   -5059609.7628     579975.1138     1.3525   -42.2114    18.1974         0.16         10    15.2402
2024-05-08 13:10:0.000000    3839593.0720   -5059610.0678     579974.9358     1.6388   -42.5164    18.0194         0.16         10    15.2593
2024-05-08 13:10:30.000000    3839593.0818   -5059610.1389     579974.8886     1.6486   -42.5875    17.9722         0.16         10    15.3796
2024-05-08 13:11:0.000000    3839593.1055   -5059610.4747     579974.8880     1.6723   -42.9233    17.9716         0.16         10    15.3478
2024-05-08 13:11:30.000000    3839593.1482   -5059610.1594     579974.8130     1.7150   -42.6080    17.8966         0.16         10    15.3816
2024-05-08 13:12:0.000000    3839593.0856   -5059610.8093     579974.8021     1.6524   -43.2579    17.8857         0.16         10    15.2893
2024-05-08 13:12:30.000000    3839593.2347   -5059611.1651     579974.6431     1.8015   -43.6137    17.7267         0.16         10    15.2222
2024-05-08 13:13:0.000000    3839593.0491   -5059610.7757     579974.7899     1.6159   -43.2243    17.8735         0.16         10    15.2220
2024-05-08 13:13:30.000000    3839593.1952   -5059611.3101     579974.4660     1.7620   -43.7587    17.5496         0.16         10    15.2020
2024-05-08 13:14:0.000000    3839593.2911   -5059611.7394     579974.6055     1.8579   -44.1880    17.6891         0.16         10    15.2568
2024-05-08 13:14:30.000000    3839592.9941   -5059611.5748     579974.3723     1.5609   -44.0234    17.4559         0.16         10    15.1464
2024-05-08 13:15:0.000000    3839593.5000   -5059611.8973     579974.2890     2.0668   -44.3459    17.3726         0.16         10    15.1898
2024-05-08 13:15:30.000000    3839593.2958   -5059611.7187     579974.2918     1.8626   -44.1673    17.3754         0.16         10    15.1776
2024-05-08 13:16:0.000000    3839593.4582   -5059611.8787     579974.2906     2.0250   -44.3273    17.3742         0.17         10    15.0900
2024-05-08 13:16:30.000000    3839593.5431   -5059611.8905     579974.3978     2.1099   -44.3391    17.4814         0.17         10    15.2830
2024-05-08 13:17:0.000000    3839593.4703   -5059612.1136     579974.0014     2.0371   -44.5622    17.0850         0.17         10    15.1225
2024-05-08 13:17:30.000000    3839593.5557   -5059611.9864     579973.8760     2.1225   -44.4350    16.9596         0.17         10    15.1550
2024-05-08 13:18:0.000000    3839593.7194   -5059612.6167     579973.9915     2.2862   -45.0653    17.0751         0.17         10    15.1017
2024-05-08 13:18:30.000000    3839593.7637   -5059612.7106     579974.0895     2.3305   -45.1592    17.1731         0.17         10    15.0861
2024-05-08 13:19:0.000000    3839594.0643   -5059613.0987     579973.9402     2.6311   -45.5473    17.0238         0.17         10    15.2148
2024-05-08 13:19:30.000000    3839593.9873   -5059613.0163     579973.9686     2.5541   -45.4649    17.0522         0.17         10    15.1381
2024-05-08 13:20:0.000000    3839593.7707   -5059612.8557     579974.0967     2.3375   -45.3043    17.1803         0.17         10    15.1886
2024-05-08 13:20:30.000000    3839593.7706   -5059612.7983     579973.8979     2.3374   -45.2469    16.9815         0.17         10    15.0219
2024-05-08 13:21:0.000000    3839594.0576   -5059613.6809     579973.8274     2.6244   -46.1295    16.9110         0.17         10    15.1523
2024-05-08 13:21:30.000000    3839594.2679   -5059613.7947     579973.7960     2.8347   -46.2433    16.8796         0.17         10    15.0683
2024-05-08 13:22:0.000000    3839593.8397   -5059613.8625     579973.8119     2.4065   -46.3111    16.8955         0.17         10    15.0150
2024-05-08 13:22:30.000000    3839593.8243   -5059613.3876     579973.9442     2.3911   -45.8362    17.0278         0.17         10    15.1621
2024-05-08 13:23:0.000000    3839594.3387   -5059614.4035     579973.7971     2.9055   -46.8521    16.8807         0.17         10    15.1146
2024-05-08 13:23:30.000000    3839594.1956   -5059614.4303     579973.6071     2.7624   -46.8789    16.6907         0.17         10    14.9623
2024-05-08 13:24:0.000000    3839594.2466   -5059614.0991     579973.7197     2.8134   -46.5477    16.8033         0.17         10    15.0750
2024-05-08 13:24:30.000000    3839594.7588   -5059614.9256     579973.3365     3.3256   -47.3742    16.4201         0.17         10    15.1254
2024-05-08 13:25:0.000000    3839594.2314   -5059614.4423     579973.4703     2.7982   -46.8909    16.5539         0.17         10    14.9702
2024-05-08 13:25:30.000000    3839594.9606   -5059615.5807     579973.5583     3.5274   -48.0293    16.6419         0.17         10    14.9937
2024-05-08 13:26:0.000000    3839594.5532   -5059615.1183     579973.3213     3.1200   -47.5669    16.4049         0.17         10    14.9199
2024-05-08 13:26:30.000000    3839594.5581   -5059615.0338     579973.3489     3.1249   -47.4824    16.4325         0.17         10    15.0141
2024-05-08 13:27:0.000000    3839594.8557   -5059615.5410     579973.3943     3.4225   -47.9896    16.4779         0.17         10    15.0527
2024-05-08 13:27:30.000000    3839594.4203   -5059615.2434     579973.6889     2.9871   -47.6920    16.7725         0.17         10    14.9047
2024-05-08 13:28:0.000000    3839595.0320   -5059615.7241     579973.4228     3.5988   -48.1727    16.5064         0.17         10    14.9975
2024-05-08 13:28:30.000000    3839594.8727   -5059615.3739     579973.4245     3.4395   -47.8225    16.5081         0.17         10    15.0518
2024-05-08 13:29:0.000000    3839595.3607   -5059616.0539     579973.4141     3.9275   -48.5025    16.4977         0.17         10    15.0919
2024-05-08 13:29:30.000000    3839595.2034   -5059616.3719     579973.2823     3.7702   -48.8205    16.3659         0.17         10    14.9048
2024-05-08 13:30:0.000000    3839594.9193   -5059616.3502     579973.2787     3.4861   -48.7988    16.3623         0.17         10    15.0709
2024-05-08 13:30:30.000000    3839595.5080   -5059617.3085     579973.2668     4.0748   -49.7571    16.3504         0.18         10    14.9992
2024-05-08 13:31:0.000000    3839595.1209   -5059616.1090     579973.3913     3.6877   -48.5576    16.4749         0.17         10    15.0382
2024-05-08 13:31:30.000000    3839595.5545   -5059616.6470     579973.2227     4.1213   -49.0956    16.3063         0.18         10    14.9545
2024-05-08 13:32:0.000000    3839595.6154   -5059617.2035     579973.0608     4.1822   -49.6521    16.1444         0.18         10    14.9793
2024-05-08 13:32:30.000000    3839595.2227   -5059617.0883     579973.1482     3.7895   -49.5369    16.2318         0.18         10    15.0357
2024-05-08 13:33:0.000000    3839595.8259   -5059617.7816     579972.9546     4.3927   -50.2302    16.0382         0.18         10    15.0661
2024-05-08 13:33:30.000000    3839595.6081   -5059617.4549     579973.2040     4.1749   -49.9035    16.2876         0.18         10    15.0182
2024-05-08 13:34:0.000000    3839595.8851   -5059617.5144     579973.3134     4.4519   -49.9630    16.3970         0.18         10    14.9496
2024-05-08 13:34:30.000000    3839595.8135   -5059617.7456     579973.2651     4.3803   -50.1942    16.3487         0.18         10    14.9085
2024-05-08 13:35:0.000000    3839596.0600   -5059618.1516     579973.1173     4.6268   -50.6002    16.2009         0.18         10    15.0551
2024-05-08 13:35:30.000000    3839595.8454   -5059617.9339     579972.9460     4.4122   -50.3825    16.0296         0.18         10    15.0881
2024-05-08 13:36:0.000000    3839596.2024   -5059618.2123     579973.2883     4.7692   -50.6609    16.3719         0.18         10    14.9551
2024-05-08 13:36:30.000000    3839595.9063   -5059618.6944     579973.1885     4.4731   -51.1430    16.2721         0.18         10    15.0187
2024-05-08 13:37:0.000000    3839595.5942   -5059617.9950     579973.2329     4.1610   -50.4436    16.3165         0.18         10    14.9789
2024-05-08 13:37:30.000000    3839595.9687   -5059618.4040     579973.0474     4.5355   -50.8526    16.1310         0.18         10    14.9758
2024-05-08 13:38:0.000000    3839595.9196   -5059618.3370     579973.3016     4.4864   -50.7856    16.3852         0.18         10    15.1521
2024-05-08 13:38:30.000000    3839595.9983   -5059618.7057     579973.3670     4.5651   -51.1543    16.4506         0.18         10    15.1145
2024-05-08 13:39:0.000000    3839595.9595   -5059618.6932     579973.0668     4.5263   -51.1418    16.1504         0.18         10    15.1796
2024-05-08 13:39:30.000000    3839595.9457   -5059618.9000     579973.1758     4.5125   -51.3486    16.2594         0.18         10    15.1342
2024-05-08 13:40:0.000000    3839596.3456   -5059618.9287     579973.1128     4.9124   -51.3773    16.1964         0.18         10    15.0448
2024-05-08 13:40:30.000000    3839595.8659   -5059618.7415     579973.2004     4.4327   -51.1901    16.2840         0.18         10    15.0778
2024-05-08 13:41:0.000000    3839596.1206   -5059619.1443     579973.0652     4.6874   -51.5929    16.1488         0.18         10    15.1954
2024-05-08 13:41:30.000000    3839596.0352   -5059619.2076     579973.2385     4.6020   -51.6562    16.3221         0.18         10    15.2883
2024-05-08 13:42:0.000000    3839596.2151   -5059619.4270     579973.2005     4.7819   -51.8756    16.2841         0.18         10    15.1293
2024-05-08 13:42:30.000000    3839596.4547   -5059620.0098     579973.2374     5.0215   -52.4584    16.3210         0.18         10    15.3220
2024-05-08 13:43:0.000000    3839596.3209   -5059619.6643     579973.2893     4.8877   -52.1129    16.3729         0.18         10    15.2695
2024-05-08 13:43:30.000000    3839596.5893   -5059619.8902     579973.2337     5.1561   -52.3388    16.3173         0.18         10    15.2329
2024-05-08 13:44:0.000000    3839596.6312   -5059620.2706     579973.0811     5.1980   -52.7192    16.1647         0.19         10    15.3641
2024-05-08 13:44:30.000000    3839596.0848   -5059619.7809     579973.2031     4.6516   -52.2295    16.2867         0.18         10    15.4379
2024-05-08 13:45:0.000000    3839596.4064   -5059619.7457     579973.2034     4.9732   -52.1943    16.2870         0.18         10    15.5590
2024-05-08 13:45:30.000000    3839596.0522   -5059619.4467     579973.3650     4.6190   -51.8953    16.4486         0.18         10    15.4637
2024-05-08 13:46:0.000000    3839596.3201   -5059619.8596     579973.3259     4.8869   -52.3082    16.4095         0.18         10    15.4820
2024-05-08 13:46:30.000000    3839596.3541   -5059620.0210     579973.4180     4.9209   -52.4696    16.5016         0.19         10    15.3660
2024-05-08 13:47:0.000000    3839595.8385   -5059619.7037     579973.1998     4.4053   -52.1523    16.2834         0.18         10    15.5607
2024-05-08 13:47:30.000000    3839595.9441   -5059620.0128     579973.4773     4.5109   -52.4614    16.5609         0.18         10    15.5063
2024-05-08 13:48:0.000000    3839595.6069   -5059619.7118     579973.4977     4.1737   -52.1604    16.5813         0.18         10    15.5555
2024-05-08 13:48:30.000000    3839595.7732   -5059619.4229     579973.3689     4.3400   -51.8715    16.4525         0.18         10    15.6035
2024-05-08 13:49:0.000000    3839595.8896   -5059620.2117     579973.4745     4.4564   -52.6603    16.5581         0.19         10    15.7205
2024-05-08 13:49:30.000000    3839595.8031   -5059620.0346     579973.6434     4.3699   -52.4832    16.7270         0.18         10    15.6769
2024-05-08 13:50:0.000000    3839595.8374   -5059620.1189     579973.3698     4.4042   -52.5675    16.4534         0.18         10    15.7670
2024-05-08 13:50:30.000000    3839595.6837   -5059619.9672     579973.3437     4.2505   -52.4158    16.4273         0.18         10    15.7744
2024-05-08 13:51:0.000000    3839595.4225   -5059619.5986     579973.4393     3.9893   -52.0472    16.5229         0.18         10    15.7620
2024-05-08 13:51:30.000000    3839595.2518   -5059619.7182     579973.5658     3.8186   -52.1668    16.6494         0.18         10    15.8391
2024-05-08 13:52:0.000000    3839595.0979   -5059619.8327     579973.3291     3.6647   -52.2813    16.4127         0.18         10    15.8569
2024-05-08 13:52:30.000000    3839595.7396   -5059620.2866     579973.2703     4.3064   -52.7352    16.3539         0.19         10    15.8530
2024-05-08 13:53:0.000000    3839595.4124   -5059619.8575     579973.5690     3.9792   -52.3061    16.6526         0.19         10    15.9214
2024-05-08 13:53:30.000000    3839595.0148   -5059619.7673     579973.5112     3.5816   -52.2159    16.5948         0.18         10    15.9834
2024-05-08 13:54:0.000000    3839594.9015   -5059619.7721     579973.5530     3.4683   -52.2207    16.6366         0.18         10    15.8560
2024-05-08 13:54:30.000000    3839594.8932   -5059619.8555     579973.4517     3.4600   -52.3041    16.5353         0.18         10    16.1782
2024-05-08 13:55:0.000000    3839594.9121   -5059619.9626     579973.3106     3.4789   -52.4112    16.3942         0.18         10    16.1308
2024-05-08 13:55:30.000000    3839594.4003   -5059619.4132     579973.4544     2.9671   -51.8618    16.5380         0.18         10    16.1706
2024-05-08 13:56:0.000000    3839594.4194   -5059619.4497     579973.4897     2.9862   -51.8983    16.5733         0.18         10    15.9915
2024-05-08 13:56:30.000000    3839594.2828   -5059619.6487     579973.4077     2.8496   -52.0973    16.4913         0.18         10    16.0522
2024-05-08 13:57:0.000000    3839594.7707   -5059619.9338     579973.4507     3.3375   -52.3824    16.5343         0.18         10    16.1738
2024-05-08 13:57:30.000000    3839594.1390   -5059619.5054     579973.2938     2.7058   -51.9540    16.3774         0.18         10    16.1073
2024-05-08 13:58:0.000000    3839596.0887   -5059621.4777     579973.4029     4.6555   -53.9263    16.4865         0.19         11    16.2665
2024-05-08 13:58:30.000000    3839596.5274   -5059621.7567     579973.4995     5.0942   -54.2053    16.5831         0.19         11    16.3520
2024-05-08 13:59:0.000000    3839596.1069   -5059621.4890     579973.1934     4.6737   -53.9376    16.2770         0.19         11    16.3473
2024-05-08 13:59:30.000000    3839595.9033   -5059621.0943     579973.3763     4.4701   -53.5429    16.4599         0.19         11    16.3361
