GPS Single Point Positioning Results (with Klobuchar Ionosphere Model (12:00-14:00))
====================================================================================================
Station: KOUR00GUF
Time Window: 12:00-14:00 (UTC)
Approx Position: X=3839591.4332, Y=-5059567.5514, Z=579956.9164
GPS Week: 2313

Epoch                             X (m)           Y (m)           Z (m)     dX (m)     dY (m)     dZ (m)   Clock (us) Satellites    RMS (m)
----------------------------------------------------------------------------------------------------
2024-05-08 12:00:0.000000    3839629.3849   -5059582.3664     579943.1770    37.9517   -14.8150   -13.7394         0.11         10    15.8454
2024-05-08 12:00:30.000000    3839614.4151   -5059579.9552     579951.1615    22.9819   -12.4038    -5.7549         0.08         11    20.8928
2024-05-08 12:01:0.000000    3839614.1837   -5059579.8035     579951.4112    22.7505   -12.2521    -5.5052         0.08         11    20.8074
2024-05-08 12:01:30.000000    3839614.3882   -5059580.2581     579951.4649    22.9550   -12.7067    -5.4515         0.08         11    20.7408
2024-05-08 12:02:0.000000    3839614.5270   -5059580.7606     579951.8123    23.0938   -13.2092    -5.1041         0.08         11    20.7493
2024-05-08 12:02:30.000000    3839613.8792   -5059581.2103     579952.0004    22.4460   -13.6589    -4.9160         0.08         11    20.7524
2024-05-08 12:03:0.000000    3839613.7395   -5059581.3900     579952.3807    22.3063   -13.8386    -4.5357         0.08         11    20.6687
2024-05-08 12:03:30.000000    3839613.5644   -5059581.7510     579952.5879    22.1312   -14.1996    -4.3285         0.08         11    20.7128
2024-05-08 12:04:0.000000    3839613.3623   -5059581.9797     579952.9949    21.9291   -14.4283    -3.9215         0.08         11    20.7653
2024-05-08 12:04:30.000000    3839613.3783   -5059582.2175     579952.9798    21.9451   -14.6661    -3.9366         0.08         11    20.7224
2024-05-08 12:05:0.000000    3839613.1767   -5059582.3737     579953.5950    21.7435   -14.8223    -3.3214         0.08         11    20.6530
2024-05-08 12:05:30.000000    3839613.0898   -5059582.5979     579953.6831    21.6566   -15.0465    -3.2333         0.08         11    20.4558
2024-05-08 12:06:0.000000    3839613.0233   -5059582.9974     579953.9653    21.5901   -15.4460    -2.9511         0.08         11    20.4829
2024-05-08 12:06:30.000000    3839612.9742   -5059583.4146     579954.2330    21.5410   -15.8632    -2.6834         0.08         11    20.5284
2024-05-08 12:07:0.000000    3839612.8448   -5059583.9986     579954.7359    21.4116   -16.4472    -2.1805         0.09         11    20.5320
2024-05-08 12:07:30.000000    3839612.4072   -5059583.9896     579954.8795    20.9740   -16.4382    -2.0369         0.09         11    20.3303
2024-05-08 12:08:0.000000    3839612.2716   -5059584.3886     579955.0763    20.8384   -16.8372    -1.8401         0.09         11    20.3383
2024-05-08 12:08:30.000000    3839611.6874   -5059584.4038     579955.1818    20.2542   -16.8524    -1.7346         0.09         11    20.2706
2024-05-08 12:09:0.000000    3839611.8804   -5059585.1484     579955.6711    20.4472   -17.5970    -1.2453         0.09         11    20.2030
2024-05-08 12:09:30.000000    3839611.6134   -5059585.4703     579955.6305    20.1802   -17.9189    -1.2859         0.09         11    20.3449
2024-05-08 12:10:0.000000    3839611.4745   -5059585.7259     579956.0993    20.0413   -18.1745    -0.8171         0.09         11    20.2661
2024-05-08 12:10:30.000000    3839611.2589   -5059586.1175     579956.3717    19.8257   -18.5661    -0.5447         0.09         11    20.2051
2024-05-08 12:11:0.000000    3839611.4514   -5059586.2090     579956.7206    20.0182   -18.6576    -0.1958         0.09         11    20.2944
2024-05-08 12:11:30.000000    3839610.8940   -5059586.7926     579957.0179    19.4608   -19.2412     0.1015         0.09         11    20.3894
2024-05-08 12:12:0.000000    3839610.9179   -5059586.8070     579957.0177    19.4847   -19.2556     0.1013         0.09         11    20.1755
2024-05-08 12:12:30.000000    3839610.8311   -5059587.1257     579957.4144    19.3979   -19.5743     0.4980         0.09         11    20.1882
2024-05-08 12:13:0.000000    3839610.6244   -5059587.4705     579957.7236    19.1912   -19.9191     0.8072         0.09         11    20.1823
2024-05-08 12:13:30.000000    3839610.2503   -5059587.3853     579957.9771    18.8171   -19.8339     1.0607         0.09         11    20.1884
2024-05-08 12:14:0.000000    3839610.1063   -5059588.1861     579958.1548    18.6731   -20.6347     1.2384         0.09         11    20.2323
2024-05-08 12:14:30.000000    3839610.1158   -5059588.1436     579958.5419    18.6826   -20.5922     1.6255         0.09         11    20.1283
2024-05-08 12:15:0.000000    3839609.7025   -5059588.3233     579958.5373    18.2693   -20.7719     1.6209         0.09         11    20.3332
2024-05-08 12:15:30.000000    3839609.4877   -5059588.8920     579959.0975    18.0545   -21.3406     2.1811         0.09         11    20.3054
2024-05-08 12:16:0.000000    3839609.3561   -5059589.2667     579959.4577    17.9229   -21.7153     2.5413         0.09         11    20.4469
2024-05-08 12:16:30.000000    3839609.0294   -5059589.3706     579959.5821    17.5962   -21.8192     2.6657         0.09         11    20.3082
2024-05-08 12:17:0.000000    3839608.9890   -5059589.7999     579959.7378    17.5558   -22.2485     2.8214         0.09         11    20.4081
2024-05-08 12:17:30.000000    3839608.5615   -5059590.0539     579960.1756    17.1283   -22.5025     3.2592         0.09         11    20.4362
2024-05-08 12:18:0.000000    3839608.4686   -5059590.4904     579960.3416    17.0354   -22.9390     3.4252         0.09         11    20.5603
2024-05-08 12:18:30.000000    3839608.3705   -5059590.5963     579960.5593    16.9373   -23.0449     3.6429         0.09         11    20.4790
2024-05-08 12:19:0.000000    3839607.9488   -5059590.9745     579960.8079    16.5156   -23.4231     3.8915         0.09         11    20.6395
2024-05-08 12:19:30.000000    3839608.0622   -5059591.1354     579960.9435    16.6290   -23.5840     4.0271         0.10         11    20.7793
2024-05-08 12:20:0.000000    3839607.5782   -5059591.1546     579961.1239    16.1450   -23.6032     4.2075         0.09         11    20.6763
2024-05-08 12:20:30.000000    3839607.4851   -5059591.6322     579961.4174    16.0519   -24.0808     4.5010         0.10         11    20.7851
2024-05-08 12:21:0.000000    3839607.1106   -5059592.1181     579961.7735    15.6774   -24.5667     4.8571         0.10         11    20.7350
2024-05-08 12:21:30.000000    3839606.9460   -5059592.3672     579961.8888    15.5128   -24.8158     4.9724         0.10         11    20.9145
2024-05-08 12:22:0.000000    3839606.4671   -5059592.2897     579962.3271    15.0339   -24.7383     5.4107         0.10         11    20.9393
2024-05-08 12:22:30.000000    3839606.4105   -5059592.5583     579962.2878    14.9773   -25.0069     5.3714         0.10         11    21.1252
2024-05-08 12:23:0.000000    3839606.3751   -5059593.1228     579962.7680    14.9419   -25.5714     5.8516         0.10         11    21.2452
2024-05-08 12:23:30.000000    3839605.6594   -5059593.0875     579962.8946    14.2262   -25.5361     5.9782         0.10         11    21.2700
2024-05-08 12:24:0.000000    3839605.7729   -5059593.6477     579963.0147    14.3397   -26.0963     6.0983         0.10         11    21.4962
2024-05-08 12:24:30.000000    3839605.5359   -5059593.8590     579963.3905    14.1027   -26.3076     6.4741         0.10         11    21.2403
2024-05-08 12:25:0.000000    3839605.3731   -5059593.8973     579963.7158    13.9399   -26.3459     6.7994         0.10         11    21.5699
2024-05-08 12:25:30.000000    3839605.4118   -5059594.4144     579963.8326    13.9786   -26.8630     6.9162         0.10         11    21.4963
2024-05-08 12:26:0.000000    3839604.9490   -5059594.3718     579964.0815    13.5158   -26.8204     7.1651         0.10         11    21.6324
2024-05-08 12:26:30.000000    3839604.7130   -5059594.6312     579964.3730    13.2798   -27.0798     7.4566         0.10         11    21.7488
2024-05-08 12:27:0.000000    3839604.1518   -5059595.0191     579964.6872    12.7186   -27.4677     7.7708         0.10         11    21.8228
2024-05-08 12:27:30.000000    3839603.9541   -5059594.8787     579964.8629    12.5209   -27.3273     7.9465         0.10         11    21.7933
2024-05-08 12:28:0.000000    3839604.1576   -5059595.2282     579965.0222    12.7244   -27.6768     8.1058         0.10         11    21.9562
2024-05-08 12:28:30.000000    3839603.9016   -5059595.6102     579965.3291    12.4684   -28.0588     8.4127         0.10         11    22.0892
2024-05-08 12:29:0.000000    3839603.5109   -5059595.8310     579965.3879    12.0777   -28.2796     8.4715         0.10         11    22.1147
2024-05-08 12:29:30.000000    3839603.1162   -5059595.7111     579965.3514    11.6830   -28.1597     8.4350         0.10         11    22.0669
2024-05-08 12:30:0.000000    3839603.0260   -5059596.1397     579965.8148    11.5928   -28.5883     8.8984         0.10         11    22.4426
2024-05-08 12:30:30.000000    3839602.9577   -5059596.5226     579965.9383    11.5245   -28.9712     9.0219         0.10         11    22.6509
2024-05-08 12:31:0.000000    3839602.3978   -5059596.2531     579966.3616    10.9646   -28.7017     9.4452         0.10         11    22.6337
2024-05-08 12:31:30.000000    3839603.0676   -5059603.0590     579967.5551    11.6344   -35.5076    10.6387         0.12          9    21.5486
2024-05-08 12:32:0.000000    3839602.5742   -5059603.2550     579967.8525    11.1410   -35.7036    10.9361         0.12          9    21.5398
2024-05-08 12:32:30.000000    3839602.5940   -5059603.0896     579967.9751    11.1608   -35.5382    11.0587         0.12          9    21.6664
2024-05-08 12:33:0.000000    3839602.3444   -5059603.0425     579967.8493    10.9112   -35.4911    10.9329         0.12          9    21.5757
2024-05-08 12:33:30.000000    3839602.1407   -5059603.6602     579968.1053    10.7075   -36.1088    11.1889         0.12          9    21.8369
2024-05-08 12:34:0.000000    3839602.0456   -5059603.4135     579968.3419    10.6124   -35.8621    11.4255         0.12          9    21.6828
2024-05-08 12:34:30.000000    3839601.7722   -5059603.7615     579968.3808    10.3390   -36.2101    11.4644         0.12          9    21.8711
2024-05-08 12:35:0.000000    3839601.6657   -5059603.7480     579968.4605    10.2325   -36.1966    11.5441         0.12          9    21.7736
2024-05-08 12:35:30.000000    3839601.7759   -5059604.0777     579968.8058    10.3427   -36.5263    11.8894         0.12          9    22.0418
2024-05-08 12:36:0.000000    3839601.1983   -5059604.1944     579968.9088     9.7651   -36.6430    11.9924         0.12          9    21.8796
2024-05-08 12:36:30.000000    3839600.8518   -5059604.0745     579969.0213     9.4186   -36.5231    12.1049         0.12          9    22.0894
2024-05-08 12:37:0.000000    3839600.4560   -5059604.3411     579969.0749     9.0228   -36.7897    12.1585         0.12          9    21.9732
2024-05-08 12:37:30.000000    3839599.3479   -5059611.7801     579971.1444     7.9147   -44.2287    14.2280         0.13          8    15.3811
2024-05-08 12:38:0.000000    3839600.4311   -5059604.5089     579969.3236     8.9979   -36.9575    12.4072         0.12          9    22.1175
2024-05-08 12:38:30.000000    3839599.1481   -5059611.2482     579971.1563     7.7149   -43.6968    14.2399         0.13          8    15.2105
2024-05-08 12:39:0.000000    3839599.1015   -5059611.5579     579971.1054     7.6683   -44.0065    14.1890         0.13          8    15.1449
2024-05-08 12:39:30.000000    3839598.9485   -5059611.3137     579971.0518     7.5153   -43.7623    14.1354         0.13          8    15.2209
2024-05-08 12:40:0.000000    3839598.7071   -5059611.6511     579971.3615     7.2739   -44.0997    14.4451         0.13          8    15.0864
2024-05-08 12:40:30.000000    3839598.6761   -5059611.4844     579971.4054     7.2429   -43.9330    14.4890         0.13          8    15.0453
2024-05-08 12:41:0.000000    3839598.4471   -5059611.0396     579971.3824     7.0139   -43.4882    14.4660         0.13          8    15.1593
2024-05-08 12:41:30.000000    3839598.5728   -5059611.4278     579971.5465     7.1396   -43.8764    14.6301         0.13          8    15.0106
2024-05-08 12:42:0.000000    3839598.2379   -5059611.4528     579971.5505     6.8047   -43.9014    14.6341         0.13          8    15.0790
2024-05-08 12:42:30.000000    3839598.3829   -5059611.0750     579971.5787     6.9497   -43.5236    14.6623         0.13          8    14.9686
2024-05-08 12:43:0.000000    3839598.0870   -5059611.2967     579971.6829     6.6538   -43.7453    14.7665         0.13          8    15.0062
2024-05-08 12:43:30.000000    3839598.1396   -5059611.3156     579971.7233     6.7064   -43.7642    14.8069         0.13          8    14.9549
2024-05-08 12:44:0.000000    3839597.8915   -5059611.3195     579971.8382     6.4583   -43.7681    14.9218         0.13          8    15.0790
2024-05-08 12:44:30.000000    3839597.7841   -5059611.2079     579971.7406     6.3509   -43.6565    14.8242         0.13          8    14.9934
2024-05-08 12:45:0.000000    3839597.7192   -5059611.2879     579971.7053     6.2860   -43.7365    14.7889         0.13          8    14.9239
2024-05-08 12:45:30.000000    3839597.2995   -5059611.2559     579972.0013     5.8663   -43.7045    15.0849         0.13          8    14.8047
2024-05-08 12:46:0.000000    3839597.4028   -5059611.2419     579971.7772     5.9696   -43.6905    14.8608         0.13          8    14.9989
2024-05-08 12:46:30.000000    3839596.7978   -5059611.1668     579971.8811     5.3646   -43.6154    14.9647         0.13          8    14.8779
2024-05-08 12:47:0.000000    3839596.9786   -5059611.4513     579971.8440     5.5454   -43.8999    14.9276         0.13          8    14.9123
2024-05-08 12:47:30.000000    3839596.8723   -5059611.5297     579971.7372     5.4391   -43.9783    14.8208         0.13          8    14.9418
2024-05-08 12:48:0.000000    3839596.8712   -5059611.5447     579971.9722     5.4380   -43.9933    15.0558         0.13          8    14.8386
2024-05-08 12:48:30.000000    3839596.3068   -5059611.2062     579972.0806     4.8736   -43.6548    15.1642         0.13          8    14.8709
2024-05-08 12:49:0.000000    3839596.8181   -5059611.2410     579971.9438     5.3849   -43.6896    15.0274         0.13          8    14.8284
2024-05-08 12:49:30.000000    3839596.5515   -5059611.4332     579972.1644     5.1183   -43.8818    15.2480         0.13          8    14.8421
2024-05-08 12:50:0.000000    3839596.1754   -5059610.9827     579972.1233     4.7422   -43.4313    15.2069         0.13          8    14.8653
2024-05-08 12:50:30.000000    3839596.2655   -5059611.4663     579972.2030     4.8323   -43.9149    15.2866         0.13          8    14.8671
2024-05-08 12:51:0.000000    3839596.3010   -5059611.3097     579972.3115     4.8678   -43.7583    15.3951         0.13          8    14.8092
2024-05-08 12:51:30.000000    3839595.6927   -5059611.1742     579972.3045     4.2595   -43.6228    15.3881         0.13          8    14.8427
2024-05-08 12:52:0.000000    3839595.6031   -5059611.0559     579972.4139     4.1699   -43.5045    15.4975         0.13          8    14.7804
2024-05-08 12:52:30.000000    3839595.6841   -5059611.0005     579972.2897     4.2509   -43.4491    15.3733         0.12          8    14.7813
2024-05-08 12:53:0.000000    3839595.5910   -5059611.3168     579972.4855     4.1578   -43.7654    15.5691         0.13          8    14.7189
2024-05-08 12:53:30.000000    3839595.7467   -5059611.2362     579972.2506     4.3135   -43.6848    15.3342         0.13          9    13.9050
2024-05-08 12:54:0.000000    3839595.8994   -5059611.5021     579972.2502     4.4662   -43.9507    15.3338         0.13          9    13.8051
2024-05-08 12:54:30.000000    3839596.0486   -5059611.7276     579972.1396     4.6154   -44.1762    15.2232         0.13          9    13.7351
2024-05-08 12:55:0.000000    3839595.8258   -5059611.2672     579972.3121     4.3926   -43.7158    15.3957         0.13          9    13.6857
2024-05-08 12:55:30.000000    3839595.6298   -5059611.2514     579972.2100     4.1966   -43.7000    15.2936         0.13          9    13.8447
2024-05-08 12:56:0.000000    3839595.7962   -5059611.2825     579972.2741     4.3630   -43.7311    15.3577         0.13          9    13.7615
2024-05-08 12:56:30.000000    3839595.5108   -5059611.2733     579972.3694     4.0776   -43.7219    15.4530         0.12          9    13.7277
2024-05-08 12:57:0.000000    3839595.3908   -5059611.0832     579972.4289     3.9576   -43.5318    15.5125         0.12          9    13.8152
2024-05-08 12:57:30.000000    3839595.5967   -5059611.3896     579972.1406     4.1635   -43.8382    15.2242         0.12          9    13.7582
2024-05-08 12:58:0.000000    3839595.8283   -5059611.9841     579972.1443     4.3951   -44.4327    15.2279         0.13          9    13.5037
2024-05-08 12:58:30.000000    3839595.6249   -5059611.9001     579972.1415     4.1917   -44.3487    15.2251         0.13          9    13.6590
2024-05-08 12:59:0.000000    3839595.2731   -5059611.2662     579972.1541     3.8399   -43.7148    15.2377         0.12          9    13.8589
2024-05-08 12:59:30.000000    3839595.7940   -5059611.5852     579972.1006     4.3608   -44.0338    15.1842         0.12          9    13.7856
2024-05-08 13:00:0.000000    3839594.5129   -5059611.4821     579972.1485     3.0797   -43.9307    15.2321         0.12         10    13.5986
2024-05-08 13:00:30.000000    3839586.7927   -5059599.1486     579973.9613    -4.6405   -31.5972    17.0449         0.10         10    15.4636
2024-05-08 13:01:0.000000    3839586.7132   -5059598.8106     579974.3927    -4.7200   -31.2592    17.4763         0.10         10    15.4018
2024-05-08 13:01:30.000000    3839586.9661   -5059599.0713     579974.0806    -4.4671   -31.5199    17.1642         0.10         10    15.2383
2024-05-08 13:02:0.000000    3839586.7950   -5059599.1220     579974.1792    -4.6382   -31.5706    17.2628         0.10         10    15.3288
2024-05-08 13:02:30.000000    3839586.6666   -5059599.2123     579974.0052    -4.7666   -31.6609    17.0888         0.10         10    15.3337
2024-05-08 13:03:0.000000    3839586.4959   -5059598.8329     579974.0770    -4.9373   -31.2815    17.1606         0.10         10    15.3821
2024-05-08 13:03:30.000000    3839586.2603   -5059598.9831     579973.9009    -5.1729   -31.4317    16.9845         0.10         10    15.2911
2024-05-08 13:04:0.000000    3839586.3385   -5059599.2373     579973.8120    -5.0947   -31.6859    16.8956         0.10         10    15.2617
2024-05-08 13:04:30.000000    3839586.2384   -5059598.7110     579974.1296    -5.1948   -31.1596    17.2132         0.10         10    15.2785
2024-05-08 13:05:0.000000    3839585.9893   -5059599.0434     579973.8971    -5.4439   -31.4920    16.9807         0.10         10    15.3722
2024-05-08 13:05:30.000000    3839585.7044   -5059598.7799     579973.9809    -5.7288   -31.2285    17.0645         0.10         10    15.3568
2024-05-08 13:06:0.000000    3839586.1406   -5059599.0901     579973.8304    -5.2926   -31.5387    16.9140         0.10         10    15.3427
2024-05-08 13:06:30.000000    3839585.7038   -5059599.1481     579973.8342    -5.7294   -31.5967    16.9178         0.10         10    15.3646
2024-05-08 13:07:0.000000    3839585.5460   -5059598.5968     579973.6195    -5.8872   -31.0454    16.7031         0.09         10    15.4722
2024-05-08 13:07:30.000000    3839585.8510   -5059598.7507     579973.7594    -5.5822   -31.1993    16.8430         0.10         10    15.2327
2024-05-08 13:08:0.000000    3839585.7665   -5059599.5210     579973.6845    -5.6667   -31.9696    16.7681         0.10         10    15.3799
2024-05-08 13:08:30.000000    3839585.4390   -5059598.8191     579973.8615    -5.9942   -31.2677    16.9451         0.09         10    15.2536
2024-05-08 13:09:0.000000    3839585.4918   -5059598.8654     579973.9378    -5.9414   -31.3140    17.0214         0.10         10    15.2912
2024-05-08 13:09:30.000000    3839585.3022   -5059598.8987     579973.8397    -6.1310   -31.3473    16.9233         0.09         10    15.1441
2024-05-08 13:10:0.000000    3839585.5576   -5059599.1683     579973.6652    -5.8756   -31.6169    16.7488         0.10         10    15.1647
2024-05-08 13:10:30.000000    3839585.5365   -5059599.2039     579973.6213    -5.8967   -31.6525    16.7049         0.10         10    15.2912
2024-05-08 13:11:0.000000    3839585.5289   -5059599.5041     579973.6239    -5.9043   -31.9527    16.7075         0.10         10    15.2618
2024-05-08 13:11:30.000000    3839585.5404   -5059599.1531     579973.5520    -5.8928   -31.6017    16.6356         0.10         10    15.3014
2024-05-08 13:12:0.000000    3839585.4465   -5059599.7673     579973.5441    -5.9867   -32.2159    16.6277         0.10         10    15.2128
2024-05-08 13:12:30.000000    3839585.5641   -5059600.0874     579973.3879    -5.8691   -32.5360    16.4715         0.10         10    15.1475
2024-05-08 13:13:0.000000    3839585.3470   -5059599.6623     579973.5374    -6.0862   -32.1109    16.6210         0.10         10    15.1493
2024-05-08 13:13:30.000000    3839585.4614   -5059600.1610     579973.2160    -5.9718   -32.6096    16.2996         0.10         10    15.1374
2024-05-08 13:14:0.000000    3839585.5257   -5059600.5547     579973.3578    -5.9075   -33.0033    16.4414         0.10         10    15.1946
2024-05-08 13:14:30.000000    3839585.1969   -5059600.3545     579973.1268    -6.2363   -32.8031    16.2104         0.10         10    15.0886
2024-05-08 13:15:0.000000    3839585.6711   -5059600.6414     579973.0456    -5.7621   -33.0900    16.1292         0.10         10    15.1371
2024-05-08 13:15:30.000000    3839585.4351   -5059600.4274     579973.0501    -5.9981   -32.8760    16.1337         0.10         10    15.1265
2024-05-08 13:16:0.000000    3839585.5657   -5059600.5522     579973.0505    -5.8675   -33.0008    16.1341         0.10         10    15.0472
2024-05-08 13:16:30.000000    3839585.6189   -5059600.5289     579973.1592    -5.8143   -32.9775    16.2428         0.10         10    15.2452
2024-05-08 13:17:0.000000    3839585.5144   -5059600.7170     579972.7639    -5.9188   -33.1656    15.8475         0.10         10    15.0854
2024-05-08 13:17:30.000000    3839585.5680   -5059600.5552     579972.6395    -5.8652   -33.0038    15.7231         0.10         10    15.1232
2024-05-08 13:18:0.000000    3839585.7001   -5059601.1508     579972.7557    -5.7331   -33.5994    15.8393         0.10         10    15.0736
2024-05-08 13:18:30.000000    3839585.7129   -5059601.2105     579972.8542    -5.7203   -33.6591    15.9378         0.10         10    15.0619
2024-05-08 13:19:0.000000    3839585.9819   -5059601.5645     579972.7052    -5.4513   -34.0131    15.7888         0.10         10    15.1993
2024-05-08 13:19:30.000000    3839585.8735   -5059601.4483     579972.7336    -5.5597   -33.8969    15.8172         0.10         10    15.1248
2024-05-08 13:20:0.000000    3839585.6257   -5059601.2542     579972.8614    -5.8075   -33.7028    15.9450         0.10         10    15.1799
2024-05-08 13:20:30.000000    3839585.5944   -5059601.1635     579972.6620    -5.8388   -33.6121    15.7456         0.10         10    15.0156
2024-05-08 13:21:0.000000    3839585.8504   -5059602.0132     579972.5908    -5.5828   -34.4618    15.6744         0.10         10    15.1510
2024-05-08 13:21:30.000000    3839586.0299   -5059602.0944     579972.5584    -5.4033   -34.5430    15.6420         0.10         10    15.0677
2024-05-08 13:22:0.000000    3839585.5709   -5059602.1300     579972.5730    -5.8623   -34.5786    15.6566         0.10         10    15.0211
2024-05-08 13:22:30.000000    3839585.5251   -5059601.6231     579972.7037    -5.9081   -34.0717    15.7873         0.10         10    15.1754
2024-05-08 13:23:0.000000    3839586.0091   -5059602.6075     579972.5548    -5.4241   -35.0561    15.6384         0.10         10    15.1314
2024-05-08 13:23:30.000000    3839585.8359   -5059602.6032     579972.3627    -5.5973   -35.0518    15.4463         0.10         10    14.9799
2024-05-08 13:24:0.000000    3839585.8570   -5059602.2412     579972.4729    -5.5762   -34.6898    15.5565         0.10         10    15.0990
2024-05-08 13:24:30.000000    3839586.3395   -5059603.0373     579972.0870    -5.0937   -35.4859    15.1706         0.10         10    15.1525
2024-05-08 13:25:0.000000    3839585.7827   -5059602.5240     579972.2180    -5.6505   -34.9726    15.3016         0.10         10    15.0001
2024-05-08 13:25:30.000000    3839586.4826   -5059603.6328     579972.3028    -4.9506   -36.0814    15.3864         0.10         10    15.0304
2024-05-08 13:26:0.000000    3839586.0462   -5059603.1412     579972.0623    -5.3870   -35.5898    15.1459         0.10         10    14.9580
2024-05-08 13:26:30.000000    3839586.0224   -5059603.0280     579972.0861    -5.4108   -35.4766    15.1697         0.10         10    15.0544
2024-05-08 13:27:0.000000    3839586.2915   -5059603.5068     579972.1275    -5.1417   -35.9554    15.2111         0.10         10    15.0986
2024-05-08 13:27:30.000000    3839585.8280   -5059603.1813     579972.4178    -5.6052   -35.6299    15.5014         0.10         10    14.9558
2024-05-08 13:28:0.000000    3839586.4117   -5059603.6345     579972.1472    -5.0215   -36.0831    15.2308         0.10         10    15.0517
2024-05-08 13:28:30.000000    3839586.2248   -5059603.2572     579972.1441    -5.2084   -35.7058    15.2277         0.10         10    15.1091
2024-05-08 13:29:0.000000    3839586.6854   -5059603.9105     579972.1286    -4.7478   -36.3591    15.2122         0.10         10    15.1518
2024-05-08 13:29:30.000000    3839586.5011   -5059604.2022     579971.9915    -4.9321   -36.6508    15.0751         0.10         10    14.9715
2024-05-08 13:30:0.000000    3839586.1903   -5059604.1547     579971.9823    -5.2429   -36.6033    15.0659         0.10         10    15.1390
2024-05-08 13:30:30.000000    3839586.7525   -5059605.0875     579971.9646    -4.6807   -37.5361    15.0482         0.11         10    15.0728
2024-05-08 13:31:0.000000    3839586.3392   -5059603.8629     579972.0830    -5.0940   -36.3115    15.1666         0.10         10    15.1135
2024-05-08 13:31:30.000000    3839586.7469   -5059604.3762     579971.9082    -4.6863   -36.8248    14.9918         0.11         10    15.0367
2024-05-08 13:32:0.000000    3839586.7822   -5059604.9084     579971.7397    -4.6510   -37.3570    14.8233         0.11         10    15.0652
2024-05-08 13:32:30.000000    3839586.3643   -5059604.7694     579971.8203    -5.0689   -37.2180    14.9039         0.11         10    15.1240
2024-05-08 13:33:0.000000    3839586.9425   -5059605.4390     579971.6198    -4.4907   -37.8876    14.7034         0.11         10    15.1559
2024-05-08 13:33:30.000000    3839586.7000   -5059605.0892     579971.8620    -4.7332   -37.5378    14.9456         0.11         10    15.1130
2024-05-08 13:34:0.000000    3839586.9526   -5059605.1258     579971.9641    -4.4806   -37.5744    15.0477         0.11         10    15.0486
2024-05-08 13:34:30.000000    3839586.8569   -5059605.3345     579971.9081    -4.5763   -37.7831    14.9917         0.11         10    15.0108
2024-05-08 13:35:0.000000    3839587.0796   -5059605.7183     579971.7525    -4.3536   -38.1669    14.8361         0.11         10    15.1573
2024-05-08 13:35:30.000000    3839586.8414   -5059605.4787     579971.5732    -4.5918   -37.9273    14.6568         0.11         10    15.1936
2024-05-08 13:36:0.000000    3839587.1751   -5059605.7354     579971.9073    -4.2581   -38.1840    14.9909         0.11         10    15.0636
2024-05-08 13:36:30.000000    3839586.8560   -5059606.1963     579971.7992    -4.5772   -38.6449    14.8828         0.11         10    15.1301
2024-05-08 13:37:0.000000    3839586.5212   -5059605.4757     579971.8350    -4.9120   -37.9243    14.9186         0.11         10    15.0916
2024-05-08 13:37:30.000000    3839586.8734   -5059605.8639     579971.6408    -4.5598   -38.3125    14.7244         0.11         10    15.0951
2024-05-08 13:38:0.000000    3839586.8020   -5059605.7763     579971.8861    -4.6312   -38.2249    14.9697         0.11         10    15.2751
2024-05-08 13:38:30.000000    3839586.8588   -5059606.1247     579971.9425    -4.5744   -38.5733    15.0261         0.11         10    15.2375
2024-05-08 13:39:0.000000    3839586.7984   -5059606.0921     579971.6331    -4.6348   -38.5407    14.7167         0.11         10    15.3051
2024-05-08 13:39:30.000000    3839586.7631   -5059606.2789     579971.7327    -4.6701   -38.7275    14.8163         0.11         10    15.2660
2024-05-08 13:40:0.000000    3839587.1419   -5059606.2878     579971.6602    -4.2913   -38.7364    14.7438         0.11         10    15.1762
2024-05-08 13:40:30.000000    3839586.6413   -5059606.0811     579971.7383    -4.7919   -38.5297    14.8219         0.11         10    15.2133
2024-05-08 13:41:0.000000    3839586.8753   -5059606.4644     579971.5933    -4.5579   -38.9130    14.6769         0.11         10    15.3321
2024-05-08 13:41:30.000000    3839586.7694   -5059606.5083     579971.7567    -4.6638   -38.9569    14.8403         0.11         10    15.4280
2024-05-08 13:42:0.000000    3839586.9290   -5059606.7086     579971.7088    -4.5042   -39.1572    14.7924         0.11         10    15.2746
2024-05-08 13:42:30.000000    3839587.1485   -5059607.2722     579971.7356    -4.2847   -39.7208    14.8192         0.11         10    15.4720
2024-05-08 13:43:0.000000    3839586.9949   -5059606.9077     579971.7772    -4.4383   -39.3563    14.8608         0.11         10    15.4222
2024-05-08 13:43:30.000000    3839587.2436   -5059607.1147     579971.7113    -4.1896   -39.5633    14.7949         0.11         10    15.3860
2024-05-08 13:44:0.000000    3839587.2661   -5059607.4762     579971.5482    -4.1671   -39.9248    14.6318         0.11         10    15.5182
2024-05-08 13:44:30.000000    3839586.7004   -5059606.9676     579971.6598    -4.7328   -39.4162    14.7434         0.11         10    15.5936
2024-05-08 13:45:0.000000    3839587.0029   -5059606.9136     579971.6494    -4.4303   -39.3622    14.7330         0.11         10    15.7183
2024-05-08 13:45:30.000000    3839586.6299   -5059606.5959     579971.8003    -4.8033   -39.0445    14.8839         0.11         10    15.6227
2024-05-08 13:46:0.000000    3839586.8790   -5059606.9901     579971.7504    -4.5542   -39.4387    14.8340         0.11         10    15.6415
2024-05-08 13:46:30.000000    3839586.8944   -5059607.1327     579971.8316    -4.5388   -39.5813    14.9152         0.11         10    15.5264
2024-05-08 13:47:0.000000    3839586.3604   -5059606.7966     579971.6024    -5.0728   -39.2452    14.6860         0.11         10    15.7226
2024-05-08 13:47:30.000000    3839586.4478   -5059607.0869     579971.8689    -4.9854   -39.5355    14.9525         0.11         10    15.6741
2024-05-08 13:48:0.000000    3839586.0924   -5059606.7671     579971.8781    -5.3408   -39.2157    14.9617         0.11         10    15.7230
2024-05-08 13:48:30.000000    3839586.2407   -5059606.4593     579971.7381    -5.1925   -38.9079    14.8217         0.11         10    15.7819
2024-05-08 13:49:0.000000    3839586.3392   -5059607.2292     579971.8324    -5.0940   -39.6778    14.9160         0.11         10    15.8984
2024-05-08 13:49:30.000000    3839586.2350   -5059607.0331     579971.9901    -5.1982   -39.4817    15.0737         0.11         10    15.8501
2024-05-08 13:50:0.000000    3839586.2518   -5059607.0982     579971.7050    -5.1814   -39.5468    14.7886         0.11         10    15.9421
2024-05-08 13:50:30.000000    3839586.0806   -5059606.9274     579971.6675    -5.3526   -39.3760    14.7511         0.11         10    15.9545
2024-05-08 13:51:0.000000    3839585.8021   -5059606.5395     579971.7516    -5.6311   -38.9881    14.8352         0.11         10    15.9414
2024-05-08 13:51:30.000000    3839585.6141   -5059606.6397     579971.8666    -5.8191   -39.0883    14.9502         0.11         10    16.0193
2024-05-08 13:52:0.000000    3839585.4431   -5059606.7347     579971.6182    -5.9901   -39.1833    14.7018         0.11         10    16.0369
2024-05-08 13:52:30.000000    3839586.0678   -5059607.1690     579971.5478    -5.3654   -39.6176    14.6314         0.11         10    16.0384
2024-05-08 13:53:0.000000    3839585.7237   -5059606.7202     579971.8348    -5.7095   -39.1688    14.9184         0.11         10    16.1063
2024-05-08 13:53:30.000000    3839585.3093   -5059606.6101     579971.7652    -6.1239   -39.0587    14.8488         0.11         10    16.1687
2024-05-08 13:54:0.000000    3839585.1794   -5059606.5948     579971.7952    -6.2538   -39.0434    14.8788         0.11         10    16.0466
2024-05-08 13:54:30.000000    3839585.1545   -5059606.6580     579971.6821    -6.2787   -39.1066    14.7657         0.11         10    16.3702
2024-05-08 13:55:0.000000    3839585.1569   -5059606.7448     579971.5291    -6.2763   -39.1934    14.6127         0.11         10    16.3205
2024-05-08 13:55:30.000000    3839584.6288   -5059606.1750     579971.6610    -6.8044   -38.6236    14.7446         0.11         10    16.3673
2024-05-08 13:56:0.000000    3839584.6316   -5059606.1908     579971.6843    -6.8016   -38.6394    14.7679         0.11         10    16.1887
2024-05-08 13:56:30.000000    3839584.4789   -5059606.3690     579971.5904    -6.9543   -38.8176    14.6740         0.11         10    16.2473
2024-05-08 13:57:0.000000    3839584.9507   -5059606.6331     579971.6214    -6.4825   -39.0817    14.7050         0.11         10    16.3694
2024-05-08 13:57:30.000000    3839584.3030   -5059606.1836     579971.4524    -7.1302   -38.6322    14.5360         0.11         10    16.3031
2024-05-08 13:58:0.000000    3839586.1673   -5059608.0702     579971.5537    -5.2659   -40.5188    14.6373         0.11         11    16.3994
2024-05-08 13:58:30.000000    3839586.5900   -5059608.3276     579971.6381    -4.8432   -40.7762    14.7217         0.12         11    16.4845
2024-05-08 13:59:0.000000    3839586.1536   -5059608.0381     579971.3199    -5.2796   -40.4867    14.4035         0.11         11    16.4843
2024-05-08 13:59:30.000000    3839585.9344   -5059607.6215     579971.4906    -5.4988   -40.0701    14.5742         0.11         11    16.4727
