GPS Single Point Positioning Results (without Ionosphere Correction (12:00-14:00))
====================================================================================================
Station: KOUR00GUF
Time Window: 12:00-14:00 (UTC)
Approx Position: X=3839591.4332, Y=-5059567.5514, Z=579956.9164

Epoch                             X (m)           Y (m)           Z (m)     dX (m)     dY (m)     dZ (m)   Clock (us) Satellites    RMS (m)
----------------------------------------------------------------------------------------------------
2024-05-11 12:00:0.000000    3839616.9888   -5059583.3527     579960.0168    25.5556   -15.8013     3.1004         0.16         11    18.6004
2024-05-11 12:00:30.000000    3839617.1044   -5059583.7700     579960.6695    25.6712   -16.2186     3.7531         0.17         11    18.5440
2024-05-11 12:01:0.000000    3839616.7708   -5059584.1937     579960.7386    25.3376   -16.6423     3.8222         0.17         11    18.5065
2024-05-11 12:01:30.000000    3839616.3645   -5059584.3715     579961.1676    24.9313   -16.8201     4.2512         0.17         11    18.4314
2024-05-11 12:02:0.000000    3839616.5619   -5059585.0012     579961.2071    25.1287   -17.4498     4.2907         0.17         11    18.4789
2024-05-11 12:02:30.000000    3839616.4461   -5059584.8642     579961.5839    25.0129   -17.3128     4.6675         0.17         11    18.3942
2024-05-11 12:03:0.000000    3839616.0610   -5059584.9435     579961.8243    24.6278   -17.3921     4.9079         0.17         11    18.5715
2024-05-11 12:03:30.000000    3839615.8665   -5059585.4379     579962.1978    24.4333   -17.8865     5.2814         0.17         11    18.6076
2024-05-11 12:04:0.000000    3839615.6693   -5059585.6520     579962.5146    24.2361   -18.1006     5.5982         0.17         11    18.3941
2024-05-11 12:04:30.000000    3839615.1733   -5059585.8539     579962.6254    23.7401   -18.3025     5.7090         0.17         11    18.3889
2024-05-11 12:05:0.000000    3839615.1009   -5059585.8314     579962.9430    23.6677   -18.2800     6.0266         0.17         11    18.4668
2024-05-11 12:05:30.000000    3839614.9206   -5059586.3447     579963.1570    23.4874   -18.7933     6.2406         0.17         11    18.6019
2024-05-11 12:06:0.000000    3839614.4202   -5059586.5444     579963.2468    22.9870   -18.9930     6.3304         0.17         11    18.4912
2024-05-11 12:06:30.000000    3839614.6364   -5059586.8087     579963.4813    23.2032   -19.2573     6.5649         0.17         11    18.5301
2024-05-11 12:07:0.000000    3839614.0037   -5059586.8961     579963.7201    22.5705   -19.3447     6.8037         0.17         11    18.5608
2024-05-11 12:07:30.000000    3839614.1057   -5059587.2263     579963.9033    22.6725   -19.6749     6.9869         0.17         11    18.4388
2024-05-11 12:08:0.000000    3839613.5642   -5059587.1459     579964.1616    22.1310   -19.5945     7.2452         0.17         11    18.6132
2024-05-11 12:08:30.000000    3839613.7371   -5059587.6599     579964.4351    22.3039   -20.1085     7.5187         0.17         11    18.5262
2024-05-11 12:09:0.000000    3839613.5531   -5059587.7496     579964.7520    22.1199   -20.1982     7.8356         0.17         11    18.4996
2024-05-11 12:09:30.000000    3839613.1374   -5059587.8994     579965.0924    21.7042   -20.3480     8.1760         0.17         11    18.5522
2024-05-11 12:10:0.000000    3839612.6922   -5059587.8750     579965.1975    21.2590   -20.3236     8.2811         0.17         11    18.7055
2024-05-11 12:10:30.000000    3839612.6777   -5059588.5568     579965.3915    21.2445   -21.0054     8.4751         0.17         11    18.7593
2024-05-11 12:11:0.000000    3839612.4451   -5059588.4111     579965.6292    21.0119   -20.8597     8.7128         0.17         11    18.7413
2024-05-11 12:11:30.000000    3839612.4430   -5059588.8248     579965.6670    21.0098   -21.2734     8.7506         0.17         11    18.6907
2024-05-11 12:12:0.000000    3839612.2533   -5059589.4340     579966.0246    20.8201   -21.8826     9.1082         0.17         11    18.6959
2024-05-11 12:12:30.000000    3839612.1615   -5059589.1292     579966.4152    20.7283   -21.5778     9.4988         0.17         11    18.8031
2024-05-11 12:13:0.000000    3839611.6493   -5059589.4966     579966.5601    20.2161   -21.9452     9.6437         0.17         11    18.8935
2024-05-11 12:13:30.000000    3839611.4501   -5059589.5585     579966.6890    20.0169   -22.0071     9.7726         0.17         11    18.8167
2024-05-11 12:14:0.000000    3839611.5608   -5059589.7040     579966.9822    20.1276   -22.1526    10.0658         0.17         11    18.8021
2024-05-11 12:14:30.000000    3839611.1424   -5059589.9319     579967.3367    19.7092   -22.3805    10.4203         0.17         11    19.0170
2024-05-11 12:15:0.000000    3839610.4406   -5059589.9654     579967.6792    19.0074   -22.4140    10.7628         0.17         11    18.9338
2024-05-11 12:15:30.000000    3839610.8534   -5059590.0958     579967.7469    19.4202   -22.5444    10.8305         0.17         11    19.0947
2024-05-11 12:16:0.000000    3839610.7119   -5059590.5558     579967.7856    19.2787   -23.0044    10.8692         0.17         11    18.9093
2024-05-11 12:16:30.000000    3839610.2621   -5059590.7450     579968.2115    18.8289   -23.1936    11.2951         0.17         11    19.0470
2024-05-11 12:17:0.000000    3839610.0869   -5059591.1974     579968.1290    18.6537   -23.6460    11.2126         0.17         11    19.0525
2024-05-11 12:17:30.000000    3839609.3278   -5059590.9624     579968.3379    17.8946   -23.4110    11.4215         0.17         11    19.2416
2024-05-11 12:18:0.000000    3839609.0108   -5059591.3016     579968.6565    17.5776   -23.7502    11.7401         0.17         11    19.2673
2024-05-11 12:18:30.000000    3839609.1863   -5059591.0885     579968.9353    17.7531   -23.5371    12.0189         0.17         11    19.4781
2024-05-11 12:19:0.000000    3839609.0227   -5059590.9082     579968.9433    17.5895   -23.3568    12.0269         0.17         11    19.5410
2024-05-11 12:19:30.000000    3839609.3639   -5059595.7345     579969.9792    17.9307   -28.1831    13.0628         0.18          9    19.5175
2024-05-11 12:20:0.000000    3839608.7808   -5059595.8373     579970.0210    17.3476   -28.2859    13.1046         0.18          9    19.6459
2024-05-11 12:20:30.000000    3839608.9142   -5059595.7029     579970.1952    17.4810   -28.1515    13.2788         0.18          9    19.8460
2024-05-11 12:21:0.000000    3839608.5071   -5059595.7433     579970.3913    17.0739   -28.1919    13.4749         0.18          9    19.7149
2024-05-11 12:21:30.000000    3839608.1630   -5059595.9933     579970.5589    16.7298   -28.4419    13.6425         0.18          9    19.6375
2024-05-11 12:22:0.000000    3839608.1252   -5059595.8719     579970.6664    16.6920   -28.3205    13.7500         0.18          9    19.7738
2024-05-11 12:22:30.000000    3839607.9035   -5059596.1377     579970.8792    16.4703   -28.5863    13.9628         0.18          9    19.7875
2024-05-11 12:23:0.000000    3839607.8635   -5059596.2682     579970.8303    16.4303   -28.7168    13.9139         0.18          9    19.8656
2024-05-11 12:23:30.000000    3839607.2297   -5059596.2180     579971.2181    15.7965   -28.6666    14.3017         0.18          9    19.9183
2024-05-11 12:24:0.000000    3839607.1085   -5059596.5011     579971.5107    15.6753   -28.9497    14.5943         0.18          9    19.8777
2024-05-11 12:24:30.000000    3839606.9744   -5059596.6770     579971.6520    15.5412   -29.1256    14.7356         0.18          9    20.1762
2024-05-11 12:25:0.000000    3839606.5639   -5059596.9380     579971.6477    15.1307   -29.3866    14.7313         0.18          9    20.2222
2024-05-11 12:25:30.000000    3839606.4677   -5059596.8802     579971.7113    15.0345   -29.3288    14.7949         0.18          9    20.2285
2024-05-11 12:26:0.000000    3839606.0834   -5059596.8606     579971.7544    14.6502   -29.3092    14.8380         0.18          9    20.0382
2024-05-11 12:26:30.000000    3839606.0202   -5059596.7148     579971.9774    14.5870   -29.1634    15.0610         0.18          9    20.1829
2024-05-11 12:27:0.000000    3839605.5783   -5059596.7600     579972.1599    14.1451   -29.2086    15.2435         0.18          9    20.2152
2024-05-11 12:27:30.000000    3839605.2295   -5059596.8846     579972.3466    13.7963   -29.3332    15.4302         0.18          9    20.3737
2024-05-11 12:28:0.000000    3839604.8202   -5059601.4822     579973.3888    13.3870   -33.9308    16.4724         0.19          8    17.6816
2024-05-11 12:28:30.000000    3839604.5292   -5059601.5974     579973.5736    13.0960   -34.0460    16.6572         0.19          8    17.5890
2024-05-11 12:29:0.000000    3839604.4134   -5059601.4385     579973.5906    12.9802   -33.8871    16.6742         0.19          8    17.5890
2024-05-11 12:29:30.000000    3839603.9192   -5059600.9068     579973.4771    12.4860   -33.3554    16.5607         0.19          8    17.7266
2024-05-11 12:30:0.000000    3839604.2992   -5059601.6987     579974.1150    12.8660   -34.1473    17.1986         0.19          8    17.5898
2024-05-11 12:30:30.000000    3839603.9563   -5059601.3369     579973.8585    12.5231   -33.7855    16.9421         0.19          8    17.6014
2024-05-11 12:31:0.000000    3839603.6298   -5059601.5047     579974.0318    12.1966   -33.9533    17.1154         0.19          8    17.6232
2024-05-11 12:31:30.000000    3839603.4732   -5059601.4481     579974.0658    12.0400   -33.8967    17.1494         0.19          8    17.7672
2024-05-11 12:32:0.000000    3839603.3353   -5059601.3995     579974.1735    11.9021   -33.8481    17.2571         0.19          8    17.7006
2024-05-11 12:32:30.000000    3839603.1589   -5059601.0815     579974.3022    11.7257   -33.5301    17.3858         0.19          8    17.6309
2024-05-11 12:33:0.000000    3839603.0484   -5059601.2898     579974.2621    11.6152   -33.7384    17.3457         0.19          8    17.6198
2024-05-11 12:33:30.000000    3839602.6533   -5059601.5048     579974.6158    11.2201   -33.9534    17.6994         0.19          8    17.5587
2024-05-11 12:34:0.000000    3839602.4530   -5059601.4089     579974.7605    11.0198   -33.8575    17.8441         0.19          8    17.8064
2024-05-11 12:34:30.000000    3839602.0284   -5059601.7272     579974.3974    10.5952   -34.1758    17.4810         0.19          8    17.7133
2024-05-11 12:35:0.000000    3839602.0282   -5059601.7524     579974.4668    10.5950   -34.2010    17.5504         0.19          8    17.5467
2024-05-11 12:35:30.000000    3839602.0946   -5059602.0582     579974.7405    10.6614   -34.5068    17.8241         0.19          8    17.6263
2024-05-11 12:36:0.000000    3839601.6773   -5059601.7703     579974.9884    10.2441   -34.2189    18.0720         0.19          8    17.5314
2024-05-11 12:36:30.000000    3839601.3010   -5059601.6055     579975.0305     9.8678   -34.0541    18.1141         0.19          8    17.5994
2024-05-11 12:37:0.000000    3839601.3639   -5059601.3779     579974.9410     9.9307   -33.8265    18.0246         0.19          8    17.6630
2024-05-11 12:37:30.000000    3839601.3523   -5059601.7123     579975.0432     9.9191   -34.1609    18.1268         0.19          8    17.6431
2024-05-11 12:38:0.000000    3839601.1121   -5059602.0388     579975.1615     9.6789   -34.4874    18.2451         0.19          8    17.7725
2024-05-11 12:38:30.000000    3839601.0782   -5059601.6277     579975.2765     9.6450   -34.0763    18.3601         0.19          8    17.6959
2024-05-11 12:39:0.000000    3839600.7294   -5059601.9552     579975.6050     9.2962   -34.4038    18.6886         0.19          8    17.8063
2024-05-11 12:39:30.000000    3839600.6955   -5059601.4589     579975.4768     9.2623   -33.9075    18.5604         0.19          8    17.7053
2024-05-11 12:40:0.000000    3839600.2892   -5059601.5085     579975.3889     8.8560   -33.9571    18.4725         0.19          8    17.6039
2024-05-11 12:40:30.000000    3839600.0248   -5059601.8429     579975.6031     8.5916   -34.2915    18.6867         0.19          8    17.5171
2024-05-11 12:41:0.000000    3839600.9044   -5059602.2147     579975.3743     9.4712   -34.6633    18.4579         0.19          9    16.7200
2024-05-11 12:41:30.000000    3839600.2970   -5059601.8510     579975.3480     8.8638   -34.2996    18.4316         0.19          9    16.7670
2024-05-11 12:42:0.000000    3839600.5776   -5059602.3374     579975.5132     9.1444   -34.7860    18.5968         0.19          9    16.7120
2024-05-11 12:42:30.000000    3839600.5009   -5059602.1999     579975.3223     9.0677   -34.6485    18.4059         0.19          9    16.6294
2024-05-11 12:43:0.000000    3839600.5597   -5059602.6937     579975.4872     9.1265   -35.1423    18.5708         0.19          9    16.6318
2024-05-11 12:43:30.000000    3839599.9209   -5059601.9719     579975.6493     8.4877   -34.4205    18.7329         0.19          9    16.5771
2024-05-11 12:44:0.000000    3839600.2015   -5059602.6691     579975.4375     8.7683   -35.1177    18.5211         0.19          9    16.5248
2024-05-11 12:44:30.000000    3839600.2205   -5059602.5712     579975.6446     8.7873   -35.0198    18.7282         0.19          9    16.6914
2024-05-11 12:45:0.000000    3839600.1897   -5059602.4692     579975.6243     8.7565   -34.9178    18.7079         0.19          9    16.5873
2024-05-11 12:45:30.000000    3839600.0856   -5059602.2305     579975.7480     8.6524   -34.6791    18.8316         0.19          9    16.6513
2024-05-11 12:46:0.000000    3839599.9756   -5059602.8947     579975.5874     8.5424   -35.3433    18.6710         0.19          9    16.6430
2024-05-11 12:46:30.000000    3839599.5927   -5059602.6048     579975.8449     8.1595   -35.0534    18.9285         0.19          9    16.8184
2024-05-11 12:47:0.000000    3839599.4638   -5059602.8154     579975.5891     8.0306   -35.2640    18.6727         0.19          9    16.6620
2024-05-11 12:47:30.000000    3839599.8083   -5059602.9990     579975.7269     8.3751   -35.4476    18.8105         0.19          9    16.7526
2024-05-11 12:48:0.000000    3839598.3530   -5059602.6633     579975.7814     6.9198   -35.1119    18.8650         0.19         10    16.3443
2024-05-11 12:48:30.000000    3839597.8069   -5059602.3045     579975.9926     6.3737   -34.7531    19.0762         0.18         10    16.2773
2024-05-11 12:49:0.000000    3839598.0417   -5059602.2587     579975.9136     6.6085   -34.7073    18.9972         0.19         10    16.4067
2024-05-11 12:49:30.000000    3839598.0759   -5059602.5016     579976.2132     6.6427   -34.9502    19.2968         0.19         10    16.2938
2024-05-11 12:50:0.000000    3839597.9441   -5059602.4926     579975.8416     6.5109   -34.9412    18.9252         0.18         10    16.3764
2024-05-11 12:50:30.000000    3839597.9654   -5059602.8945     579976.1532     6.5322   -35.3431    19.2368         0.19         10    16.3301
2024-05-11 12:51:0.000000    3839597.6368   -5059602.2865     579975.9777     6.2036   -34.7351    19.0613         0.18         10    16.2361
2024-05-11 12:51:30.000000    3839597.9931   -5059602.9988     579975.8945     6.5599   -35.4474    18.9781         0.19         10    16.4103
2024-05-11 12:52:0.000000    3839597.8113   -5059602.9046     579976.1659     6.3781   -35.3532    19.2495         0.19         10    16.2880
2024-05-11 12:52:30.000000    3839597.7717   -5059602.8109     579976.0643     6.3385   -35.2595    19.1479         0.18         10    16.4343
2024-05-11 12:53:0.000000    3839597.6523   -5059602.8104     579976.0189     6.2191   -35.2590    19.1025         0.18         10    16.4516
2024-05-11 12:53:30.000000    3839598.0212   -5059603.3975     579975.7034     6.5880   -35.8461    18.7870         0.19         10    16.4071
2024-05-11 12:54:0.000000    3839597.7958   -5059603.4742     579975.7349     6.3626   -35.9228    18.8185         0.19         10    16.2904
2024-05-11 12:54:30.000000    3839597.5976   -5059603.5896     579975.8645     6.1644   -36.0382    18.9481         0.19         10    16.2855
2024-05-11 12:55:0.000000    3839597.7041   -5059603.5878     579975.9267     6.2709   -36.0364    19.0103         0.19         10    16.2733
2024-05-11 12:55:30.000000    3839597.4477   -5059603.5354     579976.2128     6.0145   -35.9840    19.2964         0.19         10    16.5003
2024-05-11 12:56:0.000000    3839597.4903   -5059603.4287     579976.2759     6.0571   -35.8773    19.3595         0.19         10    16.3007
2024-05-11 12:56:30.000000    3839597.5567   -5059603.5860     579976.0031     6.1235   -36.0346    19.0867         0.19         10    16.2361
2024-05-11 12:57:0.000000    3839597.1107   -5059603.3963     579976.2696     5.6775   -35.8449    19.3532         0.19         10    16.3436
2024-05-11 12:57:30.000000    3839597.7206   -5059603.9652     579976.2493     6.2874   -36.4138    19.3329         0.19         10    16.2330
2024-05-11 12:58:0.000000    3839598.1872   -5059604.6443     579976.0446     6.7540   -37.0929    19.1282         0.19         10    16.1374
2024-05-11 12:58:30.000000    3839597.5030   -5059604.2487     579976.0349     6.0698   -36.6973    19.1185         0.19         10    16.2729
2024-05-11 12:59:0.000000    3839597.8973   -5059604.7256     579976.0642     6.4641   -37.1742    19.1478         0.19         10    16.2711
2024-05-11 12:59:30.000000    3839597.9992   -5059604.4970     579976.0854     6.5660   -36.9456    19.1690         0.19         10    16.2183
2024-05-11 13:00:0.000000    3839597.7546   -5059605.1826     579975.8309     6.3214   -37.6312    18.9145         0.19         10    16.4978
2024-05-11 13:00:30.000000    3839588.7842   -5059604.1975     579977.1084    -2.6490   -36.6461    20.1920         0.19         10    14.7083
2024-05-11 13:01:0.000000    3839589.0160   -5059604.1125     579977.0783    -2.4172   -36.5611    20.1619         0.19         10    14.6865
2024-05-11 13:01:30.000000    3839588.9627   -5059604.4895     579977.1454    -2.4705   -36.9381    20.2290         0.19         10    14.6045
2024-05-11 13:02:0.000000    3839588.8412   -5059604.4270     579977.2477    -2.5920   -36.8756    20.3313         0.19         10    14.6216
2024-05-11 13:02:30.000000    3839589.0551   -5059604.1916     579977.1598    -2.3781   -36.6402    20.2434         0.19         10    14.7287
2024-05-11 13:03:0.000000    3839589.0352   -5059604.1767     579976.9265    -2.3980   -36.6253    20.0101         0.19         10    14.4710
2024-05-11 13:03:30.000000    3839588.6239   -5059604.1799     579976.8390    -2.8093   -36.6285    19.9226         0.19         10    14.5354
2024-05-11 13:04:0.000000    3839589.2562   -5059604.5528     579976.9370    -2.1770   -37.0014    20.0206         0.19         10    14.5486
2024-05-11 13:04:30.000000    3839589.3310   -5059604.9501     579976.9246    -2.1022   -37.3987    20.0082         0.19         10    14.7509
2024-05-11 13:05:0.000000    3839588.9785   -5059605.2384     579976.6729    -2.4547   -37.6870    19.7565         0.19         10    14.6597
2024-05-11 13:05:30.000000    3839589.4467   -5059605.4941     579976.3638    -1.9865   -37.9427    19.4474         0.19         10    14.5877
2024-05-11 13:06:0.000000    3839589.1498   -5059605.4752     579976.5908    -2.2834   -37.9238    19.6744         0.19         10    14.5467
2024-05-11 13:06:30.000000    3839589.5344   -5059605.2888     579976.4332    -1.8988   -37.7374    19.5168         0.19         10    14.5378
2024-05-11 13:07:0.000000    3839589.3807   -5059605.7013     579976.5707    -2.0525   -38.1499    19.6543         0.19         10    14.3799
2024-05-11 13:07:30.000000    3839589.0224   -5059605.7370     579976.6846    -2.4108   -38.1856    19.7682         0.19         10    14.4560
2024-05-11 13:08:0.000000    3839589.4469   -5059605.7310     579976.6748    -1.9863   -38.1796    19.7584         0.19         10    14.2941
2024-05-11 13:08:30.000000    3839588.9332   -5059606.1564     579976.5998    -2.5000   -38.6050    19.6834         0.19         10    14.4951
2024-05-11 13:09:0.000000    3839589.2876   -5059606.5852     579976.4586    -2.1456   -39.0338    19.5422         0.19         10    14.3231
2024-05-11 13:09:30.000000    3839589.7748   -5059606.8155     579976.2024    -1.6584   -39.2641    19.2860         0.19         10    14.3650
2024-05-11 13:10:0.000000    3839589.4003   -5059606.3975     579976.2634    -2.0329   -38.8461    19.3470         0.19         10    14.2557
2024-05-11 13:10:30.000000    3839589.6402   -5059606.9308     579976.5380    -1.7930   -39.3794    19.6216         0.19         10    14.4520
2024-05-11 13:11:0.000000    3839589.0976   -5059606.8724     579976.2080    -2.3356   -39.3210    19.2916         0.19         10    14.2991
2024-05-11 13:11:30.000000    3839589.9138   -5059607.1631     579975.9341    -1.5194   -39.6117    19.0177         0.19         10    14.3090
2024-05-11 13:12:0.000000    3839590.2442   -5059607.8911     579976.0976    -1.1890   -40.3397    19.1812         0.19         10    14.4301
2024-05-11 13:12:30.000000    3839589.9063   -5059607.7613     579976.1212    -1.5269   -40.2099    19.2048         0.19         10    14.3293
2024-05-11 13:13:0.000000    3839590.0564   -5059608.1819     579976.0102    -1.3768   -40.6305    19.0938         0.19         10    14.2013
2024-05-11 13:13:30.000000    3839589.8816   -5059607.7663     579976.1008    -1.5516   -40.2149    19.1844         0.19         10    14.2958
2024-05-11 13:14:0.000000    3839589.7843   -5059607.6771     579976.0469    -1.6489   -40.1257    19.1305         0.19         10    14.2138
2024-05-11 13:14:30.000000    3839590.5805   -5059608.1171     579976.1762    -0.8527   -40.5657    19.2598         0.19         10    14.1872
2024-05-11 13:15:0.000000    3839590.2729   -5059608.3346     579975.8094    -1.1603   -40.7832    18.8930         0.19         10    14.2304
2024-05-11 13:15:30.000000    3839590.3357   -5059608.5329     579975.8654    -1.0975   -40.9815    18.9490         0.20         10    14.0747
2024-05-11 13:16:0.000000    3839590.6607   -5059608.9340     579975.8267    -0.7725   -41.3826    18.9103         0.20         10    14.2138
2024-05-11 13:16:30.000000    3839590.9405   -5059609.6204     579975.6202    -0.4927   -42.0690    18.7038         0.20         10    14.4042
2024-05-11 13:17:0.000000    3839590.3963   -5059609.2390     579976.0926    -1.0369   -41.6876    19.1762         0.20         10    14.3347
2024-05-11 13:17:30.000000    3839590.7447   -5059609.4454     579975.5058    -0.6885   -41.8940    18.5894         0.20         10    14.3239
2024-05-11 13:18:0.000000    3839590.8840   -5059609.6763     579975.6290    -0.5492   -42.1249    18.7126         0.20         10    14.3743
2024-05-11 13:18:30.000000    3839590.6137   -5059609.8999     579975.7502    -0.8195   -42.3485    18.8338         0.20         10    14.1664
2024-05-11 13:19:0.000000    3839590.6234   -5059609.5676     579975.8502    -0.8098   -42.0162    18.9338         0.20         10    14.1698
2024-05-11 13:19:30.000000    3839590.8788   -5059609.8486     579975.5706    -0.5544   -42.2972    18.6542         0.20         10    14.2364
2024-05-11 13:20:0.000000    3839590.5981   -5059609.8387     579975.4477    -0.8351   -42.2873    18.5313         0.20         10    14.1858
2024-05-11 13:20:30.000000    3839590.9696   -5059610.6993     579975.6773    -0.4636   -43.1479    18.7609         0.20         10    14.2753
2024-05-11 13:21:0.000000    3839590.9067   -5059609.8891     579975.6185    -0.5265   -42.3377    18.7021         0.20         10    14.3184
2024-05-11 13:21:30.000000    3839591.0614   -5059610.3132     579975.6560    -0.3718   -42.7618    18.7396         0.20         10    14.1809
2024-05-11 13:22:0.000000    3839590.9436   -5059610.4636     579975.6980    -0.4896   -42.9122    18.7816         0.20         10    14.2055
2024-05-11 13:22:30.000000    3839591.0630   -5059610.5495     579975.6459    -0.3702   -42.9981    18.7295         0.20         10    14.2594
2024-05-11 13:23:0.000000    3839591.6351   -5059611.0354     579975.7243     0.2019   -43.4840    18.8079         0.20         10    14.1613
2024-05-11 13:23:30.000000    3839591.2596   -5059611.0298     579975.7647    -0.1736   -43.4784    18.8483         0.20         10    14.4229
2024-05-11 13:24:0.000000    3839591.6916   -5059611.6447     579975.7856     0.2584   -44.0933    18.8692         0.20         10    14.4020
2024-05-11 13:24:30.000000    3839591.1329   -5059611.0839     579975.7936    -0.3003   -43.5325    18.8772         0.20         10    14.2437
2024-05-11 13:25:0.000000    3839590.9530   -5059611.0453     579975.4801    -0.4802   -43.4939    18.5637         0.20         10    14.2695
2024-05-11 13:25:30.000000    3839591.4460   -5059611.3142     579975.7300     0.0128   -43.7628    18.8136         0.20         10    14.1411
2024-05-11 13:26:0.000000    3839591.4125   -5059611.8885     579975.5729    -0.0207   -44.3371    18.6565         0.20         10    14.4492
2024-05-11 13:26:30.000000    3839591.3358   -5059611.9010     579975.6708    -0.0974   -44.3496    18.7544         0.20         10    14.3207
2024-05-11 13:27:0.000000    3839590.7500   -5059611.5431     579975.5395    -0.6832   -43.9917    18.6231         0.20         10    14.3333
2024-05-11 13:27:30.000000    3839591.3641   -5059612.1160     579975.6992    -0.0691   -44.5646    18.7828         0.20         10    14.5011
2024-05-11 13:28:0.000000    3839591.4975   -5059612.1106     579975.7043     0.0643   -44.5592    18.7879         0.20         10    14.4538
2024-05-11 13:28:30.000000    3839591.1154   -5059612.3635     579975.6646    -0.3178   -44.8121    18.7482         0.20         10    14.4182
2024-05-11 13:29:0.000000    3839591.0182   -5059611.9663     579975.6915    -0.4150   -44.4149    18.7751         0.20         10    14.5804
2024-05-11 13:29:30.000000    3839591.1817   -5059612.3747     579975.8348    -0.2515   -44.8233    18.9184         0.20         10    14.4860
2024-05-11 13:30:0.000000    3839591.8827   -5059613.0587     579975.7085     0.4495   -45.5073    18.7921         0.21         10    14.4906
2024-05-11 13:30:30.000000    3839591.4424   -5059612.6172     579975.7590     0.0092   -45.0658    18.8426         0.20         10    14.5028
2024-05-11 13:31:0.000000    3839591.5607   -5059612.6110     579975.6049     0.1275   -45.0596    18.6885         0.20         10    14.5824
2024-05-11 13:31:30.000000    3839591.7020   -5059612.9803     579975.8085     0.2688   -45.4289    18.8921         0.21         10    14.7358
2024-05-11 13:32:0.000000    3839591.9122   -5059613.2667     579975.8176     0.4790   -45.7153    18.9012         0.21         10    14.7120
2024-05-11 13:32:30.000000    3839591.4876   -5059613.4880     579975.7219     0.0544   -45.9366    18.8055         0.21         10    14.8050
2024-05-11 13:33:0.000000    3839591.4869   -5059613.0036     579975.6636     0.0537   -45.4522    18.7472         0.21         10    14.8677
2024-05-11 13:33:30.000000    3839591.5686   -5059613.1061     579975.6924     0.1354   -45.5547    18.7760         0.21         10    14.9245
2024-05-11 13:34:0.000000    3839591.1865   -5059613.3010     579975.7009    -0.2467   -45.7496    18.7845         0.21         10    14.8102
2024-05-11 13:34:30.000000    3839591.1151   -5059612.9819     579975.5326    -0.3181   -45.4305    18.6162         0.21         10    14.9121
2024-05-11 13:35:0.000000    3839590.9302   -5059613.0214     579975.4709    -0.5030   -45.4700    18.5545         0.20         10    14.7751
2024-05-11 13:35:30.000000    3839591.0968   -5059613.2799     579975.9115    -0.3364   -45.7285    18.9951         0.21         10    15.0215
2024-05-11 13:36:0.000000    3839591.8902   -5059613.6778     579975.8167     0.4570   -46.1264    18.9003         0.21         10    14.9215
2024-05-11 13:36:30.000000    3839591.2187   -5059613.4786     579975.6105    -0.2145   -45.9272    18.6941         0.21         10    14.9739
2024-05-11 13:37:0.000000    3839590.9086   -5059613.2490     579975.7022    -0.5246   -45.6976    18.7858         0.21         10    15.2196
2024-05-11 13:37:30.000000    3839591.5583   -5059613.6839     579975.8767     0.1251   -46.1325    18.9603         0.21         10    15.0546
2024-05-11 13:38:0.000000    3839591.2035   -5059613.5555     579975.6699    -0.2297   -46.0041    18.7535         0.21         10    15.2424
2024-05-11 13:38:30.000000    3839590.7402   -5059613.3203     579975.7547    -0.6930   -45.7689    18.8383         0.21         10    15.1335
2024-05-11 13:39:0.000000    3839590.8682   -5059613.2721     579975.8424    -0.5650   -45.7207    18.9260         0.21         10    15.0798
2024-05-11 13:39:30.000000    3839589.8725   -5059613.3234     579975.8037    -1.5607   -45.7720    18.8873         0.20         10    15.2961
2024-05-11 13:40:0.000000    3839591.1831   -5059613.7742     579975.7767    -0.2501   -46.2228    18.8603         0.21         10    15.1869
2024-05-11 13:40:30.000000    3839591.1414   -5059613.6311     579975.7269    -0.2918   -46.0797    18.8105         0.21         10    15.3104
2024-05-11 13:41:0.000000    3839590.5713   -5059613.5396     579975.8923    -0.8619   -45.9882    18.9759         0.21         10    15.4171
2024-05-11 13:41:30.000000    3839590.2800   -5059613.4185     579975.9345    -1.1532   -45.8671    19.0181         0.21         10    15.3680
2024-05-11 13:42:0.000000    3839589.9926   -5059613.1839     579975.9375    -1.4406   -45.6325    19.0211         0.21         10    15.4172
2024-05-11 13:42:30.000000    3839590.3341   -5059613.2462     579975.6014    -1.0991   -45.6948    18.6850         0.21         10    15.5023
2024-05-11 13:43:0.000000    3839589.6838   -5059612.8865     579975.7249    -1.7494   -45.3351    18.8085         0.20         10    15.6275
2024-05-11 13:43:30.000000    3839589.3549   -5059613.0656     579975.6894    -2.0783   -45.5142    18.7730         0.20         10    15.5818
2024-05-11 13:44:0.000000    3839589.8279   -5059613.2187     579975.6620    -1.6053   -45.6673    18.7456         0.21         10    15.6451
2024-05-11 13:44:30.000000    3839590.1547   -5059613.6105     579975.7361    -1.2785   -46.0591    18.8197         0.21         10    15.6201
2024-05-11 13:45:0.000000    3839589.7162   -5059613.2867     579975.6792    -1.7170   -45.7353    18.7628         0.21         10    15.6953
2024-05-11 13:45:30.000000    3839589.4909   -5059613.0280     579975.7656    -1.9423   -45.4766    18.8492         0.20         10    15.7190
2024-05-11 13:46:0.000000    3839591.2980   -5059614.7587     579975.6766    -0.1352   -47.2073    18.7602         0.21         11    15.7467
2024-05-11 13:46:30.000000    3839591.2714   -5059614.8295     579975.5183    -0.1618   -47.2781    18.6019         0.21         11    15.7981
2024-05-11 13:47:0.000000    3839590.6359   -5059614.3715     579975.4721    -0.7973   -46.8201    18.5557         0.21         11    16.0381
2024-05-11 13:47:30.000000    3839590.9180   -5059614.5205     579975.4718    -0.5152   -46.9691    18.5554         0.21         11    15.8729
2024-05-11 13:48:0.000000    3839590.8645   -5059614.6568     579975.4144    -0.5687   -47.1054    18.4980         0.21         11    15.8575
2024-05-11 13:48:30.000000    3839590.8722   -5059615.0022     579975.5256    -0.5610   -47.4508    18.6092         0.21         11    15.9192
2024-05-11 13:49:0.000000    3839590.6937   -5059614.3420     579975.4425    -0.7395   -46.7906    18.5261         0.21         11    15.9806
2024-05-11 13:49:30.000000    3839590.4788   -5059614.5957     579975.1829    -0.9544   -47.0443    18.2665         0.21         11    15.9159
2024-05-11 13:50:0.000000    3839590.3851   -5059614.7657     579975.5224    -1.0481   -47.2143    18.6060         0.21         11    16.0559
2024-05-11 13:50:30.000000    3839590.2734   -5059614.5997     579975.3062    -1.1598   -47.0483    18.3898         0.21         11    16.1954
2024-05-11 13:51:0.000000    3839590.0141   -5059614.4807     579975.2239    -1.4191   -46.9293    18.3075         0.21         11    16.0776
2024-05-11 13:51:30.000000    3839590.4996   -5059615.1711     579975.1530    -0.9336   -47.6197    18.2366         0.21         11    16.1664
2024-05-11 13:52:0.000000    3839589.5862   -5059614.2737     579975.0015    -1.8470   -46.7223    18.0851         0.21         11    16.1049
2024-05-11 13:52:30.000000    3839589.8717   -5059614.7922     579974.9896    -1.5615   -47.2408    18.0732         0.21         11    16.4040
2024-05-11 13:53:0.000000    3839589.6290   -5059614.7701     579974.8245    -1.8042   -47.2187    17.9081         0.21         11    16.0912
2024-05-11 13:53:30.000000    3839589.4133   -5059614.3670     579975.0606    -2.0199   -46.8156    18.1442         0.21         11    16.2403
2024-05-11 13:54:0.000000    3839589.1075   -5059614.0365     579975.1166    -2.3257   -46.4851    18.2002         0.21         11    16.2139
2024-05-11 13:54:30.000000    3839589.6542   -5059615.0328     579974.8951    -1.7790   -47.4814    17.9787         0.21         11    16.2129
2024-05-11 13:55:0.000000    3839589.6829   -5059614.8553     579974.9124    -1.7503   -47.3039    17.9960         0.21         11    16.5001
2024-05-11 13:55:30.000000    3839589.1298   -5059613.9657     579974.6871    -2.3034   -46.4143    17.7707         0.21         11    16.5529
2024-05-11 13:56:0.000000    3839588.3132   -5059613.4964     579974.7043    -3.1200   -45.9450    17.7879         0.21         11    16.4852
2024-05-11 13:56:30.000000    3839588.5784   -5059613.6379     579974.6436    -2.8548   -46.0865    17.7272         0.21         11    16.4088
2024-05-11 13:57:0.000000    3839588.3413   -5059613.5791     579974.4373    -3.0919   -46.0277    17.5209         0.21         11    16.4465
2024-05-11 13:57:30.000000    3839587.8804   -5059613.4188     579974.3785    -3.5528   -45.8674    17.4621         0.21         11    16.6075
2024-05-11 13:58:0.000000    3839588.1174   -5059613.2582     579974.2964    -3.3158   -45.7068    17.3800         0.21         11    16.6226
2024-05-11 13:58:30.000000    3839587.6513   -5059613.0919     579974.0465    -3.7819   -45.5405    17.1301         0.20         11    16.7445
2024-05-11 13:59:0.000000    3839587.5668   -5059613.2090     579974.1698    -3.8664   -45.6576    17.2534         0.21         11    16.5895
2024-05-11 13:59:30.000000    3839580.6447   -5059607.4542     579970.3747   -10.7885   -39.9028    13.4583         0.18         12    20.5679
