GPS Single Point Positioning Results (with Klobuchar Ionosphere Model (12:00-14:00))
====================================================================================================
Station: NTUS00SGP
Time Window: 12:00-14:00 (UTC)
Approx Position: X=-1508022.5722, Y=6195577.3952, Z=148799.3912
GPS Week: 2313

Epoch                             X (m)           Y (m)           Z (m)     dX (m)     dY (m)     dZ (m)   Clock (us) Satellites    RMS (m)
----------------------------------------------------------------------------------------------------
2024-05-08 12:00:0.000000   -1508035.1478    6195577.8221     148797.9193   -12.5756     0.4269    -1.4719        -0.01         10     7.6803
2024-05-08 12:00:30.000000   -1508035.1310    6195577.9590     148798.0782   -12.5588     0.5638    -1.3130        -0.01         10     7.6921
2024-05-08 12:01:0.000000   -1508035.1032    6195578.1257     148798.2196   -12.5310     0.7305    -1.1716        -0.01         10     7.6997
2024-05-08 12:01:30.000000   -1508035.0820    6195578.1595     148798.3640   -12.5098     0.7643    -1.0272        -0.01         10     7.7184
2024-05-08 12:02:0.000000   -1508035.0517    6195578.2795     148798.4985   -12.4795     0.8843    -0.8927        -0.01         10     7.7389
2024-05-08 12:02:30.000000   -1508035.0313    6195578.3808     148798.6166   -12.4591     0.9856    -0.7746        -0.00         10     7.7491
2024-05-08 12:03:0.000000   -1508035.0278    6195578.4655     148798.7494   -12.4556     1.0703    -0.6418        -0.00         10     7.7598
2024-05-08 12:03:30.000000   -1508034.9925    6195578.5950     148798.8661   -12.4203     1.1998    -0.5251        -0.00         10     7.7905
2024-05-08 12:04:0.000000   -1508034.9736    6195578.8085     148798.9919   -12.4014     1.4133    -0.3993        -0.00         10     7.8128
2024-05-08 12:04:30.000000   -1508034.9546    6195578.9552     148799.1078   -12.3824     1.5600    -0.2834        -0.00         10     7.8274
2024-05-08 12:05:0.000000   -1508034.9526    6195579.1417     148799.2700   -12.3804     1.7465    -0.1212        -0.00         10     7.8329
2024-05-08 12:05:30.000000   -1508034.8508    6195579.2203     148799.3638   -12.2786     1.8251    -0.0274        -0.00         10     7.8637
2024-05-08 12:06:0.000000   -1508034.8458    6195579.3055     148799.4866   -12.2736     1.9103     0.0954        -0.00         10     7.8856
2024-05-08 12:06:30.000000   -1508034.8268    6195579.4395     148799.6319   -12.2546     2.0443     0.2407        -0.00         10     7.9039
2024-05-08 12:07:0.000000   -1508034.7944    6195579.5534     148799.7444   -12.2222     2.1582     0.3532        -0.00         10     7.9190
2024-05-08 12:07:30.000000   -1508034.7424    6195579.7184     148799.8806   -12.1702     2.3232     0.4894        -0.00         10     7.9358
2024-05-08 12:08:0.000000   -1508034.6552    6195579.7051     148799.9872   -12.0830     2.3099     0.5960        -0.00         10     7.9737
2024-05-08 12:08:30.000000   -1508034.6146    6195579.8669     148800.1281   -12.0424     2.4717     0.7369        -0.00         10     7.9982
2024-05-08 12:09:0.000000   -1508034.5697    6195580.0351     148800.2581   -11.9975     2.6399     0.8669        -0.00         10     8.0293
2024-05-08 12:09:30.000000   -1508034.5530    6195580.2001     148800.4173   -11.9808     2.8049     1.0261        -0.00         10     8.0455
2024-05-08 12:10:0.000000   -1508034.4983    6195580.3160     148800.5686   -11.9261     2.9208     1.1774        -0.00         10     8.0732
2024-05-08 12:10:30.000000   -1508034.4105    6195580.4669     148800.6938   -11.8383     3.0717     1.3026        -0.00         10     8.1163
2024-05-08 12:11:0.000000   -1508034.3774    6195580.5829     148800.8275   -11.8052     3.1877     1.4363        -0.00         10     8.1384
2024-05-08 12:11:30.000000   -1508034.3434    6195580.6982     148800.9741   -11.7712     3.3030     1.5829        -0.00         10     8.1736
2024-05-08 12:12:0.000000   -1508034.2939    6195580.8487     148801.1121   -11.7217     3.4535     1.7209        -0.00         10     8.1972
2024-05-08 12:12:30.000000   -1508034.2595    6195580.9197     148801.2657   -11.6873     3.5245     1.8745        -0.00         10     8.2372
2024-05-08 12:13:0.000000   -1508034.1886    6195581.0918     148801.3966   -11.6164     3.6966     2.0054         0.00         10     8.2749
2024-05-08 12:13:30.000000   -1508034.1378    6195581.1919     148801.5009   -11.5656     3.7967     2.1097        -0.00         10     8.2962
2024-05-08 12:14:0.000000   -1508034.0611    6195581.3969     148801.6464   -11.4889     4.0017     2.2552         0.00         10     8.3442
2024-05-08 12:14:30.000000   -1508033.9993    6195581.6151     148801.8063   -11.4271     4.2199     2.4151         0.00         10     8.3711
2024-05-08 12:15:0.000000   -1508033.9350    6195581.8306     148801.9566   -11.3628     4.4354     2.5654         0.00         10     8.4058
2024-05-08 12:15:30.000000   -1508033.8712    6195582.0003     148802.1067   -11.2990     4.6051     2.7155         0.00         10     8.4359
2024-05-08 12:16:0.000000   -1508033.8158    6195582.1777     148802.2669   -11.2436     4.7825     2.8757        -0.00         10     8.4647
2024-05-08 12:16:30.000000   -1508033.7575    6195582.3857     148802.4109   -11.1853     4.9905     3.0197         0.00         10     8.4899
2024-05-08 12:17:0.000000   -1508033.7002    6195582.5442     148802.5431   -11.1280     5.1490     3.1519         0.00         10     8.5332
2024-05-08 12:17:30.000000   -1508033.6638    6195582.6807     148802.6842   -11.0916     5.2855     3.2930         0.00         10     8.5630
2024-05-08 12:18:0.000000   -1508033.6504    6195582.8370     148802.7962   -11.0782     5.4418     3.4050         0.00         10     8.5966
2024-05-08 12:18:30.000000   -1508033.5938    6195583.0234     148802.9424   -11.0216     5.6282     3.5512         0.00         10     8.6389
2024-05-08 12:19:0.000000   -1508033.5035    6195583.3080     148803.0792   -10.9313     5.9128     3.6880         0.00         10     8.6682
2024-05-08 12:19:30.000000   -1508033.4479    6195583.5070     148803.2168   -10.8757     6.1118     3.8256         0.00         10     8.7030
2024-05-08 12:20:0.000000   -1508033.3860    6195583.7590     148803.3595   -10.8138     6.3638     3.9683         0.00         10     8.7417
2024-05-08 12:20:30.000000   -1508033.3283    6195583.9750     148803.4908   -10.7561     6.5798     4.0996         0.00         10     8.7823
2024-05-08 12:21:0.000000   -1508033.2820    6195584.1929     148803.6318   -10.7098     6.7977     4.2406         0.00         10     8.8221
2024-05-08 12:21:30.000000   -1508033.1969    6195584.3960     148803.7389   -10.6247     7.0008     4.3477         0.00         10     8.8533
2024-05-08 12:22:0.000000   -1508033.1456    6195584.5748     148803.8835   -10.5734     7.1796     4.4923         0.01         10     8.8940
2024-05-08 12:22:30.000000   -1508033.0644    6195584.8048     148804.0018   -10.4922     7.4096     4.6106         0.00         10     8.9344
2024-05-08 12:23:0.000000   -1508033.0108    6195585.0167     148804.1199   -10.4386     7.6215     4.7287         0.00         10     8.9599
2024-05-08 12:23:30.000000   -1508032.9553    6195585.2151     148804.2545   -10.3831     7.8199     4.8633         0.01         10     9.0076
2024-05-08 12:24:0.000000   -1508032.9182    6195585.3327     148804.3711   -10.3460     7.9375     4.9799         0.01         10     9.0472
2024-05-08 12:24:30.000000   -1508032.9053    6195585.4595     148804.5088   -10.3331     8.0643     5.1176         0.01         10     9.0891
2024-05-08 12:25:0.000000   -1508032.8319    6195585.6403     148804.6237   -10.2597     8.2451     5.2325         0.01         10     9.1418
2024-05-08 12:25:30.000000   -1508032.7957    6195585.8352     148804.7467   -10.2235     8.4400     5.3555         0.01         10     9.1738
2024-05-08 12:26:0.000000   -1508032.7236    6195586.0295     148804.8350   -10.1514     8.6343     5.4438         0.01         10     9.2133
2024-05-08 12:26:30.000000   -1508032.6634    6195586.2030     148804.9323   -10.0912     8.8078     5.5411         0.01         10     9.2533
2024-05-08 12:27:0.000000   -1508032.6225    6195586.3633     148805.0349   -10.0503     8.9681     5.6437         0.01         10     9.2993
2024-05-08 12:27:30.000000   -1508032.5180    6195586.5002     148805.1527    -9.9458     9.1050     5.7615         0.01         10     9.3404
2024-05-08 12:28:0.000000   -1508032.4503    6195586.7074     148805.2616    -9.8781     9.3122     5.8704         0.01         10     9.3821
2024-05-08 12:28:30.000000   -1508031.8823    6195589.4637     148806.0937    -9.3101    12.0685     6.7025         0.02          9     8.8326
2024-05-08 12:29:0.000000   -1508031.8381    6195589.6637     148806.1805    -9.2659    12.2685     6.7893         0.02          9     8.8344
2024-05-08 12:29:30.000000   -1508031.7944    6195589.8694     148806.2711    -9.2222    12.4742     6.8799         0.02          9     8.8258
2024-05-08 12:30:0.000000   -1508031.7557    6195590.0884     148806.3617    -9.1835    12.6932     6.9705         0.02          9     8.8227
2024-05-08 12:30:30.000000   -1508031.7378    6195590.2375     148806.4407    -9.1656    12.8423     7.0495         0.02          9     8.8247
2024-05-08 12:31:0.000000   -1508031.7253    6195590.3886     148806.5262    -9.1531    12.9934     7.1350         0.02          9     8.8386
2024-05-08 12:31:30.000000   -1508031.6960    6195590.6341     148806.5852    -9.1238    13.2389     7.1940         0.02          9     8.8347
2024-05-08 12:32:0.000000   -1508031.6466    6195590.8661     148806.6411    -9.0744    13.4709     7.2499         0.02          9     8.8307
2024-05-08 12:32:30.000000   -1508031.6321    6195591.0194     148806.7138    -9.0599    13.6242     7.3226         0.02          9     8.8393
2024-05-08 12:33:0.000000   -1508031.6165    6195591.1381     148806.7934    -9.0443    13.7429     7.4022         0.02          9     8.8492
2024-05-08 12:33:30.000000   -1508031.5967    6195591.3233     148806.8671    -9.0245    13.9281     7.4759         0.02          9     8.8504
2024-05-08 12:34:0.000000   -1508031.5582    6195591.5761     148806.9210    -8.9860    14.1809     7.5298         0.03          9     8.8339
2024-05-08 12:34:30.000000   -1508031.5208    6195591.7909     148806.9831    -8.9486    14.3957     7.5919         0.03          9     8.8213
2024-05-08 12:35:0.000000   -1508031.5308    6195591.9422     148807.0561    -8.9586    14.5470     7.6649         0.03          9     8.8057
2024-05-08 12:35:30.000000   -1508031.5271    6195592.1610     148807.1289    -8.9549    14.7658     7.7377         0.03          9     8.8052
2024-05-08 12:36:0.000000   -1508031.5000    6195592.4225     148807.1948    -8.9278    15.0273     7.8036         0.03          9     8.7898
2024-05-08 12:36:30.000000   -1508031.4875    6195592.6773     148807.2534    -8.9153    15.2821     7.8622         0.03          9     8.7830
2024-05-08 12:37:0.000000   -1508031.4813    6195592.8608     148807.2940    -8.9091    15.4656     7.9028         0.03          9     8.7612
2024-05-08 12:37:30.000000   -1508031.4920    6195593.0677     148807.3472    -8.9198    15.6725     7.9560         0.03          9     8.7501
2024-05-08 12:38:0.000000   -1508031.4846    6195593.2372     148807.4052    -8.9124    15.8420     8.0140         0.03          9     8.7386
2024-05-08 12:38:30.000000   -1508031.4720    6195593.3799     148807.4416    -8.8998    15.9847     8.0504         0.03          9     8.7047
2024-05-08 12:39:0.000000   -1508031.4519    6195593.6111     148807.4807    -8.8797    16.2159     8.0895         0.03          9     8.6867
2024-05-08 12:39:30.000000   -1508031.4293    6195593.8253     148807.5212    -8.8571    16.4301     8.1300         0.03          9     8.6603
2024-05-08 12:40:0.000000   -1508031.4438    6195594.0640     148807.5457    -8.8716    16.6688     8.1545         0.03          9     8.6319
2024-05-08 12:40:30.000000   -1508031.4272    6195594.3219     148807.5747    -8.8550    16.9267     8.1835         0.03          9     8.6038
2024-05-08 12:41:0.000000   -1508031.4471    6195594.5344     148807.6083    -8.8749    17.1392     8.2171         0.03          9     8.5890
2024-05-08 12:41:30.000000   -1508031.4457    6195594.7525     148807.6256    -8.8735    17.3573     8.2344         0.03          9     8.5671
2024-05-08 12:42:0.000000   -1508031.4726    6195594.9886     148807.6487    -8.9004    17.5934     8.2575         0.03          9     8.5430
2024-05-08 12:42:30.000000   -1508031.4951    6195595.1938     148807.6553    -8.9229    17.7986     8.2641         0.03          9     8.5127
2024-05-08 12:43:0.000000   -1508031.5671    6195595.5573     148807.6335    -8.9949    18.1621     8.2423         0.04          9     8.5469
2024-05-08 12:43:30.000000   -1508031.5902    6195595.8104     148807.6415    -9.0180    18.4152     8.2503         0.04          9     8.5162
2024-05-08 12:44:0.000000   -1508031.6034    6195596.0795     148807.6595    -9.0312    18.6843     8.2683         0.04          9     8.4963
2024-05-08 12:44:30.000000   -1508031.5854    6195596.2466     148807.7053    -9.0132    18.8514     8.3141         0.04          9     8.3734
2024-05-08 12:45:0.000000   -1508031.5771    6195596.4433     148807.7327    -9.0049    19.0481     8.3415         0.04          9     8.3077
2024-05-08 12:45:30.000000   -1508031.5836    6195596.6437     148807.7323    -9.0114    19.2485     8.3411         0.04          9     8.2340
2024-05-08 12:46:0.000000   -1508031.6039    6195596.8991     148807.7081    -9.0317    19.5039     8.3169         0.04          9     8.1927
2024-05-08 12:46:30.000000   -1508033.7806    6195601.3191     148806.3062   -11.2084    23.9239     6.9150         0.05          9    11.3274
2024-05-08 12:47:0.000000   -1508031.7107    6195597.4562     148807.6851    -9.1385    20.0610     8.2939         0.04          9     8.2181
2024-05-08 12:47:30.000000   -1508031.7768    6195597.7147     148807.6686    -9.2046    20.3195     8.2774         0.04          9     8.2040
2024-05-08 12:48:0.000000   -1508031.8060    6195598.0632     148807.6043    -9.2338    20.6680     8.2131         0.04          9     8.1596
2024-05-08 12:48:30.000000   -1508031.8422    6195598.3586     148807.5782    -9.2700    20.9634     8.1870         0.04          9     8.1146
2024-05-08 12:49:0.000000   -1508031.8653    6195598.6043     148807.5700    -9.2931    21.2091     8.1788         0.04          9     8.0423
2024-05-08 12:49:30.000000   -1508031.8908    6195598.8250     148807.5407    -9.3186    21.4298     8.1495         0.04          9     7.9814
2024-05-08 12:50:0.000000   -1508031.9353    6195599.1639     148807.5428    -9.3631    21.7687     8.1516         0.04          9     7.9163
2024-05-08 12:50:30.000000   -1508031.8132    6195605.6505     148810.4850    -9.2410    28.2553    11.0938         0.06          9     9.3781
2024-05-08 12:51:0.000000   -1508031.8273    6195605.9274     148810.4701    -9.2551    28.5322    11.0789         0.06          9     9.3513
2024-05-08 12:51:30.000000   -1508032.0081    6195599.9501     148807.4473    -9.4359    22.5549     8.0561         0.04          9     7.7180
2024-05-08 12:52:0.000000   -1508032.0646    6195600.2254     148807.4412    -9.4924    22.8302     8.0500         0.04          9     7.6600
2024-05-08 12:52:30.000000   -1508032.1046    6195600.5754     148807.3964    -9.5324    23.1802     8.0052         0.04          9     7.5960
2024-05-08 12:53:0.000000   -1508032.1670    6195600.8672     148807.3755    -9.5948    23.4720     7.9843         0.04          9     7.5337
2024-05-08 12:53:30.000000   -1508032.2050    6195601.1133     148807.3757    -9.6328    23.7181     7.9845         0.05          9     7.4957
2024-05-08 12:54:0.000000   -1508032.2606    6195601.4153     148807.3316    -9.6884    24.0201     7.9404         0.05          9     7.4450
2024-05-08 12:54:30.000000   -1508032.3099    6195601.6787     148807.3007    -9.7377    24.2835     7.9095         0.05          9     7.3873
2024-05-08 12:55:0.000000   -1508032.3757    6195601.9945     148807.2875    -9.8035    24.5993     7.8963         0.05          9     7.3373
2024-05-08 12:55:30.000000   -1508032.4603    6195602.2983     148807.2013    -9.8881    24.9031     7.8101         0.05          9     7.2658
2024-05-08 12:56:0.000000   -1508032.5440    6195602.5785     148807.1388    -9.9718    25.1833     7.7476         0.05          9     7.2091
2024-05-08 12:56:30.000000   -1508032.6127    6195602.8170     148807.0835   -10.0405    25.4218     7.6923         0.05          9     7.1557
2024-05-08 12:57:0.000000   -1508032.7026    6195603.1570     148807.0374   -10.1304    25.7618     7.6462         0.05          9     7.0872
2024-05-08 12:57:30.000000   -1508032.7801    6195603.4558     148807.0004   -10.2079    26.0606     7.6092         0.05          9     7.0309
2024-05-08 12:58:0.000000   -1508032.8638    6195603.7589     148806.9441   -10.2916    26.3637     7.5529         0.05          9     6.9879
2024-05-08 12:58:30.000000   -1508032.9599    6195604.1253     148806.8955   -10.3877    26.7301     7.5043         0.05          9     6.9450
2024-05-08 12:59:0.000000   -1508033.0925    6195604.5499     148806.8444   -10.5203    27.1547     7.4532         0.05          9     6.8925
2024-05-08 12:59:30.000000   -1508033.1837    6195604.8965     148806.7854   -10.6115    27.5013     7.3942         0.05          9     6.8458
2024-05-08 13:00:0.000000   -1508032.8634    6195604.6962     148806.6967   -10.2912    27.3010     7.3055         0.05          9     6.9558
2024-05-08 13:00:30.000000   -1508027.1768    6195598.2044     148805.9754    -4.6046    20.8092     6.5842         0.04          9     7.8484
2024-05-08 13:01:0.000000   -1508027.2954    6195598.6403     148805.9001    -4.7232    21.2451     6.5089         0.04          9     7.8129
2024-05-08 13:01:30.000000   -1508027.4168    6195599.0884     148805.8194    -4.8446    21.6932     6.4282         0.04          9     7.7785
2024-05-08 13:02:0.000000   -1508027.5206    6195599.5104     148805.7399    -4.9484    22.1152     6.3487         0.04          9     7.7262
2024-05-08 13:02:30.000000   -1508027.6396    6195599.9258     148805.6601    -5.0674    22.5306     6.2689         0.04          9     7.6861
2024-05-08 13:03:0.000000   -1508027.7746    6195600.3699     148805.5813    -5.2024    22.9747     6.1901         0.04          9     7.6615
2024-05-08 13:03:30.000000   -1508027.8886    6195600.8005     148805.5151    -5.3164    23.4053     6.1239         0.05          9     7.6094
2024-05-08 13:04:0.000000   -1508028.0184    6195601.2323     148805.4555    -5.4462    23.8371     6.0643         0.05          9     7.5674
2024-05-08 13:04:30.000000   -1508028.1287    6195601.7148     148805.3703    -5.5565    24.3196     5.9791         0.05          9     7.5171
2024-05-08 13:05:0.000000   -1508028.2404    6195602.0741     148805.3369    -5.6682    24.6789     5.9457         0.05          9     7.4973
2024-05-08 13:05:30.000000   -1508028.3711    6195602.5504     148805.2653    -5.7989    25.1552     5.8741         0.05          9     7.4490
2024-05-08 13:06:0.000000   -1508028.4784    6195602.9571     148805.2013    -5.9062    25.5619     5.8101         0.05          9     7.4239
2024-05-08 13:06:30.000000   -1508028.6125    6195603.4247     148805.1514    -6.0403    26.0295     5.7602         0.05          9     7.3849
2024-05-08 13:07:0.000000   -1508028.7285    6195603.8456     148805.0695    -6.1563    26.4504     5.6783         0.05          9     7.3342
2024-05-08 13:07:30.000000   -1508028.8443    6195604.2551     148804.9955    -6.2721    26.8599     5.6043         0.05          9     7.3038
2024-05-08 13:08:0.000000   -1508028.9775    6195604.6569     148804.9194    -6.4053    27.2617     5.5282         0.05          9     7.2679
2024-05-08 13:08:30.000000   -1508029.1032    6195605.0380     148804.8663    -6.5310    27.6428     5.4751         0.05          9     7.2445
2024-05-08 13:09:0.000000   -1508029.2485    6195605.4750     148804.7828    -6.6763    28.0798     5.3916         0.05          9     7.2101
2024-05-08 13:09:30.000000   -1508029.3746    6195605.9186     148804.7123    -6.8024    28.5234     5.3211         0.06          9     7.1812
2024-05-08 13:10:0.000000   -1508026.4653    6195600.2480     148803.9258    -3.8931    22.8528     4.5346         0.04         10    13.5992
2024-05-08 13:10:30.000000   -1508026.5132    6195600.5015     148803.8569    -3.9410    23.1063     4.4657         0.04         10    13.5422
2024-05-08 13:11:0.000000   -1508026.5830    6195600.7994     148803.7644    -4.0108    23.4042     4.3732         0.04         10    13.4676
2024-05-08 13:11:30.000000   -1508026.6299    6195601.1482     148803.6459    -4.0577    23.7530     4.2547         0.04         10    13.4096
2024-05-08 13:12:0.000000   -1508026.6796    6195601.4138     148803.5671    -4.1074    24.0186     4.1759         0.04         10    13.3680
2024-05-08 13:12:30.000000   -1508026.7387    6195601.7446     148803.4541    -4.1665    24.3494     4.0629         0.04         10    13.3156
2024-05-08 13:13:0.000000   -1508026.7762    6195602.0824     148803.3407    -4.2040    24.6872     3.9495         0.04         10    13.2726
2024-05-08 13:13:30.000000   -1508026.8403    6195602.4496     148803.2035    -4.2681    25.0544     3.8123         0.04         10    13.2113
2024-05-08 13:14:0.000000   -1508026.8898    6195602.7346     148803.0860    -4.3176    25.3394     3.6948         0.04         10    13.1592
2024-05-08 13:14:30.000000   -1508026.9132    6195603.0580     148802.9564    -4.3410    25.6628     3.5652         0.04         10    13.1017
2024-05-08 13:15:0.000000   -1508026.9669    6195603.3755     148802.8380    -4.3947    25.9803     3.4468         0.04         10    13.0409
2024-05-08 13:15:30.000000   -1508027.0050    6195603.6610     148802.7157    -4.4328    26.2658     3.3245         0.04         10    12.9815
2024-05-08 13:16:0.000000   -1508027.0360    6195603.9225     148802.5836    -4.4638    26.5273     3.1924         0.04         10    12.9245
2024-05-08 13:16:30.000000   -1508027.0543    6195604.1984     148802.4617    -4.4821    26.8032     3.0705         0.04         10    12.8583
2024-05-08 13:17:0.000000   -1508027.0799    6195604.4386     148802.3370    -4.5077    27.0434     2.9458         0.05         10    12.8000
2024-05-08 13:17:30.000000   -1508027.2052    6195605.4875     148801.9833    -4.6330    28.0923     2.5921         0.05          9    13.4268
2024-05-08 13:18:0.000000   -1508027.2273    6195605.6994     148801.8602    -4.6551    28.3042     2.4690         0.05          9    13.3600
2024-05-08 13:18:30.000000   -1508027.2228    6195605.9095     148801.7442    -4.6506    28.5143     2.3530         0.05          9    13.3018
2024-05-08 13:19:0.000000   -1508027.2359    6195606.1307     148801.6172    -4.6637    28.7355     2.2260         0.05          9    13.2430
2024-05-08 13:19:30.000000   -1508027.2136    6195606.3346     148801.4755    -4.6414    28.9394     2.0843         0.05          9    13.1542
2024-05-08 13:20:0.000000   -1508027.2136    6195606.5919     148801.3354    -4.6414    29.1967     1.9442         0.05          9    13.0776
2024-05-08 13:20:30.000000   -1508027.2041    6195606.7705     148801.1931    -4.6319    29.3753     1.8019         0.05          9    13.0102
2024-05-08 13:21:0.000000   -1508027.2012    6195606.9360     148801.0522    -4.6290    29.5408     1.6610         0.05          9    12.9488
2024-05-08 13:21:30.000000   -1508027.2033    6195607.1212     148800.9201    -4.6311    29.7260     1.5289         0.05          9    12.8808
2024-05-08 13:22:0.000000   -1508027.2001    6195607.3374     148800.7774    -4.6279    29.9422     1.3862         0.05          9    12.8153
2024-05-08 13:22:30.000000   -1508027.1884    6195607.5028     148800.6547    -4.6162    30.1076     1.2635         0.05          9    12.7479
2024-05-08 13:23:0.000000   -1508027.1939    6195607.7198     148800.5149    -4.6217    30.3246     1.1237         0.05          9    12.6868
2024-05-08 13:23:30.000000   -1508027.1844    6195607.8946     148800.3863    -4.6122    30.4994     0.9951         0.05          9    12.6324
2024-05-08 13:24:0.000000   -1508027.1894    6195608.0430     148800.2517    -4.6172    30.6478     0.8605         0.05          9    12.5795
2024-05-08 13:24:30.000000   -1508027.1818    6195608.1863     148800.1237    -4.6096    30.7911     0.7325         0.05          9    12.5166
2024-05-08 13:25:0.000000   -1508027.1618    6195608.3061     148799.9911    -4.5896    30.9109     0.5999         0.05          9    12.4512
2024-05-08 13:25:30.000000   -1508027.1360    6195608.4443     148799.8459    -4.5638    31.0491     0.4547         0.05          9    12.3881
2024-05-08 13:26:0.000000   -1508027.1259    6195608.5526     148799.7384    -4.5537    31.1574     0.3472         0.05          9    12.3327
2024-05-08 13:26:30.000000   -1508027.0977    6195608.6186     148799.6480    -4.5255    31.2234     0.2568         0.05          9    12.2979
2024-05-08 13:27:0.000000   -1508027.0885    6195608.7126     148799.5166    -4.5163    31.3174     0.1254         0.05          9    12.2385
2024-05-08 13:27:30.000000   -1508027.0748    6195608.7930     148799.4102    -4.5026    31.3978     0.0190         0.05          9    12.1972
2024-05-08 13:28:0.000000   -1508027.0281    6195608.8431     148799.3296    -4.4559    31.4479    -0.0616         0.05          9    12.1714
2024-05-08 13:28:30.000000   -1508026.9899    6195608.8868     148799.2395    -4.4177    31.4916    -0.1517         0.05          9    12.1346
2024-05-08 13:29:0.000000   -1508026.9348    6195608.9607     148799.1271    -4.3626    31.5655    -0.2641         0.05          9    12.0782
2024-05-08 13:29:30.000000   -1508026.8657    6195609.0334     148799.0323    -4.2935    31.6382    -0.3589         0.05          9    12.0434
2024-05-08 13:30:0.000000   -1508026.7890    6195609.0405     148798.9834    -4.2168    31.6453    -0.4078         0.05          9    12.0216
2024-05-08 13:30:30.000000   -1508026.7427    6195608.9832     148798.9007    -4.1705    31.5880    -0.4905         0.05          9    12.0105
2024-05-08 13:31:0.000000   -1508026.7036    6195609.0195     148798.7995    -4.1314    31.6243    -0.5917         0.05          9    11.9823
2024-05-08 13:31:30.000000   -1508026.6413    6195609.0510     148798.7125    -4.0691    31.6558    -0.6787         0.05          9    11.9472
2024-05-08 13:32:0.000000   -1508026.5675    6195609.0036     148798.6333    -3.9953    31.6084    -0.7579         0.05          9    11.9395
2024-05-08 13:32:30.000000   -1508026.5083    6195608.9685     148798.5514    -3.9361    31.5733    -0.8398         0.05          9    11.9136
2024-05-08 13:33:0.000000   -1508026.4524    6195608.9838     148798.4506    -3.8802    31.5886    -0.9406         0.05          9    11.8686
2024-05-08 13:33:30.000000   -1508026.4007    6195608.9655     148798.3753    -3.8285    31.5703    -1.0159         0.05          9    11.8323
2024-05-08 13:34:0.000000   -1508026.3314    6195608.9960     148798.2929    -3.7592    31.6008    -1.0983         0.05          9    11.7924
2024-05-08 13:34:30.000000   -1508026.2595    6195608.9923     148798.2066    -3.6873    31.5971    -1.1846         0.05          9    11.7462
2024-05-08 13:35:0.000000   -1508026.1817    6195608.9962     148798.1297    -3.6095    31.6010    -1.2615         0.05          9    11.7049
2024-05-08 13:35:30.000000   -1508026.1124    6195608.9982     148798.0456    -3.5402    31.6030    -1.3456         0.05          9    11.6543
2024-05-08 13:36:0.000000   -1508026.0184    6195609.0182     148797.9432    -3.4462    31.6230    -1.4480         0.05          9    11.6175
2024-05-08 13:36:30.000000   -1508025.9164    6195609.0061     148797.8699    -3.3442    31.6109    -1.5213         0.05          9    11.5768
2024-05-08 13:37:0.000000   -1508025.7980    6195608.9935     148797.7969    -3.2258    31.5983    -1.5943         0.05          9    11.5390
2024-05-08 13:37:30.000000   -1508025.7076    6195608.9948     148797.7186    -3.1354    31.5996    -1.6726         0.05          9    11.5051
2024-05-08 13:38:0.000000   -1508025.5973    6195608.9679     148797.6481    -3.0251    31.5727    -1.7431         0.05          9    11.4718
2024-05-08 13:38:30.000000   -1508025.4948    6195608.9350     148797.5658    -2.9226    31.5398    -1.8254         0.05          9    11.4321
2024-05-08 13:39:0.000000   -1508025.3980    6195608.9145     148797.4932    -2.8258    31.5193    -1.8980         0.05          9    11.3977
2024-05-08 13:39:30.000000   -1508025.2828    6195608.9057     148797.4228    -2.7106    31.5105    -1.9684         0.05          9    11.3696
2024-05-08 13:40:0.000000   -1508025.1869    6195608.8856     148797.3382    -2.6147    31.4904    -2.0530         0.05          9    11.3177
2024-05-08 13:40:30.000000   -1508025.0809    6195608.8627     148797.2558    -2.5087    31.4675    -2.1354         0.05          9    11.2802
2024-05-08 13:41:0.000000   -1508024.9824    6195608.8349     148797.1827    -2.4102    31.4397    -2.2085         0.05          9    11.2541
2024-05-08 13:41:30.000000   -1508024.8595    6195608.7277     148797.1039    -2.2873    31.3325    -2.2873         0.05          9    11.2334
2024-05-08 13:42:0.000000   -1508024.7612    6195608.6869     148797.0312    -2.1890    31.2917    -2.3600         0.04          9    11.2121
2024-05-08 13:42:30.000000   -1508024.6234    6195608.6863     148796.9529    -2.0512    31.2911    -2.4383         0.04          9    11.1831
2024-05-08 13:43:0.000000   -1508024.4898    6195608.6080     148796.8676    -1.9176    31.2128    -2.5236         0.04          9    11.1492
2024-05-08 13:43:30.000000   -1508024.3665    6195608.5796     148796.8081    -1.7943    31.1844    -2.5831         0.04          9    11.1305
2024-05-08 13:44:0.000000   -1508024.2247    6195608.5587     148796.7698    -1.6525    31.1635    -2.6214         0.04          9    11.1126
2024-05-08 13:44:30.000000   -1508024.0919    6195608.5418     148796.7200    -1.5197    31.1466    -2.6712         0.04          9    11.1003
2024-05-08 13:45:0.000000   -1508023.9517    6195608.4793     148796.6578    -1.3795    31.0841    -2.7334         0.04          9    11.0830
2024-05-08 13:45:30.000000   -1508023.7898    6195608.4073     148796.5822    -1.2176    31.0121    -2.8090         0.04          9    11.0581
2024-05-08 13:46:0.000000   -1508023.6157    6195608.2951     148796.4927    -1.0435    30.8999    -2.8985         0.04          9    11.0349
2024-05-08 13:46:30.000000   -1508023.4802    6195608.2017     148796.3984    -0.9080    30.8065    -2.9928         0.04          9    11.0115
2024-05-08 13:47:0.000000   -1508023.3081    6195608.1155     148796.3087    -0.7359    30.7203    -3.0825         0.04          9    10.9871
2024-05-08 13:47:30.000000   -1508023.1398    6195608.0661     148796.2094    -0.5676    30.6709    -3.1818         0.04          9    10.9695
2024-05-08 13:48:0.000000   -1508023.0011    6195608.0511     148796.1224    -0.4289    30.6559    -3.2688         0.04          9    10.9463
2024-05-08 13:48:30.000000   -1508022.8454    6195608.0049     148796.0256    -0.2732    30.6097    -3.3656         0.04          9    10.9303
2024-05-08 13:49:0.000000   -1508022.6931    6195607.9608     148795.9274    -0.1209    30.5656    -3.4638         0.04          9    10.9061
2024-05-08 13:49:30.000000   -1508022.5272    6195607.9003     148795.8458     0.0450    30.5051    -3.5454         0.04          9    10.8918
2024-05-08 13:50:0.000000   -1508022.3702    6195607.8510     148795.7616     0.2020    30.4558    -3.6296         0.04          9    10.8729
2024-05-08 13:50:30.000000   -1508022.2062    6195607.7754     148795.6844     0.3660    30.3802    -3.7068         0.04          9    10.8673
2024-05-08 13:51:0.000000   -1508022.0408    6195607.6923     148795.5892     0.5314    30.2971    -3.8020         0.04          9    10.8581
2024-05-08 13:51:30.000000   -1508021.8747    6195607.6168     148795.4944     0.6975    30.2216    -3.8968         0.04          9    10.8375
2024-05-08 13:52:0.000000   -1508021.6793    6195607.4842     148795.4063     0.8929    30.0890    -3.9849         0.04          9    10.8303
2024-05-08 13:52:30.000000   -1508021.5248    6195607.4164     148795.3151     1.0474    30.0212    -4.0761         0.04          9    10.8305
2024-05-08 13:53:0.000000   -1508021.3349    6195607.3113     148795.2196     1.2373    29.9161    -4.1716         0.04          9    10.8229
2024-05-08 13:53:30.000000   -1508021.1430    6195607.2310     148795.1173     1.4292    29.8358    -4.2739         0.04          9    10.8215
2024-05-08 13:54:0.000000   -1508020.9865    6195607.1142     148795.0185     1.5857    29.7190    -4.3727         0.04          9    10.8243
2024-05-08 13:54:30.000000   -1508020.8070    6195607.0628     148794.9103     1.7652    29.6676    -4.4809         0.04          9    10.8134
2024-05-08 13:55:0.000000   -1508020.6165    6195606.9436     148794.8233     1.9557    29.5484    -4.5679         0.04          9    10.8150
2024-05-08 13:55:30.000000   -1508020.4255    6195606.8284     148794.7265     2.1467    29.4332    -4.6647         0.04          9    10.8172
2024-05-08 13:56:0.000000   -1508019.9880    6195607.2904     148794.6071     2.5842    29.8952    -4.7841         0.04          8    11.2899
2024-05-08 13:56:30.000000   -1508019.7993    6195607.1429     148794.5163     2.7729    29.7477    -4.8749         0.04          8    11.3001
2024-05-08 13:57:0.000000   -1508019.5989    6195606.9776     148794.4130     2.9733    29.5824    -4.9782         0.04          8    11.3147
2024-05-08 13:57:30.000000   -1508019.4127    6195606.8414     148794.3074     3.1595    29.4462    -5.0838         0.04          8    11.3294
2024-05-08 13:58:0.000000   -1508019.2442    6195606.7313     148794.2121     3.3280    29.3361    -5.1791         0.04          8    11.3514
2024-05-08 13:58:30.000000   -1508019.0758    6195606.5836     148794.1007     3.4964    29.1884    -5.2905         0.04          8    11.3750
2024-05-08 13:59:0.000000   -1508018.9198    6195606.4831     148793.9988     3.6524    29.0879    -5.3924         0.04          8    11.4030
2024-05-08 13:59:30.000000   -1508018.7614    6195606.3342     148793.8854     3.8108    28.9390    -5.5058         0.04          8    11.4265
