GPS Single Point Positioning Results (with Klobuchar Ionosphere Model (12:00-14:00))
====================================================================================================
Station: NTUS00SGP
Time Window: 12:00-14:00 (UTC)
Approx Position: X=-1508022.5722, Y=6195577.3952, Z=148799.3912
GPS Week: 2313

Epoch                             X (m)           Y (m)           Z (m)     dX (m)     dY (m)     dZ (m)   Clock (us) Satellites    RMS (m)
----------------------------------------------------------------------------------------------------
2024-05-11 12:00:0.000000   -1508034.6146    6195581.9203     148802.0651   -12.0424     4.5251     2.6739         0.01         10     7.0621
2024-05-11 12:00:30.000000   -1508034.6026    6195582.0129     148802.2015   -12.0304     4.6177     2.8103         0.01         10     7.0655
2024-05-11 12:01:0.000000   -1508034.5723    6195582.1393     148802.3372   -12.0001     4.7441     2.9460         0.01         10     7.0653
2024-05-11 12:01:30.000000   -1508034.5427    6195582.3119     148802.4573   -11.9705     4.9167     3.0661         0.01         10     7.0624
2024-05-11 12:02:0.000000   -1508034.5522    6195582.3542     148802.5848   -11.9800     4.9590     3.1936         0.01         10     7.0654
2024-05-11 12:02:30.000000   -1508034.5475    6195582.4531     148802.7114   -11.9753     5.0579     3.3202         0.01         10     7.0690
2024-05-11 12:03:0.000000   -1508034.5059    6195582.5882     148802.8155   -11.9337     5.1930     3.4243         0.01         10     7.0721
2024-05-11 12:03:30.000000   -1508034.4588    6195582.7683     148802.9387   -11.8866     5.3731     3.5475         0.01         10     7.0661
2024-05-11 12:04:0.000000   -1508034.4414    6195582.8730     148803.0166   -11.8692     5.4778     3.6254         0.01         10     7.0756
2024-05-11 12:04:30.000000   -1508034.3926    6195583.0058     148803.0908   -11.8204     5.6106     3.6996         0.01         10     7.0787
2024-05-11 12:05:0.000000   -1508034.3470    6195583.1590     148803.1984   -11.7748     5.7638     3.8072         0.01         10     7.0799
2024-05-11 12:05:30.000000   -1508034.3166    6195583.3568     148803.3046   -11.7444     5.9616     3.9134         0.01         10     7.0783
2024-05-11 12:06:0.000000   -1508034.2520    6195583.6092     148803.4187   -11.6798     6.2140     4.0275         0.01         10     7.0776
2024-05-11 12:06:30.000000   -1508034.2174    6195583.8195     148803.5106   -11.6452     6.4243     4.1194         0.01         10     7.0780
2024-05-11 12:07:0.000000   -1508034.1758    6195583.9733     148803.6052   -11.6036     6.5781     4.2140         0.01         10     7.0853
2024-05-11 12:07:30.000000   -1508034.1453    6195584.0816     148803.6987   -11.5731     6.6864     4.3075         0.01         10     7.0947
2024-05-11 12:08:0.000000   -1508034.0973    6195584.2216     148803.7677   -11.5251     6.8264     4.3765         0.01         10     7.1071
2024-05-11 12:08:30.000000   -1508034.0755    6195584.3192     148803.8579   -11.5033     6.9240     4.4667         0.01         10     7.1256
2024-05-11 12:09:0.000000   -1508034.0591    6195584.4185     148803.9535   -11.4869     7.0233     4.5623         0.01         10     7.1343
2024-05-11 12:09:30.000000   -1508033.9955    6195584.5451     148804.0258   -11.4233     7.1499     4.6346         0.01         10     7.1399
2024-05-11 12:10:0.000000   -1508033.9326    6195584.6328     148804.0927   -11.3604     7.2376     4.7015         0.01         10     7.1569
2024-05-11 12:10:30.000000   -1508033.8995    6195584.7847     148804.1715   -11.3273     7.3895     4.7803         0.01         10     7.1599
2024-05-11 12:11:0.000000   -1508033.8293    6195584.9324     148804.2542   -11.2571     7.5372     4.8630         0.01         10     7.1593
2024-05-11 12:11:30.000000   -1508033.7744    6195585.0228     148804.3255   -11.2022     7.6276     4.9343         0.01         10     7.1724
2024-05-11 12:12:0.000000   -1508033.7278    6195585.1592     148804.3940   -11.1556     7.7640     5.0028         0.01         10     7.1855
2024-05-11 12:12:30.000000   -1508033.6803    6195585.2727     148804.4819   -11.1081     7.8775     5.0907         0.01         10     7.1936
2024-05-11 12:13:0.000000   -1508033.6450    6195585.4075     148804.5498   -11.0728     8.0123     5.1586         0.01         10     7.2099
2024-05-11 12:13:30.000000   -1508033.5850    6195585.4956     148804.6131   -11.0128     8.1004     5.2219         0.01         10     7.2357
2024-05-11 12:14:0.000000   -1508033.5741    6195585.5961     148804.6912   -11.0019     8.2009     5.3000         0.01         10     7.2536
2024-05-11 12:14:30.000000   -1508033.4978    6195585.7513     148804.7409   -10.9256     8.3561     5.3497         0.02         10     7.2660
2024-05-11 12:15:0.000000   -1508033.4632    6195585.8552     148804.8063   -10.8910     8.4600     5.4151         0.01         10     7.2912
2024-05-11 12:15:30.000000   -1508033.4170    6195585.9870     148804.8580   -10.8448     8.5918     5.4668         0.01         10     7.3059
2024-05-11 12:16:0.000000   -1508033.1946    6195587.0003     148805.1483   -10.6224     9.6051     5.7571         0.02          9     7.5671
2024-05-11 12:16:30.000000   -1508033.1359    6195587.1765     148805.2109   -10.5637     9.7813     5.8197         0.02          9     7.5709
2024-05-11 12:17:0.000000   -1508033.0987    6195587.3421     148805.2707   -10.5265     9.9469     5.8795         0.02          9     7.5688
2024-05-11 12:17:30.000000   -1508033.0583    6195587.5254     148805.3298   -10.4861    10.1302     5.9386         0.02          9     7.5650
2024-05-11 12:18:0.000000   -1508033.0347    6195587.6904     148805.3768   -10.4625    10.2952     5.9856         0.02          9     7.5612
2024-05-11 12:18:30.000000   -1508033.0114    6195587.8355     148805.4131   -10.4392    10.4403     6.0219         0.02          9     7.5565
2024-05-11 12:19:0.000000   -1508033.0045    6195587.9411     148805.4874   -10.4323    10.5459     6.0962         0.02          9     7.5747
2024-05-11 12:19:30.000000   -1508032.9799    6195588.0775     148805.5213   -10.4077    10.6823     6.1301         0.02          9     7.5711
2024-05-11 12:20:0.000000   -1508032.9420    6195588.2025     148805.5490   -10.3698    10.8073     6.1578         0.02          9     7.5849
2024-05-11 12:20:30.000000   -1508032.9358    6195588.3026     148805.5721   -10.3636    10.9074     6.1809         0.02          9     7.5878
2024-05-11 12:21:0.000000   -1508032.8901    6195588.4478     148805.6140   -10.3179    11.0526     6.2228         0.02          9     7.5954
2024-05-11 12:21:30.000000   -1508032.8566    6195588.6477     148805.6246   -10.2844    11.2525     6.2334         0.02          9     7.5790
2024-05-11 12:22:0.000000   -1508032.8128    6195588.8646     148805.6484   -10.2406    11.4694     6.2572         0.02          9     7.5693
2024-05-11 12:22:30.000000   -1508032.7878    6195589.0488     148805.6704   -10.2156    11.6536     6.2792         0.02          9     7.5632
2024-05-11 12:23:0.000000   -1508032.7836    6195589.1990     148805.6915   -10.2114    11.8038     6.3003         0.02          9     7.5643
2024-05-11 12:23:30.000000   -1508032.7695    6195589.2455     148805.7053   -10.1973    11.8503     6.3141         0.02          9     7.5665
2024-05-11 12:24:0.000000   -1508032.7950    6195589.3761     148805.7327   -10.2228    11.9809     6.3415         0.02          9     7.5670
2024-05-11 12:24:30.000000   -1508032.7651    6195589.5162     148805.7354   -10.1929    12.1210     6.3442         0.02          9     7.5600
2024-05-11 12:25:0.000000   -1508032.7618    6195589.6582     148805.7411   -10.1896    12.2630     6.3499         0.02          9     7.5550
2024-05-11 12:25:30.000000   -1508032.7627    6195589.7856     148805.7374   -10.1905    12.3904     6.3462         0.02          9     7.5488
2024-05-11 12:26:0.000000   -1508032.7543    6195589.8790     148805.7247   -10.1821    12.4838     6.3335         0.02          9     7.5289
2024-05-11 12:26:30.000000   -1508032.7489    6195589.9634     148805.7317   -10.1767    12.5682     6.3405         0.02          9     7.5232
2024-05-11 12:27:0.000000   -1508032.7547    6195590.0609     148805.7471   -10.1825    12.6657     6.3559         0.02          9     7.5137
2024-05-11 12:27:30.000000   -1508032.7454    6195590.1929     148805.7476   -10.1732    12.7977     6.3564         0.02          9     7.5001
2024-05-11 12:28:0.000000   -1508032.7718    6195590.3314     148805.7213   -10.1996    12.9362     6.3301         0.02          9     7.4834
2024-05-11 12:28:30.000000   -1508032.7766    6195590.4229     148805.7062   -10.2044    13.0277     6.3150         0.02          9     7.4766
2024-05-11 12:29:0.000000   -1508032.8032    6195590.5645     148805.7036   -10.2310    13.1693     6.3124         0.02          9     7.4645
2024-05-11 12:29:30.000000   -1508032.8098    6195590.6247     148805.6878   -10.2376    13.2295     6.2966         0.02          9     7.4573
2024-05-11 12:30:0.000000   -1508032.8525    6195590.7906     148805.6493   -10.2803    13.3954     6.2581         0.03          9     7.4509
2024-05-11 12:30:30.000000   -1508032.8876    6195590.9646     148805.5946   -10.3154    13.5694     6.2034         0.03          9     7.4353
2024-05-11 12:31:0.000000   -1508032.9581    6195591.1934     148805.5407   -10.3859    13.7982     6.1495         0.02          9     7.4928
2024-05-11 12:31:30.000000   -1508032.9910    6195591.3430     148805.4988   -10.4188    13.9478     6.1076         0.03          9     7.4762
2024-05-11 12:32:0.000000   -1508033.0059    6195591.4048     148805.4642   -10.4337    14.0096     6.0730         0.03          9     7.4311
2024-05-11 12:32:30.000000   -1508033.0250    6195591.6293     148805.4412   -10.4528    14.2341     6.0500         0.03          9     7.3885
2024-05-11 12:33:0.000000   -1508032.9771    6195591.6252     148805.4745   -10.4049    14.2300     6.0833         0.03          9     7.2563
2024-05-11 12:33:30.000000   -1508033.0124    6195591.7689     148805.4442   -10.4402    14.3737     6.0530         0.03          9     7.2307
2024-05-11 12:34:0.000000   -1508035.4637    6195596.6425     148803.7840   -12.8915    19.2473     4.3928         0.04          9    10.9115
2024-05-11 12:34:30.000000   -1508035.5400    6195596.9143     148803.7070   -12.9678    19.5191     4.3158         0.04          9    10.8941
2024-05-11 12:35:0.000000   -1508033.1166    6195592.1597     148805.3263   -10.5444    14.7645     5.9351         0.03          9     7.1784
2024-05-11 12:35:30.000000   -1508033.2277    6195592.4279     148805.2166   -10.6555    15.0327     5.8254         0.03          9     7.2416
2024-05-11 12:36:0.000000   -1508033.2844    6195592.6817     148805.1475   -10.7122    15.2865     5.7563         0.03          9     7.2172
2024-05-11 12:36:30.000000   -1508033.3441    6195592.8743     148805.1054   -10.7719    15.4791     5.7142         0.03          9     7.1926
2024-05-11 12:37:0.000000   -1508033.3766    6195593.0178     148805.0522   -10.8044    15.6226     5.6610         0.03          9     7.1502
2024-05-11 12:37:30.000000   -1508033.4303    6195593.1564     148805.0323   -10.8581    15.7612     5.6411         0.03          9     7.1322
2024-05-11 12:38:0.000000   -1508033.4762    6195593.3893     148804.9772   -10.9040    15.9941     5.5860         0.03          9     7.0908
2024-05-11 12:38:30.000000   -1508033.5136    6195593.5192     148804.9239   -10.9414    16.1240     5.5327         0.03          9     7.0567
2024-05-11 12:39:0.000000   -1508033.5701    6195593.7326     148804.8325   -10.9979    16.3374     5.4413         0.03          9     7.0169
2024-05-11 12:39:30.000000   -1508033.6516    6195593.8746     148804.7991   -11.0794    16.4794     5.4079         0.03          9     6.9902
2024-05-11 12:40:0.000000   -1508033.7159    6195594.0608     148804.7296   -11.1437    16.6656     5.3384         0.03          9     6.9587
2024-05-11 12:40:30.000000   -1508033.7752    6195594.2797     148804.6845   -11.2030    16.8845     5.2933         0.03          9     6.9238
2024-05-11 12:41:0.000000   -1508033.8335    6195594.5129     148804.6191   -11.2613    17.1177     5.2279         0.03          9     6.8839
2024-05-11 12:41:30.000000   -1508033.9173    6195594.7115     148804.5484   -11.3451    17.3163     5.1572         0.03          9     6.8449
2024-05-11 12:42:0.000000   -1508033.9932    6195594.8852     148804.4941   -11.4210    17.4900     5.1029         0.03          9     6.8160
2024-05-11 12:42:30.000000   -1508034.0742    6195595.1049     148804.4334   -11.5020    17.7097     5.0422         0.04          9     6.7783
2024-05-11 12:43:0.000000   -1508034.1624    6195595.3016     148804.3578   -11.5902    17.9064     4.9666         0.04          9     6.7465
2024-05-11 12:43:30.000000   -1508034.2313    6195595.4635     148804.2840   -11.6591    18.0683     4.8928         0.04          9     6.7184
2024-05-11 12:44:0.000000   -1508034.3149    6195595.6804     148804.2022   -11.7427    18.2852     4.8110         0.04          9     6.6791
2024-05-11 12:44:30.000000   -1508034.3941    6195595.9090     148804.1279   -11.8219    18.5138     4.7367         0.04          9     6.6399
2024-05-11 12:45:0.000000   -1508034.4951    6195596.1259     148804.0388   -11.9229    18.7307     4.6476         0.04          9     6.6008
2024-05-11 12:45:30.000000   -1508034.5910    6195596.3838     148803.9376   -12.0188    18.9886     4.5464         0.04          9     6.5598
2024-05-11 12:46:0.000000   -1508034.7042    6195596.6777     148803.8256   -12.1320    19.2825     4.4344         0.04          9     6.5122
2024-05-11 12:46:30.000000   -1508034.8126    6195596.9565     148803.7367   -12.2404    19.5613     4.3455         0.04          9     6.4816
2024-05-11 12:47:0.000000   -1508034.9290    6195597.2283     148803.6402   -12.3568    19.8331     4.2490         0.04          9     6.4553
2024-05-11 12:47:30.000000   -1508035.0329    6195597.5021     148803.5424   -12.4607    20.1069     4.1512         0.04          9     6.4220
2024-05-11 12:48:0.000000   -1508035.1523    6195597.7990     148803.4399   -12.5801    20.4038     4.0487         0.04          9     6.3788
2024-05-11 12:48:30.000000   -1508035.2434    6195598.0333     148803.3432   -12.6712    20.6381     3.9520         0.04          9     6.3482
2024-05-11 12:49:0.000000   -1508035.3563    6195598.3345     148803.2395   -12.7841    20.9393     3.8483         0.04          9     6.3175
2024-05-11 12:49:30.000000   -1508035.4659    6195598.5783     148803.1465   -12.8937    21.1831     3.7553         0.04          9     6.2932
2024-05-11 12:50:0.000000   -1508035.5904    6195598.8176     148803.0638   -13.0182    21.4224     3.6726         0.04          9     6.2685
2024-05-11 12:50:30.000000   -1508035.6871    6195599.1040     148802.9434   -13.1149    21.7088     3.5522         0.04          9     6.2328
2024-05-11 12:51:0.000000   -1508035.8143    6195599.3583     148802.8543   -13.2421    21.9631     3.4631         0.04          9     6.1977
2024-05-11 12:51:30.000000   -1508035.9039    6195599.6039     148802.7831   -13.3317    22.2087     3.3919         0.05          9     6.1606
2024-05-11 12:52:0.000000   -1508036.0297    6195599.9329     148802.6850   -13.4575    22.5377     3.2938         0.05          9     6.1235
2024-05-11 12:52:30.000000   -1508036.1278    6195600.2426     148802.5834   -13.5556    22.8474     3.1922         0.05          9     6.0752
2024-05-11 12:53:0.000000   -1508036.2276    6195600.5233     148802.4894   -13.6554    23.1281     3.0982         0.05          9     6.0400
2024-05-11 12:53:30.000000   -1508036.3397    6195600.7517     148802.4232   -13.7675    23.3565     3.0320         0.05          9     6.0007
2024-05-11 12:54:0.000000   -1508036.4685    6195601.0167     148802.3425   -13.8963    23.6215     2.9513         0.05          9     5.9850
2024-05-11 12:54:30.000000   -1508036.5861    6195601.2948     148802.2419   -14.0139    23.8996     2.8507         0.05          9     5.9461
2024-05-11 12:55:0.000000   -1508036.7117    6195601.5954     148802.1285   -14.1395    24.2002     2.7373         0.05          9     5.9190
2024-05-11 12:55:30.000000   -1508036.8425    6195601.8550     148802.0403   -14.2703    24.4598     2.6491         0.05          9     5.8920
2024-05-11 12:56:0.000000   -1508036.9795    6195602.1160     148801.9413   -14.4073    24.7208     2.5501         0.05          9     5.8628
2024-05-11 12:56:30.000000   -1508037.0928    6195602.3685     148801.8457   -14.5206    24.9733     2.4545         0.05          9     5.8320
2024-05-11 12:57:0.000000   -1508034.1057    6195596.3935     148801.0169   -11.5335    18.9983     1.6257         0.04         10    13.8264
2024-05-11 12:57:30.000000   -1508034.1533    6195596.5583     148800.8988   -11.5811    19.1631     1.5076         0.04         10    13.6769
2024-05-11 12:58:0.000000   -1508034.1931    6195596.7411     148800.7705   -11.6209    19.3459     1.3793         0.04         10    13.6308
2024-05-11 12:58:30.000000   -1508034.2120    6195596.8543     148800.6165   -11.6398    19.4591     1.2253         0.04         10    13.5951
2024-05-11 12:59:0.000000   -1508034.2331    6195596.9947     148800.4839   -11.6609    19.5995     1.0927         0.04         10    13.5654
2024-05-11 12:59:30.000000   -1508034.2582    6195597.0744     148800.3569   -11.6860    19.6792     0.9657         0.04         10    13.5539
2024-05-11 13:00:0.000000   -1508034.2715    6195597.2237     148800.2267   -11.6993    19.8285     0.8355         0.04         10    13.5478
2024-05-11 13:00:30.000000   -1508030.3116    6195595.8998     148799.3237    -7.7394    18.5046    -0.0675         0.04         10    13.4338
2024-05-11 13:01:0.000000   -1508030.3927    6195596.2239     148799.1411    -7.8205    18.8287    -0.2501         0.03         10    13.4405
2024-05-11 13:01:30.000000   -1508030.4793    6195596.5224     148798.9396    -7.9071    19.1272    -0.4516         0.03         10    13.4305
2024-05-11 13:02:0.000000   -1508030.5602    6195596.8382     148798.7494    -7.9880    19.4430    -0.6418         0.04         10    13.4301
2024-05-11 13:02:30.000000   -1508030.6358    6195597.1414     148798.5709    -8.0636    19.7462    -0.8203         0.04         10    13.4300
2024-05-11 13:03:0.000000   -1508030.7028    6195597.3850     148798.3994    -8.1306    19.9898    -0.9918         0.04         10    13.4235
2024-05-11 13:03:30.000000   -1508030.7728    6195597.6392     148798.2256    -8.2006    20.2440    -1.1656         0.04         10    13.4321
2024-05-11 13:04:0.000000   -1508030.8246    6195597.8873     148798.0421    -8.2524    20.4921    -1.3491         0.04         10    13.4195
2024-05-11 13:04:30.000000   -1508030.8869    6195598.1193     148797.8663    -8.3147    20.7241    -1.5249         0.04         10    13.4125
2024-05-11 13:05:0.000000   -1508031.1736    6195600.0486     148797.2467    -8.6014    22.6534    -2.1445         0.04          9    14.0348
2024-05-11 13:05:30.000000   -1508031.2198    6195600.3263     148797.0609    -8.6476    22.9311    -2.3303         0.04          9    14.0183
2024-05-11 13:06:0.000000   -1508031.2594    6195600.5627     148796.8691    -8.6872    23.1675    -2.5221         0.04          9    13.9837
2024-05-11 13:06:30.000000   -1508031.2994    6195600.7900     148796.6909    -8.7272    23.3948    -2.7003         0.04          9    13.9467
2024-05-11 13:07:0.000000   -1508031.3317    6195601.0624     148796.4972    -8.7595    23.6672    -2.8940         0.04          9    13.8999
2024-05-11 13:07:30.000000   -1508031.3298    6195601.2549     148796.3148    -8.7576    23.8597    -3.0764         0.04          9    13.8532
2024-05-11 13:08:0.000000   -1508031.3614    6195601.4577     148796.1449    -8.7892    24.0625    -3.2463         0.05          9    13.8197
2024-05-11 13:08:30.000000   -1508031.3669    6195601.6492     148796.0127    -8.7947    24.2540    -3.3785         0.04          9    13.7917
2024-05-11 13:09:0.000000   -1508031.3667    6195601.8212     148795.8395    -8.7945    24.4260    -3.5517         0.05          9    13.7430
2024-05-11 13:09:30.000000   -1508031.4032    6195602.0282     148795.6710    -8.8310    24.6330    -3.7202         0.05          9    13.6973
2024-05-11 13:10:0.000000   -1508031.4077    6195602.2437     148795.4966    -8.8355    24.8485    -3.8946         0.05          9    13.6444
2024-05-11 13:10:30.000000   -1508031.4272    6195602.4046     148795.3249    -8.8550    25.0094    -4.0663         0.05          9    13.5950
2024-05-11 13:11:0.000000   -1508031.4507    6195602.6069     148795.1359    -8.8785    25.2117    -4.2553         0.05          9    13.5395
2024-05-11 13:11:30.000000   -1508031.4539    6195602.7394     148794.9861    -8.8817    25.3442    -4.4051         0.05          9    13.4949
2024-05-11 13:12:0.000000   -1508031.4678    6195602.9687     148794.8031    -8.8956    25.5735    -4.5881         0.05          9    13.4414
2024-05-11 13:12:30.000000   -1508031.4652    6195603.1155     148794.6468    -8.8930    25.7203    -4.7444         0.05          9    13.3943
2024-05-11 13:13:0.000000   -1508031.4765    6195603.2405     148794.5035    -8.9043    25.8453    -4.8877         0.05          9    13.3548
2024-05-11 13:13:30.000000   -1508031.4798    6195603.3838     148794.3565    -8.9076    25.9886    -5.0347         0.05          9    13.3018
2024-05-11 13:14:0.000000   -1508031.4883    6195603.5018     148794.2015    -8.9161    26.1066    -5.1897         0.05          9    13.2504
2024-05-11 13:14:30.000000   -1508031.4834    6195603.6256     148794.0504    -8.9112    26.2304    -5.3408         0.05          9    13.1974
2024-05-11 13:15:0.000000   -1508031.4802    6195603.7660     148793.9008    -8.9080    26.3708    -5.4904         0.05          9    13.1424
2024-05-11 13:15:30.000000   -1508031.4766    6195603.9071     148793.7590    -8.9044    26.5119    -5.6322         0.05          9    13.0884
2024-05-11 13:16:0.000000   -1508031.4548    6195603.9665     148793.6434    -8.8826    26.5713    -5.7478         0.05          9    13.0497
2024-05-11 13:16:30.000000   -1508031.4369    6195604.0716     148793.4964    -8.8647    26.6764    -5.8948         0.05          9    12.9995
2024-05-11 13:17:0.000000   -1508031.4269    6195604.1650     148793.3480    -8.8547    26.7698    -6.0432         0.05          9    12.9521
2024-05-11 13:17:30.000000   -1508031.3764    6195604.1949     148793.2270    -8.8042    26.7997    -6.1642         0.05          9    12.9042
2024-05-11 13:18:0.000000   -1508031.3454    6195604.2545     148793.0988    -8.7732    26.8593    -6.2924         0.05          9    12.8658
2024-05-11 13:18:30.000000   -1508031.2911    6195604.2561     148792.9909    -8.7189    26.8609    -6.4003         0.05          9    12.8254
2024-05-11 13:19:0.000000   -1508031.2409    6195604.3084     148792.8682    -8.6687    26.9132    -6.5230         0.05          9    12.7805
2024-05-11 13:19:30.000000   -1508031.2083    6195604.1980     148792.7636    -8.6361    26.8028    -6.6276         0.05          9    12.7779
2024-05-11 13:20:0.000000   -1508031.1622    6195604.2229     148792.6348    -8.5900    26.8277    -6.7564         0.05          9    12.7235
2024-05-11 13:20:30.000000   -1508031.1147    6195604.2341     148792.5033    -8.5425    26.8389    -6.8879         0.05          9    12.6716
2024-05-11 13:21:0.000000   -1508031.0689    6195604.2953     148792.3901    -8.4967    26.9001    -7.0011         0.05          9    12.6200
2024-05-11 13:21:30.000000   -1508031.0152    6195604.2737     148792.2730    -8.4430    26.8785    -7.1182         0.05          9    12.5547
2024-05-11 13:22:0.000000   -1508030.9543    6195604.2657     148792.1534    -8.3821    26.8705    -7.2378         0.05          9    12.5045
2024-05-11 13:22:30.000000   -1508030.8882    6195604.2859     148792.0406    -8.3160    26.8907    -7.3506         0.04          9    12.4439
2024-05-11 13:23:0.000000   -1508030.8167    6195604.2684     148791.9243    -8.2445    26.8732    -7.4669         0.04          9    12.3955
2024-05-11 13:23:30.000000   -1508030.7248    6195604.2691     148791.8123    -8.1526    26.8739    -7.5789         0.04          9    12.3382
2024-05-11 13:24:0.000000   -1508030.6325    6195604.2517     148791.6997    -8.0603    26.8565    -7.6915         0.04          9    12.2863
2024-05-11 13:24:30.000000   -1508030.5399    6195604.2239     148791.5859    -7.9677    26.8287    -7.8053         0.04          9    12.2428
2024-05-11 13:25:0.000000   -1508030.4573    6195604.1542     148791.4691    -7.8851    26.7590    -7.9221         0.04          9    12.2034
2024-05-11 13:25:30.000000   -1508030.3207    6195604.1027     148791.3666    -7.7485    26.7075    -8.0246         0.05          9    12.1581
2024-05-11 13:26:0.000000   -1508030.2375    6195604.1189     148791.2506    -7.6653    26.7237    -8.1406         0.04          9    12.1211
2024-05-11 13:26:30.000000   -1508030.1222    6195604.0467     148791.1442    -7.5500    26.6515    -8.2470         0.04          9    12.0895
2024-05-11 13:27:0.000000   -1508030.0197    6195604.0108     148791.0374    -7.4475    26.6156    -8.3538         0.04          9    12.0560
2024-05-11 13:27:30.000000   -1508029.9148    6195603.9767     148790.9331    -7.3426    26.5815    -8.4581         0.04          9    12.0155
2024-05-11 13:28:0.000000   -1508029.7842    6195603.9372     148790.8288    -7.2120    26.5420    -8.5624         0.04          9    11.9748
2024-05-11 13:28:30.000000   -1508029.6876    6195603.8950     148790.7165    -7.1154    26.4998    -8.6747         0.04          9    11.9366
2024-05-11 13:29:0.000000   -1508029.5583    6195603.8295     148790.6014    -6.9861    26.4343    -8.7898         0.04          9    11.8970
2024-05-11 13:29:30.000000   -1508029.4297    6195603.7897     148790.4960    -6.8575    26.3945    -8.8952         0.04          9    11.8608
2024-05-11 13:30:0.000000   -1508029.3229    6195603.7395     148790.3992    -6.7507    26.3443    -8.9920         0.04          9    11.8310
2024-05-11 13:30:30.000000   -1508029.1655    6195603.6812     148790.2984    -6.5933    26.2860    -9.0928         0.04          9    11.8050
2024-05-11 13:31:0.000000   -1508029.0496    6195603.6201     148790.2027    -6.4774    26.2249    -9.1885         0.04          9    11.7676
2024-05-11 13:31:30.000000   -1508028.9004    6195603.5656     148790.1198    -6.3282    26.1704    -9.2714         0.04          9    11.7394
2024-05-11 13:32:0.000000   -1508028.7530    6195603.4862     148790.0382    -6.1808    26.0910    -9.3530         0.04          9    11.7013
2024-05-11 13:32:30.000000   -1508028.6165    6195603.4600     148789.9611    -6.0443    26.0648    -9.4301         0.04          9    11.6766
2024-05-11 13:33:0.000000   -1508028.4641    6195603.3699     148789.8658    -5.8919    25.9747    -9.5254         0.04          9    11.6529
2024-05-11 13:33:30.000000   -1508028.3155    6195603.3166     148789.7802    -5.7433    25.9214    -9.6110         0.04          9    11.6187
2024-05-11 13:34:0.000000   -1508028.1554    6195603.1996     148789.6734    -5.5832    25.8044    -9.7178         0.04          9    11.5880
2024-05-11 13:34:30.000000   -1508028.0018    6195603.0940     148789.5861    -5.4296    25.6988    -9.8051         0.04          9    11.5603
2024-05-11 13:35:0.000000   -1508027.8466    6195603.0181     148789.4930    -5.2744    25.6229    -9.8982         0.04          9    11.5376
2024-05-11 13:35:30.000000   -1508027.6873    6195602.9189     148789.3970    -5.1151    25.5237    -9.9942         0.04          9    11.5196
2024-05-11 13:36:0.000000   -1508027.5455    6195602.8110     148789.3124    -4.9733    25.4158   -10.0788         0.04          9    11.5022
2024-05-11 13:36:30.000000   -1508027.4129    6195602.7454     148789.2128    -4.8407    25.3502   -10.1784         0.04          9    11.4887
2024-05-11 13:37:0.000000   -1508027.2538    6195602.6676     148789.1193    -4.6816    25.2724   -10.2719         0.04          9    11.4695
2024-05-11 13:37:30.000000   -1508027.0968    6195602.5567     148789.0241    -4.5246    25.1615   -10.3671         0.04          9    11.4603
2024-05-11 13:38:0.000000   -1508026.9356    6195602.4982     148788.9224    -4.3634    25.1030   -10.4688         0.04          9    11.4362
2024-05-11 13:38:30.000000   -1508026.7630    6195602.3626     148788.8230    -4.1908    24.9674   -10.5682         0.04          9    11.4249
2024-05-11 13:39:0.000000   -1508026.5890    6195602.2425     148788.7295    -4.0168    24.8473   -10.6617         0.04          9    11.4096
2024-05-11 13:39:30.000000   -1508026.4139    6195602.1596     148788.6179    -3.8417    24.7644   -10.7733         0.04          9    11.4002
2024-05-11 13:40:0.000000   -1508026.2455    6195602.0315     148788.5127    -3.6733    24.6363   -10.8785         0.04          9    11.3817
2024-05-11 13:40:30.000000   -1508026.0542    6195601.8975     148788.4314    -3.4820    24.5023   -10.9598         0.04          9    11.3744
2024-05-11 13:41:0.000000   -1508025.8862    6195601.7775     148788.3240    -3.3140    24.3823   -11.0672         0.04          9    11.3692
2024-05-11 13:41:30.000000   -1508025.6976    6195601.6647     148788.2383    -3.1254    24.2695   -11.1529         0.03          9    11.3758
2024-05-11 13:42:0.000000   -1508025.5257    6195601.5704     148788.1437    -2.9535    24.1752   -11.2475         0.04          9    11.3624
2024-05-11 13:42:30.000000   -1508025.3130    6195601.4558     148788.0378    -2.7408    24.0606   -11.3534         0.03          9    11.3665
2024-05-11 13:43:0.000000   -1508025.1107    6195601.3119     148787.9378    -2.5385    23.9167   -11.4534         0.03          9    11.3754
2024-05-11 13:43:30.000000   -1508024.4877    6195602.2941     148787.8310    -1.9155    24.8989   -11.5602         0.04          8    11.3484
2024-05-11 13:44:0.000000   -1508024.2935    6195602.1760     148787.7433    -1.7213    24.7808   -11.6479         0.04          8    11.3592
2024-05-11 13:44:30.000000   -1508024.0938    6195602.0581     148787.6345    -1.5216    24.6629   -11.7567         0.04          8    11.3599
2024-05-11 13:45:0.000000   -1508023.9044    6195601.8807     148787.5411    -1.3322    24.4855   -11.8501         0.04          8    11.3636
2024-05-11 13:45:30.000000   -1508023.7057    6195601.7376     148787.4492    -1.1335    24.3424   -11.9420         0.03          8    11.3679
2024-05-11 13:46:0.000000   -1508023.5279    6195601.6179     148787.3531    -0.9557    24.2227   -12.0381         0.03          8    11.3647
2024-05-11 13:46:30.000000   -1508023.3263    6195601.4945     148787.2378    -0.7541    24.0993   -12.1534         0.03          8    11.3671
2024-05-11 13:47:0.000000   -1508023.1467    6195601.3435     148787.1406    -0.5745    23.9483   -12.2506         0.03          8    11.3693
2024-05-11 13:47:30.000000   -1508022.9800    6195601.1829     148787.0366    -0.4078    23.7877   -12.3546         0.03          8    11.3777
2024-05-11 13:48:0.000000   -1508022.8165    6195601.0601     148786.9188    -0.2443    23.6649   -12.4724         0.03          8    11.3886
2024-05-11 13:48:30.000000   -1508022.6276    6195600.8842     148786.8132    -0.0554    23.4890   -12.5780         0.03          8    11.3960
2024-05-11 13:49:0.000000   -1508022.4254    6195600.6968     148786.7116     0.1468    23.3016   -12.6796         0.03          8    11.3977
2024-05-11 13:49:30.000000   -1508022.2468    6195600.5663     148786.6041     0.3254    23.1711   -12.7871         0.03          8    11.4064
2024-05-11 13:50:0.000000   -1508022.0610    6195600.4411     148786.5048     0.5112    23.0459   -12.8864         0.03          8    11.4152
2024-05-11 13:50:30.000000   -1508020.4170    6195597.9391     148787.2867     2.1552    20.5439   -12.1045         0.02          9    13.2227
2024-05-11 13:51:0.000000   -1508020.1842    6195597.7603     148787.2040     2.3880    20.3651   -12.1872         0.03          9    13.2614
2024-05-11 13:51:30.000000   -1508019.9609    6195597.5596     148787.1279     2.6113    20.1644   -12.2633         0.03          9    13.3258
2024-05-11 13:52:0.000000   -1508019.7712    6195597.3773     148787.0189     2.8010    19.9821   -12.3723         0.03          9    13.3165
2024-05-11 13:52:30.000000   -1508019.5779    6195597.1770     148786.9318     2.9943    19.7818   -12.4594         0.02          9    13.3116
2024-05-11 13:53:0.000000   -1508019.3601    6195596.9923     148786.8539     3.2121    19.5971   -12.5373         0.02          9    13.3106
2024-05-11 13:53:30.000000   -1508019.1424    6195596.8167     148786.7650     3.4298    19.4215   -12.6262         0.02          9    13.2896
2024-05-11 13:54:0.000000   -1508018.9341    6195596.5996     148786.6648     3.6381    19.2044   -12.7264         0.02          9    13.2857
2024-05-11 13:54:30.000000   -1508018.6924    6195596.4133     148786.5772     3.8798    19.0181   -12.8140         0.02          9    13.2604
2024-05-11 13:55:0.000000   -1508018.4596    6195596.1824     148786.4796     4.1126    18.7872   -12.9116         0.02          9    13.2452
2024-05-11 13:55:30.000000   -1508018.2342    6195596.0134     148786.3997     4.3380    18.6182   -12.9915         0.02          9    13.2374
2024-05-11 13:56:0.000000   -1508017.9824    6195595.7915     148786.3066     4.5898    18.3963   -13.0846         0.02          9    13.2380
2024-05-11 13:56:30.000000   -1508017.7728    6195595.5905     148786.2071     4.7994    18.1953   -13.1841         0.02          9    13.2298
2024-05-11 13:57:0.000000   -1508017.5561    6195595.3916     148786.1234     5.0161    17.9964   -13.2678         0.02          9    13.2372
2024-05-11 13:57:30.000000   -1508017.3180    6195595.1777     148786.0150     5.2542    17.7825   -13.3762         0.02          9    13.2321
2024-05-11 13:58:0.000000   -1508017.0791    6195594.9898     148785.9181     5.4931    17.5946   -13.4731         0.02          9    13.2389
2024-05-11 13:58:30.000000   -1508016.8526    6195594.7826     148785.8446     5.7196    17.3874   -13.5466         0.02          9    13.2408
2024-05-11 13:59:0.000000   -1508016.6319    6195594.6087     148785.7512     5.9403    17.2135   -13.6400         0.02          9    13.2521
2024-05-11 13:59:30.000000   -1508016.3942    6195594.3927     148785.6525     6.1780    16.9975   -13.7387         0.02          9    13.2433
