GPS Single Point Positioning Results (without Ionosphere Correction (12:00-14:00))
====================================================================================================
Station: NTUS00SGP
Time Window: 12:00-14:00 (UTC)
Approx Position: X=-1508022.5722, Y=6195577.3952, Z=148799.3912

Epoch                             X (m)           Y (m)           Z (m)     dX (m)     dY (m)     dZ (m)   Clock (us) Satellites    RMS (m)
----------------------------------------------------------------------------------------------------
2024-05-11 12:00:0.000000   -1508038.5288    6195595.5426     148801.9003   -15.9566    18.1474     2.5091         0.08         10     7.6712
2024-05-11 12:00:30.000000   -1508038.5073    6195595.6162     148802.0325   -15.9351    18.2210     2.6413         0.08         10     7.6788
2024-05-11 12:01:0.000000   -1508038.4677    6195595.7239     148802.1641   -15.8955    18.3287     2.7729         0.08         10     7.6823
2024-05-11 12:01:30.000000   -1508038.4290    6195595.8783     148802.2802   -15.8568    18.4831     2.8890         0.08         10     7.6824
2024-05-11 12:02:0.000000   -1508038.4297    6195595.9027     148802.4036   -15.8575    18.5075     3.0124         0.08         10     7.6873
2024-05-11 12:02:30.000000   -1508038.4165    6195595.9843     148802.5263   -15.8443    18.5891     3.1351         0.08         10     7.6947
2024-05-11 12:03:0.000000   -1508038.3664    6195596.1024     148802.6265   -15.7942    18.7072     3.2353         0.08         10     7.7015
2024-05-11 12:03:30.000000   -1508038.3112    6195596.2660     148802.7458   -15.7390    18.8708     3.3546         0.08         10     7.6995
2024-05-11 12:04:0.000000   -1508038.2858    6195596.3546     148802.8198   -15.7136    18.9594     3.4286         0.08         10     7.7117
2024-05-11 12:04:30.000000   -1508038.2294    6195596.4717     148802.8902   -15.6572    19.0765     3.4990         0.08         10     7.7185
2024-05-11 12:05:0.000000   -1508038.1763    6195596.6097     148802.9940   -15.6041    19.2145     3.6028         0.08         10     7.7233
2024-05-11 12:05:30.000000   -1508038.1387    6195596.7926     148803.0964   -15.5665    19.3974     3.7052         0.08         10     7.7252
2024-05-11 12:06:0.000000   -1508038.0671    6195597.0307     148803.2067   -15.4949    19.6355     3.8155         0.08         10     7.7290
2024-05-11 12:06:30.000000   -1508038.0257    6195597.2270     148803.2950   -15.4535    19.8318     3.9038         0.08         10     7.7315
2024-05-11 12:07:0.000000   -1508037.9776    6195597.3672     148803.3858   -15.4054    19.9720     3.9946         0.08         10     7.7404
2024-05-11 12:07:30.000000   -1508037.9408    6195597.4624     148803.4757   -15.3686    20.0672     4.0845         0.08         10     7.7518
2024-05-11 12:08:0.000000   -1508037.8867    6195597.5897     148803.5410   -15.3145    20.1945     4.1498         0.08         10     7.7657
2024-05-11 12:08:30.000000   -1508037.8590    6195597.6750     148803.6275   -15.2868    20.2798     4.2363         0.08         10     7.7846
2024-05-11 12:09:0.000000   -1508037.8371    6195597.7625     148803.7194   -15.2649    20.3673     4.3282         0.08         10     7.7944
2024-05-11 12:09:30.000000   -1508037.7681    6195597.8777     148803.7881   -15.1959    20.4825     4.3969         0.08         10     7.8028
2024-05-11 12:10:0.000000   -1508037.7000    6195597.9544     148803.8514   -15.1278    20.5592     4.4602         0.08         10     7.8226
2024-05-11 12:10:30.000000   -1508037.6620    6195598.0958     148803.9266   -15.0898    20.7006     4.5354         0.08         10     7.8278
2024-05-11 12:11:0.000000   -1508037.5873    6195598.2333     148804.0055   -15.0151    20.8381     4.6143         0.08         10     7.8285
2024-05-11 12:11:30.000000   -1508037.5279    6195598.3139     148804.0731   -14.9557    20.9187     4.6819         0.08         10     7.8436
2024-05-11 12:12:0.000000   -1508037.4772    6195598.4410     148804.1380   -14.9050    21.0458     4.7468         0.08         10     7.8599
2024-05-11 12:12:30.000000   -1508037.4258    6195598.5456     148804.2222   -14.8536    21.1504     4.8310         0.08         10     7.8707
2024-05-11 12:13:0.000000   -1508037.3868    6195598.6720     148804.2864   -14.8146    21.2768     4.8952         0.08         10     7.8887
2024-05-11 12:13:30.000000   -1508037.3234    6195598.7521     148804.3459   -14.7512    21.3569     4.9547         0.08         10     7.9170
2024-05-11 12:14:0.000000   -1508037.3093    6195598.8449     148804.4202   -14.7371    21.4497     5.0290         0.08         10     7.9354
2024-05-11 12:14:30.000000   -1508037.2301    6195598.9930     148804.4661   -14.6579    21.5978     5.0749         0.08         10     7.9497
2024-05-11 12:15:0.000000   -1508037.1927    6195599.0900     148804.5278   -14.6205    21.6948     5.1366         0.08         10     7.9757
2024-05-11 12:15:30.000000   -1508037.1441    6195599.2155     148804.5755   -14.5719    21.8203     5.1843         0.08         10     7.9912
2024-05-11 12:16:0.000000   -1508036.8903    6195600.3673     148804.9036   -14.3181    22.9721     5.5124         0.08          9     8.2552
2024-05-11 12:16:30.000000   -1508036.8302    6195600.5366     148804.9615   -14.2580    23.1414     5.5703         0.08          9     8.2581
2024-05-11 12:17:0.000000   -1508036.7919    6195600.6957     148805.0166   -14.2197    23.3005     5.6254         0.08          9     8.2553
2024-05-11 12:17:30.000000   -1508036.7505    6195600.8729     148805.0708   -14.1783    23.4777     5.6796         0.08          9     8.2516
2024-05-11 12:18:0.000000   -1508036.7263    6195601.0321     148805.1130   -14.1541    23.6369     5.7218         0.09          9     8.2470
2024-05-11 12:18:30.000000   -1508036.7027    6195601.1718     148805.1443   -14.1305    23.7766     5.7531         0.09          9     8.2426
2024-05-11 12:19:0.000000   -1508036.6957    6195601.2725     148805.2136   -14.1235    23.8773     5.8224         0.08          9     8.2587
2024-05-11 12:19:30.000000   -1508036.6713    6195601.4042     148805.2424   -14.0991    24.0090     5.8512         0.09          9     8.2544
2024-05-11 12:20:0.000000   -1508036.6338    6195601.5249     148805.2649   -14.0616    24.1297     5.8737         0.09          9     8.2670
2024-05-11 12:20:30.000000   -1508036.6283    6195601.6212     148805.2827   -14.0561    24.2260     5.8915         0.09          9     8.2683
2024-05-11 12:21:0.000000   -1508036.5835    6195601.7629     148805.3193   -14.0113    24.3677     5.9281         0.09          9     8.2749
2024-05-11 12:21:30.000000   -1508036.5512    6195601.9596     148805.3244   -13.9790    24.5644     5.9332         0.09          9     8.2567
2024-05-11 12:22:0.000000   -1508036.5089    6195602.1736     148805.3427   -13.9367    24.7784     5.9515         0.08          9     8.2456
2024-05-11 12:22:30.000000   -1508036.4857    6195602.3554     148805.3591   -13.9135    24.9602     5.9679         0.09          9     8.2369
2024-05-11 12:23:0.000000   -1508036.4835    6195602.5034     148805.3744   -13.9113    25.1082     5.9832         0.09          9     8.2356
2024-05-11 12:23:30.000000   -1508036.4717    6195602.5481     148805.3823   -13.8995    25.1529     5.9911         0.09          9     8.2353
2024-05-11 12:24:0.000000   -1508036.4998    6195602.6772     148805.4038   -13.9276    25.2820     6.0126         0.09          9     8.2322
2024-05-11 12:24:30.000000   -1508036.4727    6195602.8162     148805.4004   -13.9005    25.4210     6.0092         0.09          9     8.2221
2024-05-11 12:25:0.000000   -1508036.4724    6195602.9573     148805.3999   -13.9002    25.5621     6.0087         0.09          9     8.2136
2024-05-11 12:25:30.000000   -1508036.4767    6195603.0841     148805.3899   -13.9045    25.6889     5.9987         0.09          9     8.2035
2024-05-11 12:26:0.000000   -1508036.4719    6195603.1773     148805.3709   -13.8997    25.7821     5.9797         0.09          9     8.1800
2024-05-11 12:26:30.000000   -1508036.4704    6195603.2616     148805.3713   -13.8982    25.8664     5.9801         0.09          9     8.1701
2024-05-11 12:27:0.000000   -1508036.4804    6195603.3594     148805.3800   -13.9082    25.9642     5.9888         0.09          9     8.1564
2024-05-11 12:27:30.000000   -1508036.4755    6195603.4919     148805.3737   -13.9033    26.0967     5.9825         0.09          9     8.1385
2024-05-11 12:28:0.000000   -1508036.5066    6195603.6312     148805.3405   -13.9344    26.2360     5.9493         0.09          9     8.1168
2024-05-11 12:28:30.000000   -1508036.5163    6195603.7238     148805.3184   -13.9441    26.3286     5.9272         0.09          9     8.1060
2024-05-11 12:29:0.000000   -1508036.5481    6195603.8666     148805.3086   -13.9759    26.4714     5.9174         0.09          9     8.0893
2024-05-11 12:29:30.000000   -1508036.5601    6195603.9283     148805.2855   -13.9879    26.5331     5.8943         0.09          9     8.0775
2024-05-11 12:30:0.000000   -1508036.6084    6195604.0959     148805.2397   -14.0362    26.7007     5.8485         0.09          9     8.0653
2024-05-11 12:30:30.000000   -1508036.6495    6195604.2718     148805.1774   -14.0773    26.8766     5.7862         0.09          9     8.0442
2024-05-11 12:31:0.000000   -1508036.7262    6195604.5026     148805.1158   -14.1540    27.1074     5.7246         0.09          9     8.0979
2024-05-11 12:31:30.000000   -1508036.7654    6195604.6544     148805.0662   -14.1932    27.2592     5.6750         0.09          9     8.0750
2024-05-11 12:32:0.000000   -1508036.7870    6195604.7186     148805.0237   -14.2148    27.3234     5.6325         0.09          9     8.0235
2024-05-11 12:32:30.000000   -1508036.8130    6195604.9456     148804.9926   -14.2408    27.5504     5.6014         0.09          9     7.9745
2024-05-11 12:33:0.000000   -1508036.7722    6195604.9441     148805.0178   -14.2000    27.5489     5.6266         0.09          9     7.8330
2024-05-11 12:33:30.000000   -1508036.8147    6195605.0905     148804.9793   -14.2425    27.6953     5.5881         0.09          9     7.8004
2024-05-11 12:34:0.000000   -1508039.2736    6195609.9668     148803.3106   -16.7014    32.5716     3.9194         0.10          9    11.4955
2024-05-11 12:34:30.000000   -1508039.3575    6195610.2415     148803.2251   -16.7853    32.8463     3.8339         0.10          9    11.4694
2024-05-11 12:35:0.000000   -1508036.9420    6195605.4897     148804.8358   -14.3698    28.0945     5.4446         0.09          9     7.7273
2024-05-11 12:35:30.000000   -1508037.0612    6195605.7607     148804.7174   -14.4890    28.3655     5.3262         0.09          9     7.7852
2024-05-11 12:36:0.000000   -1508037.1262    6195606.0173     148804.6395   -14.5540    28.6221     5.2483         0.09          9     7.7542
2024-05-11 12:36:30.000000   -1508037.1943    6195606.2126     148804.5886   -14.6221    28.8174     5.1974         0.09          9     7.7223
2024-05-11 12:37:0.000000   -1508037.2353    6195606.3588     148804.5264   -14.6631    28.9636     5.1352         0.09          9     7.6724
2024-05-11 12:37:30.000000   -1508037.2978    6195606.4998     148804.4974   -14.7256    29.1046     5.1062         0.10          9     7.6466
2024-05-11 12:38:0.000000   -1508037.3525    6195606.7351     148804.4331   -14.7803    29.3399     5.0419         0.10          9     7.5977
2024-05-11 12:38:30.000000   -1508037.3989    6195606.8672     148804.3705   -14.8267    29.4720     4.9793         0.10          9     7.5557
2024-05-11 12:39:0.000000   -1508037.4645    6195607.0826     148804.2699   -14.8923    29.6874     4.8787         0.09          9     7.5079
2024-05-11 12:39:30.000000   -1508037.5552    6195607.2263     148804.2271   -14.9830    29.8311     4.8359         0.10          9     7.4728
2024-05-11 12:40:0.000000   -1508037.6288    6195607.4140     148804.1482   -15.0566    30.0188     4.7570         0.10          9     7.4335
2024-05-11 12:40:30.000000   -1508037.6974    6195607.6340     148804.0936   -15.1252    30.2388     4.7024         0.10          9     7.3903
2024-05-11 12:41:0.000000   -1508037.7651    6195607.8679     148804.0187   -15.1929    30.4727     4.6275         0.10          9     7.3421
2024-05-11 12:41:30.000000   -1508037.8584    6195608.0668     148803.9386   -15.2862    30.6716     4.5474         0.10          9     7.2949
2024-05-11 12:42:0.000000   -1508037.9437    6195608.2404     148803.8747   -15.3715    30.8452     4.4835         0.10          9     7.2576
2024-05-11 12:42:30.000000   -1508038.0342    6195608.4594     148803.8045   -15.4620    31.0642     4.4133         0.10          9     7.2112
2024-05-11 12:43:0.000000   -1508038.1318    6195608.6549     148803.7194   -15.5596    31.2597     4.3282         0.10          9     7.1710
2024-05-11 12:43:30.000000   -1508038.2101    6195608.8150     148803.6362   -15.6379    31.4198     4.2450         0.10          9     7.1344
2024-05-11 12:44:0.000000   -1508038.3031    6195609.0295     148803.5449   -15.7309    31.6343     4.1537         0.10          9     7.0865
2024-05-11 12:44:30.000000   -1508038.3915    6195609.2550     148803.4612   -15.8193    31.8598     4.0700         0.10          9     7.0385
2024-05-11 12:45:0.000000   -1508038.5017    6195609.4679     148803.3627   -15.9295    32.0727     3.9715         0.10          9     6.9907
2024-05-11 12:45:30.000000   -1508038.6067    6195609.7212     148803.2523   -16.0345    32.3260     3.8611         0.10          9     6.9413
2024-05-11 12:46:0.000000   -1508038.7289    6195610.0095     148803.1311   -16.1567    32.6143     3.7399         0.10          9     6.8851
2024-05-11 12:46:30.000000   -1508038.8460    6195610.2819     148803.0332   -16.2738    32.8867     3.6420         0.10          9     6.8458
2024-05-11 12:47:0.000000   -1508038.9710    6195610.5463     148802.9277   -16.3988    33.1511     3.5365         0.10          9     6.8112
2024-05-11 12:47:30.000000   -1508039.0833    6195610.8117     148802.8211   -16.5111    33.4165     3.4299         0.10          9     6.7693
2024-05-11 12:48:0.000000   -1508039.2109    6195611.0990     148802.7100   -16.6387    33.7038     3.3188         0.10          9     6.7179
2024-05-11 12:48:30.000000   -1508039.3098    6195611.3227     148802.6047   -16.7376    33.9275     3.2135         0.11          9     6.6791
2024-05-11 12:49:0.000000   -1508039.4304    6195611.6121     148802.4927   -16.8582    34.2169     3.1015         0.11          9     6.6399
2024-05-11 12:49:30.000000   -1508039.5473    6195611.8428     148802.3916   -16.9751    34.4476     3.0004         0.11          9     6.6072
2024-05-11 12:50:0.000000   -1508039.6788    6195612.0679     148802.3010   -17.1066    34.6727     2.9098         0.11          9     6.5743
2024-05-11 12:50:30.000000   -1508039.7822    6195612.3386     148802.1729   -17.2100    34.9434     2.7817         0.11          9     6.5304
2024-05-11 12:51:0.000000   -1508039.9156    6195612.5759     148802.0764   -17.3434    35.1807     2.6852         0.11          9     6.4873
2024-05-11 12:51:30.000000   -1508040.0112    6195612.8030     148801.9980   -17.4390    35.4078     2.6068         0.11          9     6.4419
2024-05-11 12:52:0.000000   -1508040.1425    6195613.1121     148801.8931   -17.5703    35.7169     2.5019         0.11          9     6.3969
2024-05-11 12:52:30.000000   -1508040.2456    6195613.4004     148801.7849   -17.6734    36.0052     2.3937         0.11          9     6.3402
2024-05-11 12:53:0.000000   -1508040.3500    6195613.6581     148801.6846   -17.7778    36.2629     2.2934         0.11          9     6.2966
2024-05-11 12:53:30.000000   -1508040.4662    6195613.8619     148801.6125   -17.8940    36.4667     2.2213         0.11          9     6.2492
2024-05-11 12:54:0.000000   -1508040.5986    6195614.1007     148801.5261   -18.0264    36.7055     2.1349         0.11          9     6.2253
2024-05-11 12:54:30.000000   -1508040.7193    6195614.3510     148801.4203   -18.1471    36.9558     2.0291         0.11          9     6.1784
2024-05-11 12:55:0.000000   -1508040.8475    6195614.6222     148801.3019   -18.2753    37.2270     1.9107         0.11          9     6.1433
2024-05-11 12:55:30.000000   -1508040.9803    6195614.8505     148801.2091   -18.4081    37.4553     1.8179         0.11          9     6.1083
2024-05-11 12:56:0.000000   -1508041.1187    6195615.0787     148801.1059   -18.5465    37.6835     1.7147         0.11          9     6.0713
2024-05-11 12:56:30.000000   -1508041.2328    6195615.2966     148801.0066   -18.6606    37.9014     1.6154         0.11          9     6.0322
2024-05-11 12:57:0.000000   -1508038.3092    6195609.4128     148800.1891   -15.7370    32.0176     0.7979         0.10         10    13.6674
2024-05-11 12:57:30.000000   -1508038.3574    6195609.5400     148800.0684   -15.7852    32.1448     0.6772         0.10         10    13.5199
2024-05-11 12:58:0.000000   -1508038.3973    6195609.6836     148799.9378   -15.8251    32.2884     0.5466         0.10         10    13.4747
2024-05-11 12:58:30.000000   -1508038.4156    6195609.7556     148799.7819   -15.8434    32.3604     0.3907         0.10         10    13.4400
2024-05-11 12:59:0.000000   -1508038.4354    6195609.8532     148799.6479   -15.8632    32.4580     0.2567         0.10         10    13.4109
2024-05-11 12:59:30.000000   -1508038.4587    6195609.8883     148799.5200   -15.8865    32.4931     0.1288         0.10         10    13.4002
2024-05-11 13:00:0.000000   -1508038.4695    6195609.9913     148799.3893   -15.8973    32.5961    -0.0019         0.10         10    13.3948
2024-05-11 13:00:30.000000   -1508034.5065    6195608.6194     148798.4863   -11.9343    31.2242    -0.9049         0.10         10    13.2805
2024-05-11 13:01:0.000000   -1508034.5838    6195608.8938     148798.3041   -12.0116    31.4986    -1.0871         0.09         10    13.2850
2024-05-11 13:01:30.000000   -1508034.6659    6195609.1410     148798.1033   -12.0937    31.7458    -1.2879         0.09         10    13.2727
2024-05-11 13:02:0.000000   -1508034.7418    6195609.4039     148797.9144   -12.1696    32.0087    -1.4768         0.09         10    13.2695
2024-05-11 13:02:30.000000   -1508034.8117    6195609.6527     148797.7375   -12.2395    32.2575    -1.6537         0.10         10    13.2671
2024-05-11 13:03:0.000000   -1508034.8725    6195609.8404     148797.5681   -12.3003    32.4452    -1.8231         0.10         10    13.2581
2024-05-11 13:03:30.000000   -1508034.9356    6195610.0374     148797.3968   -12.3634    32.6422    -1.9944         0.10         10    13.2641
2024-05-11 13:04:0.000000   -1508034.9799    6195610.2270     148797.2161   -12.4077    32.8318    -2.1751         0.10         10    13.2488
2024-05-11 13:04:30.000000   -1508035.0341    6195610.3990     148797.0436   -12.4619    33.0038    -2.3476         0.10         10    13.2394
2024-05-11 13:05:0.000000   -1508035.2813    6195612.0416     148796.4870   -12.7091    34.6464    -2.9042         0.10          9    13.8791
2024-05-11 13:05:30.000000   -1508035.3181    6195612.2552     148796.3059   -12.7459    34.8600    -3.0853         0.10          9    13.8627
2024-05-11 13:06:0.000000   -1508035.3479    6195612.4265     148796.1191   -12.7757    35.0313    -3.2721         0.10          9    13.8283
2024-05-11 13:06:30.000000   -1508035.3776    6195612.5882     148795.9461   -12.8054    35.1930    -3.4451         0.10          9    13.7917
2024-05-11 13:07:0.000000   -1508035.3991    6195612.7942     148795.7579   -12.8269    35.3990    -3.6333         0.10          9    13.7454
2024-05-11 13:07:30.000000   -1508035.3861    6195612.9197     148795.5811   -12.8139    35.5245    -3.8101         0.10          9    13.6995
2024-05-11 13:08:0.000000   -1508035.4062    6195613.0552     148795.4171   -12.8340    35.6600    -3.9741         0.10          9    13.6667
2024-05-11 13:08:30.000000   -1508035.3996    6195613.1788     148795.2909   -12.8274    35.7836    -4.1003         0.10          9    13.6395
2024-05-11 13:09:0.000000   -1508035.3872    6195613.2827     148795.1238   -12.8150    35.8875    -4.2674         0.10          9    13.5917
2024-05-11 13:09:30.000000   -1508035.4111    6195613.4213     148794.9616   -12.8389    36.0261    -4.4296         0.10          9    13.5470
2024-05-11 13:10:0.000000   -1508035.4025    6195613.5682     148794.7936   -12.8303    36.1730    -4.5976         0.10          9    13.4952
2024-05-11 13:10:30.000000   -1508035.4088    6195613.6604     148794.6284   -12.8366    36.2652    -4.7628         0.10          9    13.4471
2024-05-11 13:11:0.000000   -1508035.4188    6195613.7941     148794.4460   -12.8466    36.3989    -4.9452         0.10          9    13.3929
2024-05-11 13:11:30.000000   -1508035.4082    6195613.8579     148794.3027   -12.8360    36.4627    -5.0885         0.10          9    13.3498
2024-05-11 13:12:0.000000   -1508035.4080    6195614.0187     148794.1263   -12.8358    36.6235    -5.2649         0.10          9    13.2975
2024-05-11 13:12:30.000000   -1508035.3911    6195614.0970     148793.9767   -12.8189    36.7018    -5.4145         0.10          9    13.2522
2024-05-11 13:13:0.000000   -1508035.3879    6195614.1539     148793.8400   -12.8157    36.7587    -5.5512         0.10          9    13.2142
2024-05-11 13:13:30.000000   -1508035.3765    6195614.2292     148793.6996   -12.8043    36.8340    -5.6916         0.10          9    13.1631
2024-05-11 13:14:0.000000   -1508035.3702    6195614.2797     148793.5511   -12.7980    36.8845    -5.8401         0.10          9    13.1136
2024-05-11 13:14:30.000000   -1508035.3504    6195614.3363     148793.4065   -12.7782    36.9411    -5.9847         0.10          9    13.0627
2024-05-11 13:15:0.000000   -1508035.3319    6195614.4100     148793.2633   -12.7597    37.0148    -6.1279         0.10          9    13.0096
2024-05-11 13:15:30.000000   -1508035.3131    6195614.4847     148793.1278   -12.7409    37.0895    -6.2634         0.10          9    12.9577
2024-05-11 13:16:0.000000   -1508035.2760    6195614.4783     148793.0185   -12.7038    37.0831    -6.3727         0.10          9    12.9213
2024-05-11 13:16:30.000000   -1508035.2425    6195614.5182     148792.8775   -12.6703    37.1230    -6.5137         0.10          9    12.8734
2024-05-11 13:17:0.000000   -1508035.2170    6195614.5468     148792.7351   -12.6448    37.1516    -6.6561         0.10          9    12.8284
2024-05-11 13:17:30.000000   -1508035.1509    6195614.5126     148792.6200   -12.5787    37.1174    -6.7712         0.10          9    12.7831
2024-05-11 13:18:0.000000   -1508035.1043    6195614.5088     148792.4974   -12.5321    37.1136    -6.8938         0.10          9    12.7471
2024-05-11 13:18:30.000000   -1508035.0342    6195614.4475     148792.3951   -12.4620    37.0523    -6.9961         0.10          9    12.7095
2024-05-11 13:19:0.000000   -1508034.9683    6195614.4376     148792.2778   -12.3961    37.0424    -7.1134         0.10          9    12.6672
2024-05-11 13:19:30.000000   -1508034.9198    6195614.2658     148792.1784   -12.3476    36.8706    -7.2128         0.10          9    12.6667
2024-05-11 13:20:0.000000   -1508034.8579    6195614.2299     148792.0546   -12.2857    36.8347    -7.3366         0.10          9    12.6150
2024-05-11 13:20:30.000000   -1508034.7945    6195614.1811     148791.9279   -12.2223    36.7859    -7.4633         0.10          9    12.5661
2024-05-11 13:21:0.000000   -1508034.7329    6195614.1829     148791.8193   -12.1607    36.7877    -7.5719         0.10          9    12.5175
2024-05-11 13:21:30.000000   -1508034.6633    6195614.1028     148791.7067   -12.0911    36.7076    -7.6845         0.10          9    12.4551
2024-05-11 13:22:0.000000   -1508034.5866    6195614.0370     148791.5913   -12.0144    36.6418    -7.7999         0.10          9    12.4077
2024-05-11 13:22:30.000000   -1508034.5047    6195614.0000     148791.4825   -11.9325    36.6048    -7.9087         0.10          9    12.3502
2024-05-11 13:23:0.000000   -1508034.4174    6195613.9263     148791.3701   -11.8452    36.5311    -8.0211         0.10          9    12.3048
2024-05-11 13:23:30.000000   -1508034.3097    6195613.8714     148791.2616   -11.7375    36.4762    -8.1296         0.09          9    12.2506
2024-05-11 13:24:0.000000   -1508034.2017    6195613.7992     148791.1524   -11.6295    36.4040    -8.2388         0.10          9    12.2018
2024-05-11 13:24:30.000000   -1508034.0934    6195613.7174     148791.0418   -11.5212    36.3222    -8.3494         0.10          9    12.1613
2024-05-11 13:25:0.000000   -1508033.9951    6195613.5944     148790.9279   -11.4229    36.1992    -8.4633         0.09          9    12.1248
2024-05-11 13:25:30.000000   -1508033.8428    6195613.4903     148790.8281   -11.2706    36.0951    -8.5631         0.10          9    12.0828
2024-05-11 13:26:0.000000   -1508033.7440    6195613.4547     148790.7147   -11.1718    36.0595    -8.6765         0.09          9    12.0488
2024-05-11 13:26:30.000000   -1508033.6132    6195613.3315     148790.6106   -11.0410    35.9363    -8.7806         0.09          9    12.0203
2024-05-11 13:27:0.000000   -1508033.4952    6195613.2453     148790.5058   -10.9230    35.8501    -8.8854         0.09          9    11.9899
2024-05-11 13:27:30.000000   -1508033.3748    6195613.1616     148790.4034   -10.8026    35.7664    -8.9878         0.09          9    11.9525
2024-05-11 13:28:0.000000   -1508033.2288    6195613.0733     148790.3008   -10.6566    35.6781    -9.0904         0.09          9    11.9149
2024-05-11 13:28:30.000000   -1508033.1169    6195612.9830     148790.1898   -10.5447    35.5878    -9.2014         0.09          9    11.8797
2024-05-11 13:29:0.000000   -1508032.9722    6195612.8700     148790.0760   -10.4000    35.4748    -9.3152         0.09          9    11.8434
2024-05-11 13:29:30.000000   -1508032.8284    6195612.7835     148789.9716   -10.2562    35.3883    -9.4196         0.09          9    11.8103
2024-05-11 13:30:0.000000   -1508032.7064    6195612.6872     148789.8756   -10.1342    35.2920    -9.5156         0.09          9    11.7835
2024-05-11 13:30:30.000000   -1508032.5339    6195612.5835     148789.7753    -9.9617    35.1883    -9.6159         0.09          9    11.7605
2024-05-11 13:31:0.000000   -1508032.4030    6195612.4777     148789.6800    -9.8308    35.0825    -9.7112         0.09          9    11.7261
2024-05-11 13:31:30.000000   -1508032.2388    6195612.3792     148789.5974    -9.6666    34.9840    -9.7938         0.09          9    11.7007
2024-05-11 13:32:0.000000   -1508032.0764    6195612.2563     148789.5158    -9.5042    34.8611    -9.8754         0.09          9    11.6658
2024-05-11 13:32:30.000000   -1508031.9251    6195612.1873     148789.4385    -9.3529    34.7921    -9.9527         0.09          9    11.6439
2024-05-11 13:33:0.000000   -1508031.7579    6195612.0550     148789.3428    -9.1857    34.6598   -10.0484         0.09          9    11.6231
2024-05-11 13:33:30.000000   -1508031.5947    6195611.9601     148789.2567    -9.0225    34.5649   -10.1345         0.09          9    11.5916
2024-05-11 13:34:0.000000   -1508031.4199    6195611.8021     148789.1491    -8.8477    34.4069   -10.2421         0.09          9    11.5637
2024-05-11 13:34:30.000000   -1508031.2517    6195611.6561     148789.0609    -8.6795    34.2609   -10.3303         0.09          9    11.5388
2024-05-11 13:35:0.000000   -1508031.0820    6195611.5403     148788.9667    -8.5098    34.1451   -10.4245         0.09          9    11.5188
2024-05-11 13:35:30.000000   -1508030.9082    6195611.4019     148788.8694    -8.3360    34.0067   -10.5218         0.09          9    11.5034
2024-05-11 13:36:0.000000   -1508030.7521    6195611.2552     148788.7834    -8.1799    33.8600   -10.6078         0.08          9    11.4887
2024-05-11 13:36:30.000000   -1508030.6052    6195611.1514     148788.6823    -8.0330    33.7562   -10.7089         0.08          9    11.4777
2024-05-11 13:37:0.000000   -1508030.4319    6195611.0359     148788.5871    -7.8597    33.6407   -10.8041         0.08          9    11.4611
2024-05-11 13:37:30.000000   -1508030.2609    6195610.8878     148788.4900    -7.6887    33.4926   -10.9012         0.08          9    11.4544
2024-05-11 13:38:0.000000   -1508030.0856    6195610.7926     148788.3863    -7.5134    33.3974   -11.0049         0.08          9    11.4327
2024-05-11 13:38:30.000000   -1508029.8990    6195610.6209     148788.2848    -7.3268    33.2257   -11.1064         0.08          9    11.4239
2024-05-11 13:39:0.000000   -1508029.7112    6195610.4650     148788.1890    -7.1390    33.0698   -11.2022         0.08          9    11.4111
2024-05-11 13:39:30.000000   -1508029.5222    6195610.3469     148788.0750    -6.9500    32.9517   -11.3162         0.08          9    11.4042
2024-05-11 13:40:0.000000   -1508029.3401    6195610.1840     148787.9673    -6.7679    32.7888   -11.4239         0.08          9    11.3881
2024-05-11 13:40:30.000000   -1508029.1352    6195610.0157     148787.8834    -6.5630    32.6205   -11.5078         0.08          9    11.3833
2024-05-11 13:41:0.000000   -1508028.9536    6195609.8617     148787.7733    -6.3814    32.4665   -11.6179         0.08          9    11.3804
2024-05-11 13:41:30.000000   -1508028.7516    6195609.7154     148787.6847    -6.1794    32.3202   -11.7065         0.08          9    11.3893
2024-05-11 13:42:0.000000   -1508028.5663    6195609.5880     148787.5872    -5.9941    32.1928   -11.8040         0.08          9    11.3781
2024-05-11 13:42:30.000000   -1508028.3404    6195609.4407     148787.4783    -5.7682    32.0455   -11.9129         0.08          9    11.3844
2024-05-11 13:43:0.000000   -1508028.1248    6195609.2646     148787.3751    -5.5526    31.8694   -12.0161         0.08          9    11.3953
2024-05-11 13:43:30.000000   -1508027.4913    6195610.2082     148787.2652    -4.9191    32.8130   -12.1260         0.08          8    11.3814
2024-05-11 13:44:0.000000   -1508027.2837    6195610.0598     148787.1742    -4.7115    32.6646   -12.2170         0.08          8    11.3932
2024-05-11 13:44:30.000000   -1508027.0706    6195609.9119     148787.0620    -4.4984    32.5167   -12.3292         0.08          8    11.3947
2024-05-11 13:45:0.000000   -1508026.8681    6195609.7048     148786.9652    -4.2959    32.3096   -12.4260         0.08          8    11.3992
2024-05-11 13:45:30.000000   -1508026.6562    6195609.5323     148786.8697    -4.0840    32.1371   -12.5215         0.08          8    11.4042
2024-05-11 13:46:0.000000   -1508026.4654    6195609.3836     148786.7701    -3.8932    31.9884   -12.6211         0.08          8    11.4016
2024-05-11 13:46:30.000000   -1508026.2510    6195609.2316     148786.6512    -3.6788    31.8364   -12.7400         0.08          8    11.4045
2024-05-11 13:47:0.000000   -1508026.0586    6195609.0522     148786.5505    -3.4864    31.6570   -12.8407         0.08          8    11.4072
2024-05-11 13:47:30.000000   -1508025.8793    6195608.8635     148786.4428    -3.3071    31.4683   -12.9484         0.08          8    11.4159
2024-05-11 13:48:0.000000   -1508025.7033    6195608.7130     148786.3213    -3.1311    31.3178   -13.0699         0.08          8    11.4270
2024-05-11 13:48:30.000000   -1508025.5020    6195608.5097     148786.2120    -2.9298    31.1145   -13.1792         0.08          8    11.4345
2024-05-11 13:49:0.000000   -1508025.2875    6195608.2951     148786.1067    -2.7153    30.8999   -13.2845         0.08          8    11.4363
2024-05-11 13:49:30.000000   -1508025.0968    6195608.1378     148785.9955    -2.5246    30.7426   -13.3957         0.08          8    11.4450
2024-05-11 13:50:0.000000   -1508024.8990    6195607.9861     148785.8924    -2.3268    30.5909   -13.4988         0.07          8    11.4538
2024-05-11 13:50:30.000000   -1508023.4550    6195605.7940     148786.5439    -0.8828    28.3988   -12.8473         0.07          9    12.6553
2024-05-11 13:51:0.000000   -1508023.2110    6195605.5894     148786.4570    -0.6388    28.1942   -12.9342         0.07          9    12.6983
2024-05-11 13:51:30.000000   -1508022.9766    6195605.3630     148786.3766    -0.4044    27.9678   -13.0146         0.07          9    12.7643
2024-05-11 13:52:0.000000   -1508022.7759    6195605.1554     148786.2635    -0.2037    27.7602   -13.1277         0.07          9    12.7648
2024-05-11 13:52:30.000000   -1508022.5717    6195604.9299     148786.1722     0.0005    27.5347   -13.2190         0.07          9    12.7683
2024-05-11 13:53:0.000000   -1508022.3432    6195604.7204     148786.0903     0.2290    27.3252   -13.3009         0.07          9    12.7756
2024-05-11 13:53:30.000000   -1508022.1148    6195604.5202     148785.9973     0.4574    27.1250   -13.3939         0.07          9    12.7639
2024-05-11 13:54:0.000000   -1508021.8960    6195604.2789     148785.8930     0.6762    26.8837   -13.4982         0.07          9    12.7692
2024-05-11 13:54:30.000000   -1508021.6439    6195604.0687     148785.8015     0.9283    26.6735   -13.5897         0.07          9    12.7533
2024-05-11 13:55:0.000000   -1508021.4009    6195603.8142     148785.6999     1.1713    26.4190   -13.6913         0.07          9    12.7473
2024-05-11 13:55:30.000000   -1508021.1654    6195603.6220     148785.6162     1.4068    26.2268   -13.7750         0.06          9    12.7473
2024-05-11 13:56:0.000000   -1508020.9038    6195603.3772     148785.5193     1.6684    25.9820   -13.8719         0.06          9    12.7565
2024-05-11 13:56:30.000000   -1508020.6845    6195603.1538     148785.4161     1.8877    25.7586   -13.9751         0.06          9    12.7570
2024-05-11 13:57:0.000000   -1508020.4582    6195602.9327     148785.3288     2.1140    25.5375   -14.0624         0.06          9    12.7733
2024-05-11 13:57:30.000000   -1508020.2107    6195602.6971     148785.2169     2.3615    25.3019   -14.1743         0.06          9    12.7758
2024-05-11 13:58:0.000000   -1508019.9626    6195602.4877     148785.1166     2.6096    25.0925   -14.2746         0.06          9    12.7907
2024-05-11 13:58:30.000000   -1508019.7270    6195602.2592     148785.0398     2.8452    24.8640   -14.3514         0.06          9    12.8009
2024-05-11 13:59:0.000000   -1508019.4973    6195602.0642     148784.9432     3.0749    24.6690   -14.4480         0.06          9    12.8201
2024-05-11 13:59:30.000000   -1508019.2508    6195601.8272     148784.8414     3.3214    24.4320   -14.5498         0.06          9    12.8187
