GPS Single Point Positioning Results (without Ionosphere Correction (12:00-14:00))
====================================================================================================
Station: NTUS00SGP
Time Window: 12:00-14:00 (UTC)
Approx Position: X=-1508022.5722, Y=6195577.3952, Z=148799.3912

Epoch                             X (m)           Y (m)           Z (m)     dX (m)     dY (m)     dZ (m)   Clock (us) Satellites    RMS (m)
----------------------------------------------------------------------------------------------------
2024-05-08 12:00:0.000000   -1508038.5446    6195588.9287     148797.7838   -15.9724    11.5335    -1.6074         0.05         10     8.1153
2024-05-08 12:00:30.000000   -1508038.5159    6195589.0391     148797.9385   -15.9437    11.6439    -1.4527         0.05         10     8.1347
2024-05-08 12:01:0.000000   -1508038.4765    6195589.1797     148798.0756   -15.9043    11.7845    -1.3156         0.05         10     8.1492
2024-05-08 12:01:30.000000   -1508038.4438    6195589.1877     148798.2158   -15.8716    11.7925    -1.1754         0.05         10     8.1751
2024-05-08 12:02:0.000000   -1508038.4021    6195589.2823     148798.3461   -15.8299    11.8871    -1.0451         0.05         10     8.2029
2024-05-08 12:02:30.000000   -1508038.3704    6195589.3584     148798.4600   -15.7982    11.9632    -0.9312         0.05         10     8.2200
2024-05-08 12:03:0.000000   -1508038.3560    6195589.4183     148798.5887   -15.7838    12.0231    -0.8025         0.05         10     8.2380
2024-05-08 12:03:30.000000   -1508038.3097    6195589.5232     148798.7013   -15.7375    12.1280    -0.6899         0.05         10     8.2727
2024-05-08 12:04:0.000000   -1508038.2801    6195589.7125     148798.8230   -15.7079    12.3173    -0.5682         0.05         10     8.2998
2024-05-08 12:04:30.000000   -1508038.2506    6195589.8353     148798.9348   -15.6784    12.4401    -0.4564         0.05         10     8.3195
2024-05-08 12:05:0.000000   -1508038.2382    6195589.9982     148799.0930   -15.6660    12.6030    -0.2982         0.05         10     8.3332
2024-05-08 12:05:30.000000   -1508038.1262    6195590.0536     148799.1827   -15.5540    12.6584    -0.2085         0.05         10     8.3672
2024-05-08 12:06:0.000000   -1508038.1111    6195590.1159     148799.3016   -15.5389    12.7207    -0.0896         0.05         10     8.3935
2024-05-08 12:06:30.000000   -1508038.0823    6195590.2273     148799.4429   -15.5101    12.8321     0.0517         0.05         10     8.4171
2024-05-08 12:07:0.000000   -1508038.0401    6195590.3190     148799.5516   -15.4679    12.9238     0.1604         0.05         10     8.4353
2024-05-08 12:07:30.000000   -1508037.9787    6195590.4621     148799.6839   -15.4065    13.0669     0.2927         0.05         10     8.4562
2024-05-08 12:08:0.000000   -1508037.8821    6195590.4273     148799.7868   -15.3099    13.0321     0.3956         0.05         10     8.4971
2024-05-08 12:08:30.000000   -1508037.8323    6195590.5678     148799.9239   -15.2601    13.1726     0.5327         0.05         10     8.5278
2024-05-08 12:09:0.000000   -1508037.7783    6195590.7152     148800.0502   -15.2061    13.3200     0.6590         0.05         10     8.5635
2024-05-08 12:09:30.000000   -1508037.7528    6195590.8596     148800.2057   -15.1806    13.4644     0.8145         0.05         10     8.5838
2024-05-08 12:10:0.000000   -1508037.6895    6195590.9553     148800.3534   -15.1173    13.5601     0.9622         0.05         10     8.6154
2024-05-08 12:10:30.000000   -1508037.5932    6195591.0864     148800.4751   -15.0210    13.6912     1.0839         0.05         10     8.6636
2024-05-08 12:11:0.000000   -1508037.5518    6195591.1829     148800.6053   -14.9796    13.7877     1.2141         0.05         10     8.6889
2024-05-08 12:11:30.000000   -1508037.5097    6195591.2790     148800.7484   -14.9375    13.8838     1.3572         0.05         10     8.7277
2024-05-08 12:12:0.000000   -1508037.4522    6195591.4107     148800.8831   -14.8800    14.0155     1.4919         0.05         10     8.7553
2024-05-08 12:12:30.000000   -1508037.4101    6195591.4632     148801.0333   -14.8379    14.0680     1.6421         0.05         10     8.7981
2024-05-08 12:13:0.000000   -1508037.3316    6195591.6172     148801.1609   -14.7594    14.2220     1.7697         0.05         10     8.8398
2024-05-08 12:13:30.000000   -1508037.2734    6195591.6995     148801.2619   -14.7012    14.3043     1.8707         0.05         10     8.8649
2024-05-08 12:14:0.000000   -1508037.1894    6195591.8872     148801.4042   -14.6172    14.4920     2.0130         0.05         10     8.9161
2024-05-08 12:14:30.000000   -1508037.1205    6195592.0883     148801.5610   -14.5483    14.6931     2.1698         0.05         10     8.9459
2024-05-08 12:15:0.000000   -1508037.0494    6195592.2871     148801.7081   -14.4772    14.8919     2.3169         0.05         10     8.9838
2024-05-08 12:15:30.000000   -1508036.9788    6195592.4405     148801.8551   -14.4066    15.0453     2.4639         0.05         10     9.0168
2024-05-08 12:16:0.000000   -1508036.9169    6195592.6019     148802.0123   -14.3447    15.2067     2.6211         0.05         10     9.0478
2024-05-08 12:16:30.000000   -1508036.8523    6195592.7943     148802.1533   -14.2801    15.3991     2.7621         0.05         10     9.0756
2024-05-08 12:17:0.000000   -1508036.7888    6195592.9375     148802.2825   -14.2166    15.5423     2.8913         0.06         10     9.1217
2024-05-08 12:17:30.000000   -1508036.7465    6195593.0591     148802.4207   -14.1743    15.6639     3.0295         0.05         10     9.1527
2024-05-08 12:18:0.000000   -1508036.7273    6195593.2008     148802.5299   -14.1551    15.8056     3.1387         0.05         10     9.1867
2024-05-08 12:18:30.000000   -1508036.6650    6195593.3730     148802.6732   -14.0928    15.9778     3.2820         0.05         10     9.2312
2024-05-08 12:19:0.000000   -1508036.5692    6195593.6438     148802.8072   -13.9970    16.2486     3.4160         0.05         10     9.2630
2024-05-08 12:19:30.000000   -1508036.5084    6195593.8293     148802.9420   -13.9362    16.4341     3.5508         0.05         10     9.2992
2024-05-08 12:20:0.000000   -1508036.4414    6195594.0682     148803.0820   -13.8692    16.6730     3.6908         0.06         10     9.3396
2024-05-08 12:20:30.000000   -1508036.3788    6195594.2713     148803.2106   -13.8066    16.8761     3.8194         0.06         10     9.3819
2024-05-08 12:21:0.000000   -1508036.3278    6195594.4768     148803.3489   -13.7556    17.0816     3.9577         0.05         10     9.4232
2024-05-08 12:21:30.000000   -1508036.2381    6195594.6679     148803.4533   -13.6659    17.2727     4.0621         0.06         10     9.4559
2024-05-08 12:22:0.000000   -1508036.1824    6195594.8350     148803.5953   -13.6102    17.4398     4.2041         0.06         10     9.4979
2024-05-08 12:22:30.000000   -1508036.0970    6195595.0536     148803.7109   -13.5248    17.6584     4.3197         0.06         10     9.5402
2024-05-08 12:23:0.000000   -1508036.0394    6195595.2545     148803.8264   -13.4672    17.8593     4.4352         0.06         10     9.5671
2024-05-08 12:23:30.000000   -1508035.9801    6195595.4423     148803.9584   -13.4079    18.0471     4.5672         0.06         10     9.6163
2024-05-08 12:24:0.000000   -1508035.9394    6195595.5496     148804.0723   -13.3672    18.1544     4.6811         0.06         10     9.6570
2024-05-08 12:24:30.000000   -1508035.9230    6195595.6665     148804.2074   -13.3508    18.2713     4.8162         0.06         10     9.6996
2024-05-08 12:25:0.000000   -1508035.8464    6195595.8377     148804.3197   -13.2742    18.4425     4.9285         0.06         10     9.7534
2024-05-08 12:25:30.000000   -1508035.8071    6195596.0233     148804.4401   -13.2349    18.6281     5.0489         0.06         10     9.7868
2024-05-08 12:26:0.000000   -1508035.7320    6195596.2088     148804.5258   -13.1598    18.8136     5.1346         0.06         10     9.8278
2024-05-08 12:26:30.000000   -1508035.6691    6195596.3738     148804.6204   -13.0969    18.9786     5.2292         0.06         10     9.8683
2024-05-08 12:27:0.000000   -1508035.6258    6195596.5259     148804.7204   -13.0536    19.1307     5.3292         0.06         10     9.9145
2024-05-08 12:27:30.000000   -1508035.5189    6195596.6550     148804.8356   -12.9467    19.2598     5.4444         0.06         10     9.9569
2024-05-08 12:28:0.000000   -1508035.4490    6195596.8547     148804.9417   -12.8768    19.4595     5.5505         0.06         10     9.9989
2024-05-08 12:28:30.000000   -1508034.8515    6195599.7413     148805.8107   -12.2793    22.3461     6.4195         0.07          9     9.4397
2024-05-08 12:29:0.000000   -1508034.8060    6195599.9331     148805.8942   -12.2338    22.5379     6.5030         0.07          9     9.4400
2024-05-08 12:29:30.000000   -1508034.7612    6195600.1311     148805.9813   -12.1890    22.7359     6.5901         0.07          9     9.4299
2024-05-08 12:30:0.000000   -1508034.7216    6195600.3426     148806.0683   -12.1494    22.9474     6.6771         0.07          9     9.4254
2024-05-08 12:30:30.000000   -1508034.7031    6195600.4845     148806.1439   -12.1309    23.0893     6.7527         0.07          9     9.4256
2024-05-08 12:31:0.000000   -1508034.6901    6195600.6289     148806.2258   -12.1179    23.2337     6.8346         0.07          9     9.4374
2024-05-08 12:31:30.000000   -1508034.6605    6195600.8679     148806.2811   -12.0883    23.4727     6.8899         0.07          9     9.4318
2024-05-08 12:32:0.000000   -1508034.6110    6195601.0936     148806.3333   -12.0388    23.6984     6.9421         0.07          9     9.4264
2024-05-08 12:32:30.000000   -1508034.5967    6195601.2410     148806.4023   -12.0245    23.8458     7.0111         0.07          9     9.4322
2024-05-08 12:33:0.000000   -1508034.5814    6195601.3541     148806.4780   -12.0092    23.9589     7.0868         0.07          9     9.4402
2024-05-08 12:33:30.000000   -1508034.5620    6195601.5340     148806.5479   -11.9898    24.1388     7.1567         0.07          9     9.4391
2024-05-08 12:34:0.000000   -1508034.5243    6195601.7818     148806.5978   -11.9521    24.3866     7.2066         0.08          9     9.4203
2024-05-08 12:34:30.000000   -1508034.4878    6195601.9918     148806.6560   -11.9156    24.5966     7.2648         0.08          9     9.4055
2024-05-08 12:35:0.000000   -1508034.4990    6195602.1387     148806.7249   -11.9268    24.7435     7.3337         0.08          9     9.3862
2024-05-08 12:35:30.000000   -1508034.4966    6195602.3532     148806.7935   -11.9244    24.9580     7.4023         0.08          9     9.3830
2024-05-08 12:36:0.000000   -1508034.4710    6195602.6109     148806.8552   -11.8988    25.2157     7.4640         0.08          9     9.3640
2024-05-08 12:36:30.000000   -1508034.4602    6195602.8619     148806.9095   -11.8880    25.4667     7.5183         0.08          9     9.3534
2024-05-08 12:37:0.000000   -1508034.4559    6195603.0420     148806.9458   -11.8837    25.6468     7.5546         0.08          9     9.3279
2024-05-08 12:37:30.000000   -1508034.4688    6195603.2458     148806.9944   -11.8966    25.8506     7.6032         0.08          9     9.3135
2024-05-08 12:38:0.000000   -1508034.4637    6195603.4124     148807.0479   -11.8915    26.0172     7.6567         0.08          9     9.2986
2024-05-08 12:38:30.000000   -1508034.4536    6195603.5524     148807.0797   -11.8814    26.1572     7.6885         0.08          9     9.2608
2024-05-08 12:39:0.000000   -1508034.4363    6195603.7812     148807.1141   -11.8641    26.3860     7.7229         0.08          9     9.2397
2024-05-08 12:39:30.000000   -1508034.4166    6195603.9931     148807.1497   -11.8444    26.5979     7.7585         0.08          9     9.2097
2024-05-08 12:40:0.000000   -1508034.4343    6195604.2298     148807.1694   -11.8621    26.8346     7.7782         0.08          9     9.1772
2024-05-08 12:40:30.000000   -1508034.4210    6195604.4860     148807.1934   -11.8488    27.0908     7.8022         0.08          9     9.1451
2024-05-08 12:41:0.000000   -1508034.4443    6195604.6969     148807.2218   -11.8721    27.3017     7.8306         0.08          9     9.1256
2024-05-08 12:41:30.000000   -1508034.4466    6195604.9135     148807.2339   -11.8744    27.5183     7.8427         0.08          9     9.0996
2024-05-08 12:42:0.000000   -1508034.4775    6195605.1484     148807.2518   -11.9053    27.7532     7.8606         0.08          9     9.0708
2024-05-08 12:42:30.000000   -1508034.5040    6195605.3525     148807.2530   -11.9318    27.9573     7.8618         0.08          9     9.0356
2024-05-08 12:43:0.000000   -1508034.5803    6195605.7150     148807.2258   -12.0081    28.3198     7.8346         0.08          9     9.0661
2024-05-08 12:43:30.000000   -1508034.6079    6195605.9674     148807.2282   -12.0357    28.5722     7.8370         0.09          9     9.0302
2024-05-08 12:44:0.000000   -1508034.6257    6195606.2359     148807.2405   -12.0535    28.8407     7.8493         0.09          9     9.0047
2024-05-08 12:44:30.000000   -1508034.6125    6195606.4025     148807.2805   -12.0403    29.0073     7.8893         0.09          9     8.8753
2024-05-08 12:45:0.000000   -1508034.6091    6195606.5987     148807.3021   -12.0369    29.2035     7.9109         0.09          9     8.8034
2024-05-08 12:45:30.000000   -1508034.6208    6195606.7987     148807.2957   -12.0486    29.4035     7.9045         0.09          9     8.7236
2024-05-08 12:46:0.000000   -1508034.6464    6195607.0539     148807.2655   -12.0742    29.6587     7.8743         0.09          9     8.6769
2024-05-08 12:46:30.000000   -1508036.8285    6195611.4737     148805.8575   -14.2563    34.0785     6.4663         0.10          9    11.8267
2024-05-08 12:47:0.000000   -1508034.7642    6195607.6106     148807.2302   -12.1920    30.2154     7.8390         0.09          9     8.6927
2024-05-08 12:47:30.000000   -1508034.8361    6195607.8690     148807.2075   -12.2639    30.4738     7.8163         0.09          9     8.6736
2024-05-08 12:48:0.000000   -1508034.8712    6195608.2173     148807.1367   -12.2990    30.8221     7.7455         0.09          9     8.6238
2024-05-08 12:48:30.000000   -1508034.9134    6195608.5126     148807.1042   -12.3412    31.1174     7.7130         0.09          9     8.5731
2024-05-08 12:49:0.000000   -1508034.9427    6195608.7581     148807.0895   -12.3705    31.3629     7.6983         0.09          9     8.4949
2024-05-08 12:49:30.000000   -1508034.9744    6195608.9786     148807.0536   -12.4022    31.5834     7.6624         0.09          9     8.4282
2024-05-08 12:50:0.000000   -1508035.0252    6195609.3170     148807.0491   -12.4530    31.9218     7.6579         0.09          9     8.3569
2024-05-08 12:50:30.000000   -1508034.9096    6195615.8032     148809.9846   -12.3374    38.4080    10.5934         0.11          9     9.7515
2024-05-08 12:51:0.000000   -1508034.9303    6195616.0796     148809.9630   -12.3581    38.6844    10.5718         0.11          9     9.7187
2024-05-08 12:51:30.000000   -1508035.1177    6195610.1014     148806.9333   -12.5455    32.7062     7.5421         0.09          9     8.1403
2024-05-08 12:52:0.000000   -1508035.1809    6195610.3758     148806.9204   -12.6087    32.9806     7.5292         0.09          9     8.0761
2024-05-08 12:52:30.000000   -1508035.2276    6195610.7246     148806.8687   -12.6554    33.3294     7.4775         0.09          9     8.0059
2024-05-08 12:53:0.000000   -1508035.2968    6195611.0150     148806.8408   -12.7246    33.6198     7.4496         0.09          9     7.9375
2024-05-08 12:53:30.000000   -1508035.3416    6195611.2594     148806.8341   -12.7694    33.8642     7.4429         0.09          9     7.8930
2024-05-08 12:54:0.000000   -1508035.4041    6195611.5593     148806.7831   -12.8319    34.1641     7.3919         0.09          9     7.8362
2024-05-08 12:54:30.000000   -1508035.4602    6195611.8203     148806.7452   -12.8880    34.4251     7.3540         0.09          9     7.7723
2024-05-08 12:55:0.000000   -1508035.5329    6195612.1333     148806.7250   -12.9607    34.7381     7.3338         0.10          9     7.7158
2024-05-08 12:55:30.000000   -1508035.6244    6195612.4340     148806.6318   -13.0522    35.0388     7.2406         0.10          9     7.6382
2024-05-08 12:56:0.000000   -1508035.7149    6195612.7105     148806.5624   -13.1427    35.3153     7.1712         0.10          9     7.5752
2024-05-08 12:56:30.000000   -1508035.7904    6195612.9449     148806.5002   -13.2182    35.5497     7.1090         0.10          9     7.5155
2024-05-08 12:57:0.000000   -1508035.8870    6195613.2802     148806.4472   -13.3148    35.8850     7.0560         0.10          9     7.4408
2024-05-08 12:57:30.000000   -1508035.9711    6195613.5737     148806.4034   -13.3989    36.1785     7.0122         0.10          9     7.3783
2024-05-08 12:58:0.000000   -1508036.0614    6195613.8709     148806.3404   -13.4892    36.4757     6.9492         0.10          9     7.3292
2024-05-08 12:58:30.000000   -1508036.1639    6195614.2308     148806.2850   -13.5917    36.8356     6.8938         0.10          9     7.2801
2024-05-08 12:59:0.000000   -1508036.3028    6195614.6481     148806.2273   -13.7306    37.2529     6.8361         0.10          9     7.2214
2024-05-08 12:59:30.000000   -1508036.4001    6195614.9867     148806.1618   -13.8279    37.5915     6.7706         0.10          9     7.1687
2024-05-08 13:00:0.000000   -1508036.0859    6195614.7776     148806.0667   -13.5137    37.3824     6.6755         0.10          9     7.2706
2024-05-08 13:00:30.000000   -1508030.4050    6195608.2763     148805.3391    -7.8328    30.8811     5.9479         0.09          9     8.1640
2024-05-08 13:01:0.000000   -1508030.5292    6195608.7017     148805.2575    -7.9570    31.3065     5.8663         0.09          9     8.1214
2024-05-08 13:01:30.000000   -1508030.6560    6195609.1384     148805.1707    -8.0838    31.7432     5.7795         0.09          9     8.0799
2024-05-08 13:02:0.000000   -1508030.7650    6195609.5480     148805.0854    -8.1928    32.1528     5.6942         0.09          9     8.0204
2024-05-08 13:02:30.000000   -1508030.8889    6195609.9501     148804.9998    -8.3167    32.5549     5.6086         0.09          9     7.9730
2024-05-08 13:03:0.000000   -1508031.0284    6195610.3800     148804.9156    -8.4562    32.9848     5.5244         0.09          9     7.9417
2024-05-08 13:03:30.000000   -1508031.1468    6195610.7952     148804.8439    -8.5746    33.4000     5.4527         0.09          9     7.8828
2024-05-08 13:04:0.000000   -1508031.2807    6195611.2105     148804.7792    -8.7085    33.8153     5.3880         0.09          9     7.8339
2024-05-08 13:04:30.000000   -1508031.3946    6195611.6754     148804.6891    -8.8224    34.2802     5.2979         0.09          9     7.7765
2024-05-08 13:05:0.000000   -1508031.5097    6195612.0160     148804.6509    -8.9375    34.6208     5.2597         0.09          9     7.7502
2024-05-08 13:05:30.000000   -1508031.6434    6195612.4723     148804.5748    -9.0712    35.0771     5.1836         0.09          9     7.6951
2024-05-08 13:06:0.000000   -1508031.7533    6195612.8579     148804.5066    -9.1811    35.4627     5.1154         0.10          9     7.6633
2024-05-08 13:06:30.000000   -1508031.8896    6195613.3031     148804.4528    -9.3174    35.9079     5.0616         0.10          9     7.6174
2024-05-08 13:07:0.000000   -1508032.0075    6195613.7003     148804.3671    -9.4353    36.3051     4.9759         0.10          9     7.5598
2024-05-08 13:07:30.000000   -1508032.1247    6195614.0849     148804.2897    -9.5525    36.6897     4.8985         0.10          9     7.5224
2024-05-08 13:08:0.000000   -1508032.2588    6195614.4605     148804.2104    -9.6866    37.0653     4.8192         0.10          9     7.4797
2024-05-08 13:08:30.000000   -1508032.3851    6195614.8140     148804.1544    -9.8129    37.4188     4.7632         0.10          9     7.4494
2024-05-08 13:09:0.000000   -1508032.5305    6195615.2222     148804.0683    -9.9583    37.8270     4.6771         0.10          9     7.4078
2024-05-08 13:09:30.000000   -1508032.6562    6195615.6357     148803.9956   -10.0840    38.2405     4.6044         0.10          9     7.3719
2024-05-08 13:10:0.000000   -1508029.7960    6195610.0329     148803.2188    -7.2238    32.6377     3.8276         0.09         10    13.5200
2024-05-08 13:10:30.000000   -1508029.8433    6195610.2539     148803.1484    -7.2711    32.8587     3.7572         0.09         10    13.4634
2024-05-08 13:11:0.000000   -1508029.9121    6195610.5180     148803.0548    -7.3399    33.1228     3.6636         0.09         10    13.3890
2024-05-08 13:11:30.000000   -1508029.9574    6195610.8315     148802.9356    -7.3852    33.4363     3.5444         0.09         10    13.3307
2024-05-08 13:12:0.000000   -1508030.0051    6195611.0607     148802.8564    -7.4329    33.6655     3.4652         0.09         10    13.2888
2024-05-08 13:12:30.000000   -1508030.0616    6195611.3536     148802.7432    -7.4894    33.9584     3.3520         0.09         10    13.2360
2024-05-08 13:13:0.000000   -1508030.0962    6195611.6523     148802.6301    -7.5240    34.2571     3.2389         0.09         10    13.1925
2024-05-08 13:13:30.000000   -1508030.1566    6195611.9791     148802.4935    -7.5844    34.5839     3.1023         0.09         10    13.1303
2024-05-08 13:14:0.000000   -1508030.2022    6195612.2225     148802.3769    -7.6300    34.8273     2.9857         0.09         10    13.0773
2024-05-08 13:14:30.000000   -1508030.2210    6195612.5031     148802.2485    -7.6488    35.1079     2.8573         0.09         10    13.0190
2024-05-08 13:15:0.000000   -1508030.2698    6195612.7767     148802.1316    -7.6976    35.3815     2.7404         0.09         10    12.9574
2024-05-08 13:15:30.000000   -1508030.3025    6195613.0171     148802.0112    -7.7303    35.6219     2.6200         0.09         10    12.8971
2024-05-08 13:16:0.000000   -1508030.3276    6195613.2326     148801.8813    -7.7554    35.8374     2.4901         0.09         10    12.8390
2024-05-08 13:16:30.000000   -1508030.3395    6195613.4614     148801.7618    -7.7673    36.0662     2.3706         0.09         10    12.7715
2024-05-08 13:17:0.000000   -1508030.3583    6195613.6535     148801.6399    -7.7861    36.2583     2.2487         0.09         10    12.7122
2024-05-08 13:17:30.000000   -1508030.4537    6195614.4889     148801.3325    -7.8815    37.0937     1.9413         0.09          9    13.3408
2024-05-08 13:18:0.000000   -1508030.4680    6195614.6498     148801.2131    -7.8958    37.2546     1.8219         0.09          9    13.2745
2024-05-08 13:18:30.000000   -1508030.4555    6195614.8083     148801.1010    -7.8833    37.4131     1.7098         0.09          9    13.2169
2024-05-08 13:19:0.000000   -1508030.4600    6195614.9774     148800.9782    -7.8878    37.5822     1.5870         0.09          9    13.1589
2024-05-08 13:19:30.000000   -1508030.4290    6195615.1287     148800.8408    -7.8568    37.7335     1.4496         0.09          9    13.0709
2024-05-08 13:20:0.000000   -1508030.4198    6195615.3330     148800.7052    -7.8476    37.9378     1.3140         0.09          9    12.9949
2024-05-08 13:20:30.000000   -1508030.4008    6195615.4581     148800.5674    -7.8286    38.0629     1.1762         0.09          9    12.9283
2024-05-08 13:21:0.000000   -1508030.3882    6195615.5699     148800.4313    -7.8160    38.1747     1.0401         0.09          9    12.8678
2024-05-08 13:21:30.000000   -1508030.3803    6195615.7011     148800.3041    -7.8081    38.3059     0.9129         0.09          9    12.8006
2024-05-08 13:22:0.000000   -1508030.3668    6195615.8632     148800.1664    -7.7946    38.4680     0.7752         0.09          9    12.7358
2024-05-08 13:22:30.000000   -1508030.3446    6195615.9742     148800.0487    -7.7724    38.5790     0.6575         0.09          9    12.6692
2024-05-08 13:23:0.000000   -1508030.3393    6195616.1369     148799.9140    -7.7671    38.7417     0.5228         0.09          9    12.6088
2024-05-08 13:23:30.000000   -1508030.3188    6195616.2573     148799.7905    -7.7466    38.8621     0.3993         0.09          9    12.5556
2024-05-08 13:24:0.000000   -1508030.3126    6195616.3514     148799.6611    -7.7404    38.9562     0.2699         0.09          9    12.5038
2024-05-08 13:24:30.000000   -1508030.2937    6195616.4403     148799.5383    -7.7215    39.0451     0.1471         0.09          9    12.4420
2024-05-08 13:25:0.000000   -1508030.2621    6195616.5059     148799.4109    -7.6899    39.1107     0.0197         0.09          9    12.3777
2024-05-08 13:25:30.000000   -1508030.2247    6195616.5901     148799.2709    -7.6525    39.1949    -0.1203         0.09          9    12.3158
2024-05-08 13:26:0.000000   -1508030.2027    6195616.6446     148799.1686    -7.6305    39.2494    -0.2226         0.09          9    12.2617
2024-05-08 13:26:30.000000   -1508030.1625    6195616.6571     148799.0833    -7.5903    39.2619    -0.3079         0.09          9    12.2284
2024-05-08 13:27:0.000000   -1508030.1413    6195616.6978     148798.9570    -7.5691    39.3026    -0.4342         0.09          9    12.1704
2024-05-08 13:27:30.000000   -1508030.1154    6195616.7252     148798.8557    -7.5432    39.3300    -0.5355         0.09          9    12.1308
2024-05-08 13:28:0.000000   -1508030.0564    6195616.7227     148798.7802    -7.4842    39.3275    -0.6110         0.09          9    12.1067
2024-05-08 13:28:30.000000   -1508030.0057    6195616.7142     148798.6950    -7.4335    39.3190    -0.6962         0.09          9    12.0717
2024-05-08 13:29:0.000000   -1508029.9382    6195616.7363     148798.5874    -7.3660    39.3411    -0.8038         0.09          9    12.0170
2024-05-08 13:29:30.000000   -1508029.8566    6195616.7575     148798.4973    -7.2844    39.3623    -0.8939         0.09          9    11.9840
2024-05-08 13:30:0.000000   -1508029.7673    6195616.7137     148798.4530    -7.1951    39.3185    -0.9382         0.09          9    11.9642
2024-05-08 13:30:30.000000   -1508029.7084    6195616.6059     148798.3749    -7.1362    39.2107    -1.0163         0.09          9    11.9553
2024-05-08 13:31:0.000000   -1508029.6566    6195616.5923     148798.2781    -7.0844    39.1971    -1.1131         0.09          9    11.9291
2024-05-08 13:31:30.000000   -1508029.5816    6195616.5743     148798.1954    -7.0094    39.1791    -1.1958         0.09          9    11.8961
2024-05-08 13:32:0.000000   -1508029.4951    6195616.4778     148798.1204    -6.9229    39.0826    -1.2708         0.09          9    11.8908
2024-05-08 13:32:30.000000   -1508029.4232    6195616.3943     148798.0425    -6.8510    38.9991    -1.3487         0.09          9    11.8672
2024-05-08 13:33:0.000000   -1508029.3545    6195616.3617     148797.9456    -6.7823    38.9665    -1.4456         0.09          9    11.8243
2024-05-08 13:33:30.000000   -1508029.2900    6195616.2962     148797.8740    -6.7178    38.9010    -1.5172         0.09          9    11.7902
2024-05-08 13:34:0.000000   -1508029.2080    6195616.2798     148797.7953    -6.6358    38.8846    -1.5959         0.09          9    11.7525
2024-05-08 13:34:30.000000   -1508029.1233    6195616.2300     148797.7123    -6.5511    38.8348    -1.6789         0.09          9    11.7086
2024-05-08 13:35:0.000000   -1508029.0328    6195616.1882     148797.6388    -6.4606    38.7930    -1.7524         0.09          9    11.6696
2024-05-08 13:35:30.000000   -1508028.9508    6195616.1451     148797.5578    -6.3786    38.7499    -1.8334         0.08          9    11.6213
2024-05-08 13:36:0.000000   -1508028.8441    6195616.1207     148797.4584    -6.2719    38.7255    -1.9328         0.08          9    11.5869
2024-05-08 13:36:30.000000   -1508028.7294    6195616.0646     148797.3879    -6.1572    38.6694    -2.0033         0.09          9    11.5486
2024-05-08 13:37:0.000000   -1508028.5983    6195616.0087     148797.3176    -6.0261    38.6135    -2.0736         0.08          9    11.5131
2024-05-08 13:37:30.000000   -1508028.4953    6195615.9672     148797.2418    -5.9231    38.5720    -2.1494         0.08          9    11.4815
2024-05-08 13:38:0.000000   -1508028.3723    6195615.8982     148797.1736    -5.8001    38.5030    -2.2176         0.08          9    11.4506
2024-05-08 13:38:30.000000   -1508028.2573    6195615.8237     148797.0935    -5.6851    38.4285    -2.2977         0.08          9    11.4132
2024-05-08 13:39:0.000000   -1508028.1480    6195615.7621     148797.0229    -5.5758    38.3669    -2.3683         0.08          9    11.3812
2024-05-08 13:39:30.000000   -1508028.0203    6195615.7127     148796.9543    -5.4481    38.3175    -2.4369         0.08          9    11.3556
2024-05-08 13:40:0.000000   -1508027.9120    6195615.6526     148796.8714    -5.3398    38.2574    -2.5198         0.08          9    11.3061
2024-05-08 13:40:30.000000   -1508027.7935    6195615.5904     148796.7906    -5.2213    38.1952    -2.6006         0.08          9    11.2709
2024-05-08 13:41:0.000000   -1508027.6827    6195615.5237     148796.7189    -5.1105    38.1285    -2.6723         0.08          9    11.2472
2024-05-08 13:41:30.000000   -1508027.5474    6195615.3781     148796.6413    -4.9752    37.9829    -2.7499         0.08          9    11.2289
2024-05-08 13:42:0.000000   -1508027.4368    6195615.2995     148796.5696    -4.8646    37.9043    -2.8216         0.08          9    11.2098
2024-05-08 13:42:30.000000   -1508027.2868    6195615.2616     148796.4922    -4.7146    37.8664    -2.8990         0.08          9    11.1831
2024-05-08 13:43:0.000000   -1508027.1410    6195615.1466     148796.4077    -4.5688    37.7514    -2.9835         0.08          9    11.1514
2024-05-08 13:43:30.000000   -1508027.0055    6195615.0818     148796.3488    -4.4333    37.6866    -3.0424         0.08          9    11.1349
2024-05-08 13:44:0.000000   -1508026.8516    6195615.0252     148796.3109    -4.2794    37.6300    -3.0803         0.08          9    11.1191
2024-05-08 13:44:30.000000   -1508026.7067    6195614.9730     148796.2614    -4.1345    37.5778    -3.1298         0.08          9    11.1089
2024-05-08 13:45:0.000000   -1508026.5546    6195614.8757     148796.1994    -3.9824    37.4805    -3.1918         0.08          9    11.0936
2024-05-08 13:45:30.000000   -1508026.3807    6195614.7692     148796.1239    -3.8085    37.3740    -3.2673         0.08          9    11.0708
2024-05-08 13:46:0.000000   -1508026.1947    6195614.6231     148796.0342    -3.6225    37.2279    -3.3570         0.08          9    11.0497
2024-05-08 13:46:30.000000   -1508026.0474    6195614.4963     148795.9397    -3.4752    37.1011    -3.4515         0.08          9    11.0280
2024-05-08 13:47:0.000000   -1508025.8635    6195614.3771     148795.8496    -3.2913    36.9819    -3.5416         0.08          9    11.0054
2024-05-08 13:47:30.000000   -1508025.6834    6195614.2950     148795.7498    -3.1112    36.8998    -3.6414         0.08          9    10.9897
2024-05-08 13:48:0.000000   -1508025.5330    6195614.2479     148795.6622    -2.9608    36.8527    -3.7290         0.08          9    10.9682
2024-05-08 13:48:30.000000   -1508025.3658    6195614.1699     148795.5647    -2.7936    36.7747    -3.8265         0.08          9    10.9538
2024-05-08 13:49:0.000000   -1508025.2019    6195614.0945     148795.4656    -2.6297    36.6993    -3.9256         0.08          9    10.9312
2024-05-08 13:49:30.000000   -1508025.0245    6195614.0030     148795.3830    -2.4523    36.6078    -4.0082         0.07          9    10.9184
2024-05-08 13:50:0.000000   -1508024.8560    6195613.9231     148795.2978    -2.2838    36.5279    -4.0934         0.07          9    10.9010
2024-05-08 13:50:30.000000   -1508024.6807    6195613.8173     148795.2194    -2.1085    36.4221    -4.1718         0.07          9    10.8970
2024-05-08 13:51:0.000000   -1508024.5039    6195613.7043     148795.1229    -1.9317    36.3091    -4.2683         0.07          9    10.8891
2024-05-08 13:51:30.000000   -1508024.3265    6195613.5994     148795.0268    -1.7543    36.2042    -4.3644         0.07          9    10.8699
2024-05-08 13:52:0.000000   -1508024.1199    6195613.4377     148794.9372    -1.5477    36.0425    -4.4540         0.07          9    10.8641
2024-05-08 13:52:30.000000   -1508023.9543    6195613.3411     148794.8444    -1.3821    35.9459    -4.5468         0.07          9    10.8655
2024-05-08 13:53:0.000000   -1508023.7532    6195613.2075     148794.7473    -1.1810    35.8123    -4.6439         0.07          9    10.8590
2024-05-08 13:53:30.000000   -1508023.5503    6195613.0992     148794.6433    -0.9781    35.7040    -4.7479         0.07          9    10.8588
2024-05-08 13:54:0.000000   -1508023.3829    6195612.9545     148794.5427    -0.8107    35.5593    -4.8485         0.07          9    10.8627
2024-05-08 13:54:30.000000   -1508023.1925    6195612.8756     148794.4326    -0.6203    35.4804    -4.9586         0.07          9    10.8530
2024-05-08 13:55:0.000000   -1508022.9912    6195612.7292     148794.3436    -0.4190    35.3340    -5.0476         0.07          9    10.8555
2024-05-08 13:55:30.000000   -1508022.7895    6195612.5872     148794.2449    -0.2173    35.1920    -5.1463         0.07          9    10.8586
2024-05-08 13:56:0.000000   -1508022.3342    6195613.0407     148794.1233     0.2380    35.6455    -5.2679         0.07          8    11.3230
2024-05-08 13:56:30.000000   -1508022.1347    6195612.8676     148794.0304     0.4375    35.4724    -5.3608         0.07          8    11.3337
2024-05-08 13:57:0.000000   -1508021.9235    6195612.6770     148793.9250     0.6487    35.2818    -5.4662         0.07          8    11.3486
2024-05-08 13:57:30.000000   -1508021.7266    6195612.5156     148793.8173     0.8456    35.1204    -5.5739         0.07          8    11.3637
2024-05-08 13:58:0.000000   -1508021.5475    6195612.3807     148793.7198     1.0247    34.9855    -5.6714         0.07          8    11.3860
2024-05-08 13:58:30.000000   -1508021.3685    6195612.2084     148793.6061     1.2037    34.8132    -5.7851         0.07          8    11.4097
2024-05-08 13:59:0.000000   -1508021.2021    6195612.0837     148793.5019     1.3701    34.6885    -5.8893         0.07          8    11.4379
2024-05-08 13:59:30.000000   -1508021.0334    6195611.9106     148793.3862     1.5388    34.5154    -6.0050         0.07          8    11.4614
