GPS Single Point Positioning Results (without Ionosphere Correction (12:00-14:00))
====================================================================================================
Station: NYA200NOR
Time Window: 12:00-14:00 (UTC)
Approx Position: X=1202379.3100, Y=252474.6543, Z=6237786.5417

Epoch                             X (m)           Y (m)           Z (m)     dX (m)     dY (m)     dZ (m)   Clock (us) Satellites    RMS (m)
----------------------------------------------------------------------------------------------------
2024-05-11 12:00:0.000000    1202375.5147     252482.9234    6237775.2067    -3.7953     8.2691   -11.3350         0.01         10    16.5726
2024-05-11 12:00:30.000000    1202375.5880     252483.0265    6237774.3630    -3.7220     8.3722   -12.1787         0.01         10    16.4564
2024-05-11 12:01:0.000000    1202375.2551     252482.9192    6237771.4178    -4.0549     8.2649   -15.1239         0.00         10    16.4617
2024-05-11 12:01:30.000000    1202375.1144     252482.9742    6237770.4865    -4.1956     8.3199   -16.0552         0.00         10    16.3665
2024-05-11 12:02:0.000000    1202374.7702     252482.7895    6237768.6772    -4.5398     8.1352   -17.8645        -0.00         10    16.2995
2024-05-11 12:02:30.000000    1202374.8829     252483.1003    6237766.3809    -4.4271     8.4460   -20.1608        -0.00         10    16.2466
2024-05-11 12:03:0.000000    1202374.6300     252482.9361    6237765.3527    -4.6800     8.2818   -21.1890        -0.01         10    16.2567
2024-05-11 12:03:30.000000    1202374.4083     252482.8770    6237763.2452    -4.9017     8.2227   -23.2965        -0.01         10    16.1190
2024-05-11 12:04:0.000000    1202374.6589     252482.7627    6237761.6825    -4.6511     8.1084   -24.8592        -0.01         10    16.0748
2024-05-11 12:04:30.000000    1202374.3903     252483.0507    6237760.2289    -4.9197     8.3964   -26.3128        -0.02         10    15.9920
2024-05-11 12:05:0.000000    1202374.1578     252482.9516    6237758.3747    -5.1522     8.2973   -28.1670        -0.02         10    15.9788
2024-05-11 12:05:30.000000    1202374.2121     252482.9728    6237757.4888    -5.0979     8.3185   -29.0529        -0.02         10    15.9147
2024-05-11 12:06:0.000000    1202373.9227     252482.9628    6237755.3169    -5.3873     8.3085   -31.2248        -0.03         10    16.0163
2024-05-11 12:06:30.000000    1202373.9300     252483.0599    6237754.5714    -5.3800     8.4056   -31.9703        -0.03         10    15.9532
2024-05-11 12:07:0.000000    1202373.8514     252483.2336    6237752.9539    -5.4586     8.5793   -33.5878        -0.03         10    15.8034
2024-05-11 12:07:30.000000    1202373.7906     252483.0250    6237751.5633    -5.5194     8.3707   -34.9784        -0.03         10    15.7711
2024-05-11 12:08:0.000000    1202373.7030     252483.1725    6237749.6792    -5.6070     8.5182   -36.8625        -0.04         10    15.7778
2024-05-11 12:08:30.000000    1202373.5366     252483.2687    6237748.6765    -5.7734     8.6144   -37.8652        -0.04         10    15.6772
2024-05-11 12:09:0.000000    1202373.5115     252483.2804    6237747.2226    -5.7985     8.6261   -39.3191        -0.04         10    15.6936
2024-05-11 12:09:30.000000    1202373.5060     252483.1924    6237745.5835    -5.8040     8.5381   -40.9582        -0.04         10    15.5537
2024-05-11 12:10:0.000000    1202373.3884     252483.0803    6237743.5562    -5.9216     8.4260   -42.9855        -0.05         10    15.5533
2024-05-11 12:10:30.000000    1202373.4570     252483.1192    6237743.5220    -5.8530     8.4649   -43.0197        -0.05         10    15.4161
2024-05-11 12:11:0.000000    1202373.1526     252483.1811    6237741.5461    -6.1574     8.5268   -44.9956        -0.05         10    15.4516
2024-05-11 12:11:30.000000    1202373.2834     252483.2474    6237739.8790    -6.0266     8.5931   -46.6627        -0.06         10    15.3959
2024-05-11 12:12:0.000000    1202373.1146     252483.0648    6237738.3807    -6.1954     8.4105   -48.1610        -0.06         10    15.3346
2024-05-11 12:12:30.000000    1202372.9314     252483.2459    6237737.3781    -6.3786     8.5916   -49.1636        -0.06         10    15.2632
2024-05-11 12:13:0.000000    1202373.1626     252483.2791    6237735.9247    -6.1474     8.6248   -50.6170        -0.06         10    15.2659
2024-05-11 12:13:30.000000    1202372.9951     252483.4392    6237735.3233    -6.3149     8.7849   -51.2184        -0.06         10    15.3790
2024-05-11 12:14:0.000000    1202372.9282     252483.2313    6237732.2274    -6.3818     8.5770   -54.3143        -0.07         10    15.1170
2024-05-11 12:14:30.000000    1202372.9843     252483.3335    6237731.2415    -6.3257     8.6792   -55.3002        -0.07         10    15.1226
2024-05-11 12:15:0.000000    1202372.9787     252483.5098    6237730.5078    -6.3313     8.8555   -56.0339        -0.07         10    15.2493
2024-05-11 12:15:30.000000    1202372.7729     252483.4082    6237727.7398    -6.5371     8.7539   -58.8019        -0.08         10    15.2024
2024-05-11 12:16:0.000000    1202372.8409     252483.5433    6237726.0260    -6.4691     8.8890   -60.5157        -0.08         10    15.0061
2024-05-11 12:16:30.000000    1202372.5895     252483.2922    6237724.3496    -6.7205     8.6379   -62.1921        -0.09         10    15.0798
2024-05-11 12:17:0.000000    1202372.5256     252483.4195    6237723.3674    -6.7844     8.7652   -63.1743        -0.09         10    15.2066
2024-05-11 12:17:30.000000    1202373.4286     252484.1102    6237725.7670    -5.8814     9.4559   -60.7747        -0.08         11    16.4438
2024-05-11 12:18:0.000000    1202373.5457     252484.3623    6237725.6412    -5.7643     9.7080   -60.9005        -0.08         11    16.5286
2024-05-11 12:18:30.000000    1202373.7274     252484.2602    6237723.8959    -5.5826     9.6059   -62.6458        -0.09         11    16.3500
2024-05-11 12:19:0.000000    1202373.8596     252484.4479    6237723.6086    -5.4504     9.7936   -62.9331        -0.08         11    16.6011
2024-05-11 12:19:30.000000    1202373.8791     252484.4693    6237721.4980    -5.4309     9.8150   -65.0437        -0.09         11    16.4536
2024-05-11 12:20:0.000000    1202374.0081     252484.6625    6237721.2341    -5.3019    10.0082   -65.3076        -0.09         11    16.2598
2024-05-11 12:20:30.000000    1202374.2195     252484.6984    6237719.7157    -5.0905    10.0441   -66.8260        -0.09         11    16.3682
2024-05-11 12:21:0.000000    1202374.2742     252484.8031    6237719.0331    -5.0358    10.1488   -67.5086        -0.09         11    16.7473
2024-05-11 12:21:30.000000    1202374.3181     252484.8283    6237717.3673    -4.9919    10.1740   -69.1744        -0.10         11    16.6647
2024-05-11 12:22:0.000000    1202374.1573     252484.8543    6237716.9512    -5.1527    10.2000   -69.5905        -0.10         11    16.8039
2024-05-11 12:22:30.000000    1202374.4232     252485.1675    6237715.6990    -4.8868    10.5132   -70.8427        -0.10         11    16.7269
2024-05-11 12:23:0.000000    1202374.6206     252485.1924    6237714.3662    -4.6894    10.5381   -72.1755        -0.10         11    16.8504
2024-05-11 12:23:30.000000    1202374.6638     252485.2821    6237713.4073    -4.6462    10.6278   -73.1344        -0.10         11    16.7484
2024-05-11 12:24:0.000000    1202374.5026     252485.3610    6237712.5013    -4.8074    10.7067   -74.0404        -0.11         11    17.0129
2024-05-11 12:24:30.000000    1202374.6292     252485.3167    6237711.5471    -4.6808    10.6624   -74.9946        -0.11         11    17.1608
2024-05-11 12:25:0.000000    1202374.8227     252485.4616    6237710.8582    -4.4873    10.8073   -75.6835        -0.11         11    17.2784
2024-05-11 12:25:30.000000    1202374.7834     252485.5219    6237709.7352    -4.5266    10.8676   -76.8065        -0.11         11    17.2139
2024-05-11 12:26:0.000000    1202374.9342     252485.6330    6237708.2538    -4.3758    10.9787   -78.2879        -0.11         11    17.3019
2024-05-11 12:26:30.000000    1202375.0708     252485.9071    6237706.9117    -4.2392    11.2528   -79.6300        -0.12         11    17.4404
2024-05-11 12:27:0.000000    1202374.8050     252486.6273    6237710.6360    -4.5050    11.9730   -75.9057        -0.11         12    16.8698
2024-05-11 12:27:30.000000    1202374.9224     252486.6408    6237710.2433    -4.3876    11.9865   -76.2984        -0.11         12    17.0702
2024-05-11 12:28:0.000000    1202375.0068     252486.7220    6237709.1633    -4.3032    12.0677   -77.3784        -0.11         12    17.0610
2024-05-11 12:28:30.000000    1202375.2557     252486.8082    6237707.5901    -4.0543    12.1539   -78.9516        -0.11         12    16.8723
2024-05-11 12:29:0.000000    1202375.1712     252487.2522    6237706.5350    -4.1388    12.5979   -80.0067        -0.11         12    17.4204
2024-05-11 12:29:30.000000    1202375.9532     252486.9446    6237693.3318    -3.3568    12.2903   -93.2099        -0.14         11    14.6413
2024-05-11 12:30:0.000000    1202375.8782     252487.0999    6237691.4922    -3.4318    12.4456   -95.0495        -0.14         11    14.3933
2024-05-11 12:30:30.000000    1202375.8467     252487.1812    6237692.5256    -3.4633    12.5269   -94.0161        -0.14         11    14.4820
2024-05-11 12:31:0.000000    1202375.9502     252487.4235    6237691.0783    -3.3598    12.7692   -95.4634        -0.15         11    14.5587
2024-05-11 12:31:30.000000    1202375.8338     252487.5134    6237689.1579    -3.4762    12.8591   -97.3838        -0.15         11    14.3116
2024-05-11 12:32:0.000000    1202376.0651     252487.6205    6237688.6169    -3.2449    12.9662   -97.9248        -0.15         11    14.1544
2024-05-11 12:32:30.000000    1202375.7962     252487.8208    6237688.5369    -3.5138    13.1665   -98.0048        -0.15         11    14.0771
2024-05-11 12:33:0.000000    1202375.9033     252488.2171    6237687.6227    -3.4067    13.5628   -98.9190        -0.15         11    13.8912
2024-05-11 12:33:30.000000    1202376.0547     252488.1791    6237687.1193    -3.2553    13.5248   -99.4224        -0.15         11    13.8645
2024-05-11 12:34:0.000000    1202376.0823     252488.6110    6237686.5084    -3.2277    13.9567  -100.0333        -0.15         11    13.7001
2024-05-11 12:34:30.000000    1202376.1100     252488.5766    6237685.9953    -3.2000    13.9223  -100.5464        -0.15         11    13.6016
2024-05-11 12:35:0.000000    1202376.0233     252488.8045    6237685.1681    -3.2867    14.1502  -101.3736        -0.16         11    13.5344
2024-05-11 12:35:30.000000    1202376.1280     252489.1937    6237684.7861    -3.1820    14.5394  -101.7556        -0.16         11    13.3814
2024-05-11 12:36:0.000000    1202375.9249     252489.3564    6237683.7092    -3.3851    14.7021  -102.8325        -0.16         11    13.4313
2024-05-11 12:36:30.000000    1202376.1400     252489.5084    6237683.5501    -3.1700    14.8541  -102.9916        -0.16         11    13.2036
2024-05-11 12:37:0.000000    1202376.1054     252489.8569    6237681.4793    -3.2046    15.2026  -105.0624        -0.16         11    13.3583
2024-05-11 12:37:30.000000    1202375.8638     252490.1335    6237681.0317    -3.4462    15.4792  -105.5100        -0.16         11    13.3256
2024-05-11 12:38:0.000000    1202376.0601     252490.3711    6237680.1406    -3.2499    15.7168  -106.4011        -0.16         11    13.1151
2024-05-11 12:38:30.000000    1202375.8940     252490.6150    6237679.2839    -3.4160    15.9607  -107.2578        -0.17         11    12.9323
2024-05-11 12:39:0.000000    1202375.9290     252490.5977    6237678.7068    -3.3810    15.9434  -107.8349        -0.17         11    12.9823
2024-05-11 12:39:30.000000    1202375.9423     252490.9847    6237678.4401    -3.3677    16.3304  -108.1016        -0.17         11    12.8208
2024-05-11 12:40:0.000000    1202375.9941     252491.1095    6237677.8424    -3.3159    16.4552  -108.6993        -0.17         11    12.7426
2024-05-11 12:40:30.000000    1202375.8798     252491.4236    6237677.2259    -3.4302    16.7693  -109.3158        -0.17         11    12.7135
2024-05-11 12:41:0.000000    1202375.8109     252491.5489    6237676.2614    -3.4991    16.8946  -110.2803        -0.17         11    12.6440
2024-05-11 12:41:30.000000    1202375.9444     252491.7385    6237675.2331    -3.3656    17.0842  -111.3086        -0.17         11    12.6550
2024-05-11 12:42:0.000000    1202375.8408     252491.9121    6237675.2916    -3.4692    17.2578  -111.2501        -0.17         11    12.5226
2024-05-11 12:42:30.000000    1202375.8317     252492.0437    6237673.5747    -3.4783    17.3894  -112.9670        -0.18         11    12.6614
2024-05-11 12:43:0.000000    1202375.9461     252492.1831    6237673.8392    -3.3639    17.5288  -112.7025        -0.17         11    12.5928
2024-05-11 12:43:30.000000    1202375.7856     252492.6809    6237672.9767    -3.5244    18.0266  -113.5650        -0.18         11    12.3989
2024-05-11 12:44:0.000000    1202375.8551     252492.5100    6237671.8173    -3.4549    17.8557  -114.7244        -0.18         11    12.7000
2024-05-11 12:44:30.000000    1202375.8585     252493.0810    6237671.5943    -3.4515    18.4267  -114.9474        -0.18         11    12.5643
2024-05-11 12:45:0.000000    1202375.5713     252493.0300    6237670.5430    -3.7387    18.3757  -115.9987        -0.18         11    12.5922
2024-05-11 12:45:30.000000    1202375.6880     252493.4472    6237669.5027    -3.6220    18.7929  -117.0390        -0.18         11    12.7416
2024-05-11 12:46:0.000000    1202375.5905     252493.6802    6237669.2908    -3.7195    19.0259  -117.2509        -0.18         11    12.6961
2024-05-11 12:46:30.000000    1202375.7289     252493.7721    6237668.7002    -3.5811    19.1178  -117.8415        -0.18         11    12.7296
2024-05-11 12:47:0.000000    1202375.6135     252493.9688    6237668.2575    -3.6965    19.3145  -118.2842        -0.18         11    12.8319
2024-05-11 12:47:30.000000    1202375.4357     252494.0153    6237667.4322    -3.8743    19.3610  -119.1095        -0.19         11    12.9548
2024-05-11 12:48:0.000000    1202375.5669     252494.3885    6237667.0613    -3.7431    19.7342  -119.4804        -0.19         11    12.9952
2024-05-11 12:48:30.000000    1202375.4354     252494.5713    6237666.0840    -3.8746    19.9170  -120.4577        -0.19         11    12.8142
2024-05-11 12:49:0.000000    1202375.2964     252494.9243    6237664.7562    -4.0136    20.2700  -121.7855        -0.19         11    13.0931
2024-05-11 12:49:30.000000    1202375.3287     252495.1070    6237664.0272    -3.9813    20.4527  -122.5145        -0.19         11    13.1885
2024-05-11 12:50:0.000000    1202375.4707     252495.4387    6237663.8205    -3.8393    20.7844  -122.7212        -0.19         11    13.2130
2024-05-11 12:50:30.000000    1202375.2109     252495.5697    6237662.9882    -4.0991    20.9154  -123.5535        -0.19         11    13.3590
2024-05-11 12:51:0.000000    1202375.1275     252495.6883    6237662.5941    -4.1825    21.0340  -123.9476        -0.19         11    13.6232
2024-05-11 12:51:30.000000    1202375.1304     252495.9613    6237661.6926    -4.1796    21.3070  -124.8491        -0.20         11    13.8053
2024-05-11 12:52:0.000000    1202375.0785     252496.0076    6237659.7791    -4.2315    21.3533  -126.7626        -0.20         11    13.9166
2024-05-11 12:52:30.000000    1202375.0088     252496.2590    6237659.9033    -4.3012    21.6047  -126.6384        -0.20         11    14.2010
2024-05-11 12:53:0.000000    1202374.7695     252496.8276    6237658.7909    -4.5405    22.1733  -127.7508        -0.20         11    14.2268
2024-05-11 12:53:30.000000    1202374.8055     252496.9373    6237657.9400    -4.5045    22.2830  -128.6017        -0.20         11    14.4551
2024-05-11 12:54:0.000000    1202374.9398     252497.0104    6237657.2718    -4.3702    22.3561  -129.2699        -0.20         11    14.7871
2024-05-11 12:54:30.000000    1202374.7217     252497.3337    6237656.5635    -4.5883    22.6794  -129.9782        -0.21         11    14.8820
2024-05-11 12:55:0.000000    1202374.5921     252497.1601    6237656.0037    -4.7179    22.5058  -130.5380        -0.21         11    15.0291
2024-05-11 12:55:30.000000    1202374.7864     252497.5996    6237655.0929    -4.5236    22.9453  -131.4488        -0.21         11    15.3559
2024-05-11 12:56:0.000000    1202374.6522     252497.7765    6237654.2296    -4.6578    23.1222  -132.3121        -0.21         11    15.3100
2024-05-11 12:56:30.000000    1202374.5684     252497.8984    6237653.4818    -4.7416    23.2441  -133.0599        -0.21         10    16.4045
2024-05-11 12:57:0.000000    1202374.4913     252497.9682    6237653.2453    -4.8187    23.3139  -133.2964        -0.21         10    16.6422
2024-05-11 12:57:30.000000    1202374.6090     252499.1630    6237662.4648    -4.7010    24.5087  -124.0769        -0.19         12    17.1591
2024-05-11 12:58:0.000000    1202374.4059     252499.4836    6237661.2577    -4.9041    24.8293  -125.2840        -0.19         12    17.1328
2024-05-11 12:58:30.000000    1202374.2081     252499.5414    6237661.8065    -5.1019    24.8871  -124.7352        -0.19         12    17.3702
2024-05-11 12:59:0.000000    1202374.2399     252499.5915    6237661.7112    -5.0701    24.9372  -124.8305        -0.19         12    17.5064
2024-05-11 12:59:30.000000    1202371.9528     252504.8970    6237636.6231    -7.3572    30.2427  -149.9186        -0.25         11    12.3097
2024-05-11 13:00:0.000000    1202373.2775     252498.7728    6237662.1390    -6.0325    24.1185  -124.4027        -0.19         12    17.0307
2024-05-11 13:00:30.000000    1202372.8735     252498.7328    6237663.9369    -6.4365    24.0785  -122.6048        -0.19         12    17.9531
2024-05-11 13:01:0.000000    1202372.6729     252498.8555    6237663.6658    -6.6371    24.2012  -122.8759        -0.19         12    18.0693
2024-05-11 13:01:30.000000    1202372.6763     252498.9427    6237663.0921    -6.6337    24.2884  -123.4496        -0.19         12    18.0973
2024-05-11 13:02:0.000000    1202370.9082     252503.5952    6237641.4085    -8.4018    28.9409  -145.1332        -0.23         11    12.4791
2024-05-11 13:02:30.000000    1202370.6357     252503.7733    6237641.7101    -8.6743    29.1190  -144.8316        -0.23         11    12.4817
2024-05-11 13:03:0.000000    1202370.7131     252503.5523    6237642.0108    -8.5969    28.8980  -144.5309        -0.23         11    12.2895
2024-05-11 13:03:30.000000    1202370.7309     252503.6978    6237641.1580    -8.5791    29.0435  -145.3837        -0.23         11    12.1321
2024-05-11 13:04:0.000000    1202370.7392     252503.6432    6237642.4178    -8.5708    28.9889  -144.1239        -0.23         11    12.0491
2024-05-11 13:04:30.000000    1202370.6361     252503.6159    6237642.2263    -8.6739    28.9616  -144.3154        -0.23         11    12.0059
2024-05-11 13:05:0.000000    1202370.4308     252503.6427    6237642.5288    -8.8792    28.9884  -144.0129        -0.23         11    11.8477
2024-05-11 13:05:30.000000    1202370.6148     252503.4969    6237642.9178    -8.6952    28.8426  -143.6239        -0.23         11    11.7686
2024-05-11 13:06:0.000000    1202370.5608     252503.4209    6237642.6840    -8.7492    28.7666  -143.8577        -0.23         11    11.8074
2024-05-11 13:06:30.000000    1202370.4906     252503.3053    6237643.2381    -8.8194    28.6510  -143.3036        -0.23         11    11.8995
2024-05-11 13:07:0.000000    1202370.5078     252503.3308    6237643.1333    -8.8022    28.6765  -143.4084        -0.23         11    11.4936
2024-05-11 13:07:30.000000    1202370.5822     252503.3388    6237643.7861    -8.7278    28.6845  -142.7556        -0.23         11    11.7476
2024-05-11 13:08:0.000000    1202370.4821     252503.1043    6237645.1501    -8.8279    28.4500  -141.3916        -0.23         11    11.7291
2024-05-11 13:08:30.000000    1202370.4029     252502.9035    6237646.2059    -8.9071    28.2492  -140.3358        -0.22         11    11.5227
2024-05-11 13:09:0.000000    1202370.4167     252502.8103    6237645.9288    -8.8933    28.1560  -140.6129        -0.22         11    11.7438
2024-05-11 13:09:30.000000    1202370.2469     252502.7472    6237646.5613    -9.0631    28.0929  -139.9804        -0.22         11    11.4966
2024-05-11 13:10:0.000000    1202370.3250     252502.3550    6237648.9609    -8.9850    27.7007  -137.5808        -0.22         11    11.7083
2024-05-11 13:10:30.000000    1202370.3172     252502.2897    6237648.6041    -8.9928    27.6354  -137.9376        -0.22         11    11.7486
2024-05-11 13:11:0.000000    1202370.2598     252502.2368    6237649.7976    -9.0502    27.5825  -136.7441        -0.22         11    11.7529
2024-05-11 13:11:30.000000    1202370.3454     252501.9907    6237651.4467    -8.9646    27.3364  -135.0950        -0.21         11    11.8454
2024-05-11 13:12:0.000000    1202370.1360     252501.7645    6237651.5081    -9.1740    27.1102  -135.0336        -0.21         11    11.8327
2024-05-11 13:12:30.000000    1202370.1869     252501.4675    6237653.5089    -9.1231    26.8132  -133.0328        -0.21         11    11.8424
2024-05-11 13:13:0.000000    1202370.3656     252501.2218    6237654.9654    -8.9444    26.5675  -131.5763        -0.21         11    11.8748
2024-05-11 13:13:30.000000    1202370.4752     252500.7741    6237656.5485    -8.8348    26.1198  -129.9932        -0.20         11    11.9110
2024-05-11 13:14:0.000000    1202370.3544     252500.7420    6237657.4446    -8.9556    26.0877  -129.0971        -0.20         11    11.9328
2024-05-11 13:14:30.000000    1202370.4414     252500.4126    6237659.6032    -8.8686    25.7583  -126.9385        -0.20         11    12.0453
2024-05-11 13:15:0.000000    1202370.5325     252499.9747    6237661.4199    -8.7775    25.3204  -125.1218        -0.20         11    12.1363
2024-05-11 13:15:30.000000    1202370.3337     252499.6980    6237662.1452    -8.9763    25.0437  -124.3965        -0.19         11    12.3050
2024-05-11 13:16:0.000000    1202370.4000     252499.5337    6237664.1704    -8.9100    24.8794  -122.3713        -0.19         11    12.2659
2024-05-11 13:16:30.000000    1202370.4940     252498.9683    6237665.3876    -8.8160    24.3140  -121.1541        -0.19         11    12.4652
2024-05-11 13:17:0.000000    1202370.4301     252498.6516    6237667.7746    -8.8799    23.9973  -118.7671        -0.18         11    12.5168
2024-05-11 13:17:30.000000    1202370.4303     252498.0392    6237670.3298    -8.8797    23.3849  -116.2119        -0.18         11    12.6270
2024-05-11 13:18:0.000000    1202370.6083     252497.7794    6237671.0618    -8.7017    23.1251  -115.4799        -0.18         11    12.6598
2024-05-11 13:18:30.000000    1202370.6798     252497.4788    6237673.4738    -8.6302    22.8245  -113.0679        -0.17         11    12.6794
2024-05-11 13:19:0.000000    1202372.3088     252494.5479    6237688.0430    -7.0012    19.8936   -98.4987        -0.14         12    16.0484
2024-05-11 13:19:30.000000    1202372.5786     252493.9218    6237690.5257    -6.7314    19.2675   -96.0160        -0.14         12    15.8696
2024-05-11 13:20:0.000000    1202372.4008     252493.5171    6237691.4647    -6.9092    18.8628   -95.0770        -0.14         12    15.6824
2024-05-11 13:20:30.000000    1202372.5178     252493.1731    6237694.6874    -6.7922    18.5188   -91.8543        -0.13         12    15.5114
2024-05-11 13:21:0.000000    1202372.4973     252492.7170    6237696.4252    -6.8127    18.0627   -90.1165        -0.13         12    15.2682
2024-05-11 13:21:30.000000    1202372.4788     252492.4643    6237697.9751    -6.8312    17.8100   -88.5666        -0.12         12    15.1392
2024-05-11 13:22:0.000000    1202372.7599     252492.0497    6237700.4616    -6.5501    17.3954   -86.0801        -0.12         12    15.0342
2024-05-11 13:22:30.000000    1202372.5620     252491.3343    6237702.6469    -6.7480    16.6800   -83.8948        -0.11         12    15.0520
2024-05-11 13:23:0.000000    1202372.8525     252491.0728    6237705.6567    -6.4575    16.4185   -80.8850        -0.11         12    14.9208
2024-05-11 13:23:30.000000    1202372.6389     252490.7180    6237706.2259    -6.6711    16.0637   -80.3158        -0.11         12    14.7444
2024-05-11 13:24:0.000000    1202372.8462     252490.4827    6237708.8218    -6.4638    15.8284   -77.7199        -0.10         12    14.7152
2024-05-11 13:24:30.000000    1202372.7708     252489.9489    6237710.7147    -6.5392    15.2946   -75.8270        -0.10         12    14.5294
2024-05-11 13:25:0.000000    1202372.8939     252489.3980    6237714.0009    -6.4161    14.7437   -72.5408        -0.09         12    14.5464
2024-05-11 13:25:30.000000    1202372.7014     252489.1286    6237715.8590    -6.6086    14.4743   -70.6827        -0.09         12    14.5479
2024-05-11 13:26:0.000000    1202373.0079     252488.6779    6237718.2666    -6.3021    14.0236   -68.2751        -0.09         12    14.4446
2024-05-11 13:26:30.000000    1202372.9015     252488.1632    6237720.1140    -6.4085    13.5089   -66.4277        -0.08         12    14.4360
2024-05-11 13:27:0.000000    1202372.9118     252487.8840    6237722.8999    -6.3982    13.2297   -63.6418        -0.08         12    14.1387
2024-05-11 13:27:30.000000    1202372.8699     252487.6105    6237724.9726    -6.4401    12.9562   -61.5691        -0.07         12    14.0641
2024-05-11 13:28:0.000000    1202373.0349     252487.0824    6237727.2161    -6.2751    12.4281   -59.3256        -0.07         12    14.1413
2024-05-11 13:28:30.000000    1202373.1018     252486.4927    6237730.4951    -6.2082    11.8384   -56.0466        -0.06         12    14.2058
2024-05-11 13:29:0.000000    1202373.0233     252486.2807    6237731.7045    -6.2867    11.6264   -54.8372        -0.06         12    14.0743
2024-05-11 13:29:30.000000    1202373.3121     252485.8150    6237734.3948    -5.9979    11.1607   -52.1469        -0.06         12    14.1705
2024-05-11 13:30:0.000000    1202373.1748     252485.4678    6237736.6438    -6.1352    10.8135   -49.8979        -0.05         12    14.1417
2024-05-11 13:30:30.000000    1202373.1005     252485.4065    6237737.8309    -6.2095    10.7522   -48.7108        -0.05         12    14.0533
2024-05-11 13:31:0.000000    1202373.2819     252484.9716    6237741.1609    -6.0281    10.3173   -45.3808        -0.04         12    14.0489
2024-05-11 13:31:30.000000    1202373.0239     252484.7049    6237742.6095    -6.2861    10.0506   -43.9322        -0.04         12    14.1790
2024-05-11 13:32:0.000000    1202373.0647     252484.2195    6237745.1346    -6.2453     9.5652   -41.4071        -0.04         12    14.0100
2024-05-11 13:32:30.000000    1202373.2201     252483.9678    6237747.3181    -6.0899     9.3135   -39.2236        -0.03         12    13.9850
2024-05-11 13:33:0.000000    1202373.2892     252483.6800    6237749.2223    -6.0208     9.0257   -37.3194        -0.03         12    14.0327
2024-05-11 13:33:30.000000    1202373.2253     252483.5041    6237751.6496    -6.0847     8.8498   -34.8921        -0.02         12    13.9896
2024-05-11 13:34:0.000000    1202373.1679     252483.2934    6237753.6702    -6.1421     8.6391   -32.8715        -0.02         12    14.0093
2024-05-11 13:34:30.000000    1202373.0594     252482.7123    6237755.9273    -6.2506     8.0580   -30.6144        -0.02         12    14.0342
2024-05-11 13:35:0.000000    1202373.2173     252482.7733    6237758.2891    -6.0927     8.1190   -28.2526        -0.01         12    14.0207
2024-05-11 13:35:30.000000    1202373.2313     252482.1770    6237761.2836    -6.0787     7.5227   -25.2581        -0.01         12    14.0639
2024-05-11 13:36:0.000000    1202373.2870     252482.1137    6237762.6457    -6.0230     7.4594   -23.8960        -0.00         12    14.1280
2024-05-11 13:36:30.000000    1202373.5224     252481.6905    6237765.1973    -5.7876     7.0362   -21.3444         0.00         12    14.0745
2024-05-11 13:37:0.000000    1202373.2376     252481.4970    6237765.8759    -6.0724     6.8427   -20.6658         0.00         12    14.0822
2024-05-11 13:37:30.000000    1202373.3279     252481.2938    6237768.9273    -5.9821     6.6395   -17.6144         0.01         12    14.1177
2024-05-11 13:38:0.000000    1202373.4693     252480.9453    6237771.5973    -5.8407     6.2910   -14.9444         0.01         12    14.2037
2024-05-11 13:38:30.000000    1202373.3147     252480.7337    6237774.3157    -5.9953     6.0794   -12.2260         0.02         12    14.2069
2024-05-11 13:39:0.000000    1202373.1090     252480.2539    6237774.6212    -6.2010     5.5996   -11.9205         0.02         12    14.1050
2024-05-11 13:39:30.000000    1202373.3721     252480.2597    6237777.9947    -5.9379     5.6054    -8.5470         0.03         12    14.2624
2024-05-11 13:40:0.000000    1202373.3812     252480.1140    6237779.8389    -5.9288     5.4597    -6.7028         0.03         12    14.2655
2024-05-11 13:40:30.000000    1202373.3856     252479.8936    6237781.2042    -5.9244     5.2393    -5.3375         0.03         12    14.3567
2024-05-11 13:41:0.000000    1202373.1779     252479.6667    6237783.7865    -6.1321     5.0124    -2.7552         0.04         12    14.3371
2024-05-11 13:41:30.000000    1202373.3369     252479.5589    6237785.1664    -5.9731     4.9046    -1.3753         0.04         11    14.9123
2024-05-11 13:42:0.000000    1202373.1299     252479.5119    6237786.7378    -6.1801     4.8576     0.1961         0.04         11    15.0450
2024-05-11 13:42:30.000000    1202373.2504     252479.0326    6237789.0233    -6.0596     4.3783     2.4816         0.05         10    15.9065
2024-05-11 13:43:0.000000    1202373.1627     252479.1257    6237790.7456    -6.1473     4.4714     4.2039         0.05         10    15.9748
2024-05-11 13:43:30.000000    1202373.1149     252479.3163    6237789.5822    -6.1951     4.6620     3.0405         0.05         11    15.3410
2024-05-11 13:44:0.000000    1202373.2440     252479.2468    6237790.8606    -6.0660     4.5925     4.3189         0.05         11    15.5002
2024-05-11 13:44:30.000000    1202373.1747     252479.1650    6237793.2194    -6.1353     4.5107     6.6777         0.05         11    15.5160
2024-05-11 13:45:0.000000    1202373.0516     252478.8970    6237794.5157    -6.2584     4.2427     7.9740         0.05         11    15.6046
2024-05-11 13:45:30.000000    1202373.3953     252479.0617    6237796.2387    -5.9147     4.4074     9.6970         0.06         11    15.7387
2024-05-11 13:46:0.000000    1202373.4356     252479.0141    6237797.9542    -5.8744     4.3598    11.4125         0.06         11    15.7976
2024-05-11 13:46:30.000000    1202373.1340     252478.7972    6237799.7717    -6.1760     4.1429    13.2300         0.06         11    15.8768
2024-05-11 13:47:0.000000    1202373.4081     252478.8358    6237801.2762    -5.9019     4.1815    14.7345         0.07         11    15.9183
2024-05-11 13:47:30.000000    1202373.3472     252478.8138    6237801.6729    -5.9628     4.1595    15.1312         0.07         11    16.0256
2024-05-11 13:48:0.000000    1202373.5005     252478.8869    6237803.3684    -5.8095     4.2326    16.8267         0.07         11    16.2144
2024-05-11 13:48:30.000000    1202373.6239     252478.6910    6237805.9486    -5.6861     4.0367    19.4069         0.08         11    16.2348
2024-05-11 13:49:0.000000    1202373.6456     252478.8139    6237806.7508    -5.6644     4.1596    20.2091         0.08         11    16.4163
2024-05-11 13:49:30.000000    1202373.6708     252478.8579    6237808.1345    -5.6392     4.2036    21.5928         0.08         11    16.4660
2024-05-11 13:50:0.000000    1202373.6008     252478.8091    6237810.1612    -5.7092     4.1548    23.6195         0.08         11    16.4775
2024-05-11 13:50:30.000000    1202373.7509     252478.6265    6237811.4520    -5.5591     3.9722    24.9103         0.09         11    16.6947
2024-05-11 13:51:0.000000    1202373.6151     252478.6563    6237812.4727    -5.6949     4.0020    25.9310         0.09         11    16.7847
2024-05-11 13:51:30.000000    1202373.4674     252478.8284    6237814.1047    -5.8426     4.1741    27.5630         0.09         11    16.8285
2024-05-11 13:52:0.000000    1202373.5031     252478.8543    6237815.5647    -5.8069     4.2000    29.0230         0.09         11    16.9466
2024-05-11 13:52:30.000000    1202373.4237     252478.8483    6237815.8644    -5.8863     4.1940    29.3227         0.09         11    17.0542
2024-05-11 13:53:0.000000    1202373.7258     252478.9198    6237817.9540    -5.5842     4.2655    31.4123         0.10         11    17.0957
2024-05-11 13:53:30.000000    1202373.8201     252478.9196    6237819.6527    -5.4899     4.2653    33.1110         0.10         11    17.1337
2024-05-11 13:54:0.000000    1202373.8466     252479.0738    6237819.1931    -5.4634     4.4195    32.6514         0.10         11    17.4625
2024-05-11 13:54:30.000000    1202373.7636     252479.1561    6237822.0557    -5.5464     4.5018    35.5140         0.11         11    17.4369
2024-05-11 13:55:0.000000    1202373.7573     252479.2811    6237822.6355    -5.5527     4.6268    36.0938         0.11         11    17.4748
2024-05-11 13:55:30.000000    1202373.8161     252479.2101    6237823.8935    -5.4939     4.5558    37.3518         0.11         11    17.6051
2024-05-11 13:56:0.000000    1202373.7122     252479.2786    6237825.7354    -5.5978     4.6243    39.1937         0.11         11    17.5839
2024-05-11 13:56:30.000000    1202374.0359     252479.2550    6237825.9862    -5.2741     4.6007    39.4445         0.11         11    17.7504
2024-05-11 13:57:0.000000    1202373.8177     252479.4334    6237826.6878    -5.4923     4.7791    40.1461         0.11         11    17.7173
2024-05-11 13:57:30.000000    1202373.9627     252479.4698    6237829.1740    -5.3473     4.8155    42.6323         0.12         11    17.8400
2024-05-11 13:58:0.000000    1202374.0748     252479.4293    6237829.4737    -5.2352     4.7750    42.9320         0.12         11    18.0238
2024-05-11 13:58:30.000000    1202373.8709     252479.6797    6237830.4866    -5.4391     5.0254    43.9449         0.12         11    18.0320
2024-05-11 13:59:0.000000    1202373.9627     252479.6958    6237832.3065    -5.3473     5.0415    45.7648         0.12         11    18.1409
2024-05-11 13:59:30.000000    1202373.9206     252479.7908    6237833.5882    -5.3894     5.1365    47.0465         0.13         11    18.1957
