GPS Single Point Positioning Results (without Ionosphere Correction (12:00-14:00))
====================================================================================================
Station: NYA200NOR
Time Window: 12:00-14:00 (UTC)
Approx Position: X=1202379.3100, Y=252474.6543, Z=6237786.5417

Epoch                             X (m)           Y (m)           Z (m)     dX (m)     dY (m)     dZ (m)   Clock (us) Satellites    RMS (m)
----------------------------------------------------------------------------------------------------
2024-05-08 12:00:0.000000    1202377.3426     252485.4976    6237837.7939    -1.9674    10.8433    51.2522         0.13         11    19.4237
2024-05-08 12:00:30.000000    1202377.1937     252485.5926    6237835.8480    -2.1163    10.9383    49.3063         0.13         11    19.3253
2024-05-08 12:01:0.000000    1202377.3175     252485.6460    6237834.1425    -1.9925    10.9917    47.6008         0.13         11    19.1400
2024-05-08 12:01:30.000000    1202377.1144     252485.6811    6237832.2383    -2.1956    11.0268    45.6966         0.12         11    18.9877
2024-05-08 12:02:0.000000    1202377.0749     252485.7978    6237831.0754    -2.2351    11.1435    44.5337         0.12         11    18.9966
2024-05-08 12:02:30.000000    1202376.8983     252485.5591    6237828.6896    -2.4117    10.9048    42.1479         0.12         11    18.9536
2024-05-08 12:03:0.000000    1202376.8600     252485.6681    6237827.3739    -2.4500    11.0138    40.8322         0.11         11    18.5912
2024-05-08 12:03:30.000000    1202376.8351     252485.5187    6237826.1812    -2.4749    10.8644    39.6395         0.11         11    18.6129
2024-05-08 12:04:0.000000    1202376.5763     252485.5063    6237824.2535    -2.7337    10.8520    37.7118         0.11         11    18.5660
2024-05-08 12:04:30.000000    1202376.6211     252485.5067    6237822.7665    -2.6889    10.8524    36.2248         0.10         11    18.4844
2024-05-08 12:05:0.000000    1202376.5295     252485.7035    6237821.1896    -2.7805    11.0492    34.6479         0.10         11    18.3348
2024-05-08 12:05:30.000000    1202376.3525     252485.5350    6237818.5809    -2.9575    10.8807    32.0392         0.10         11    18.3037
2024-05-08 12:06:0.000000    1202376.3984     252485.5166    6237817.2413    -2.9116    10.8623    30.6996         0.09         11    18.1293
2024-05-08 12:06:30.000000    1202376.2454     252485.5474    6237815.9028    -3.0646    10.8931    29.3611         0.10         11    17.9729
2024-05-08 12:07:0.000000    1202376.5419     252485.5661    6237815.5836    -2.7681    10.9118    29.0419         0.10         10    18.6595
2024-05-08 12:07:30.000000    1202376.5327     252485.6113    6237813.6128    -2.7773    10.9570    27.0711         0.09         10    18.6487
2024-05-08 12:08:0.000000    1202376.2418     252485.5453    6237811.8622    -3.0682    10.8910    25.3205         0.09         10    18.5282
2024-05-08 12:08:30.000000    1202376.2858     252485.5349    6237809.3428    -3.0242    10.8806    22.8011         0.08         10    18.4911
2024-05-08 12:09:0.000000    1202376.0381     252485.4877    6237807.0759    -3.2719    10.8334    20.5342         0.07         10    18.3854
2024-05-08 12:09:30.000000    1202375.9775     252485.6439    6237806.8470    -3.3325    10.9896    20.3053         0.07         10    18.3258
2024-05-08 12:10:0.000000    1202375.8161     252485.5707    6237805.2127    -3.4939    10.9164    18.6710         0.07         10    18.3748
2024-05-08 12:10:30.000000    1202375.6949     252485.4590    6237803.0947    -3.6151    10.8047    16.5530         0.07         10    18.1833
2024-05-08 12:11:0.000000    1202375.5348     252485.6021    6237801.1447    -3.7752    10.9478    14.6030         0.06         10    18.1885
2024-05-08 12:11:30.000000    1202375.8296     252485.3246    6237799.4684    -3.4804    10.6703    12.9267         0.06         10    18.1046
2024-05-08 12:12:0.000000    1202375.5954     252485.4247    6237797.6066    -3.7146    10.7704    11.0649         0.06         10    17.9970
2024-05-08 12:12:30.000000    1202375.5750     252485.4049    6237796.6333    -3.7350    10.7506    10.0916         0.06         10    17.9591
2024-05-08 12:13:0.000000    1202375.2934     252485.2229    6237793.2466    -4.0166    10.5686     6.7049         0.05         10    17.9030
2024-05-08 12:13:30.000000    1202374.9579     252485.1470    6237790.9635    -4.3521    10.4927     4.4218         0.04         10    17.7454
2024-05-08 12:14:0.000000    1202375.1149     252485.3028    6237791.1332    -4.1951    10.6485     4.5915         0.04         10    17.6988
2024-05-08 12:14:30.000000    1202374.9420     252485.1330    6237788.8845    -4.3680    10.4787     2.3428         0.04         10    17.6152
2024-05-08 12:15:0.000000    1202374.9947     252485.0400    6237786.3200    -4.3153    10.3857    -0.2217         0.04         10    17.6690
2024-05-08 12:15:30.000000    1202374.9653     252485.0779    6237785.3794    -4.3447    10.4236    -1.1623         0.03         10    17.5280
2024-05-08 12:16:0.000000    1202374.5148     252485.4731    6237783.9083    -4.7952    10.8188    -2.6334         0.03         10    17.7518
2024-05-08 12:16:30.000000    1202374.6371     252485.2195    6237781.2730    -4.6729    10.5652    -5.2687         0.03         10    17.7290
2024-05-08 12:17:0.000000    1202374.5743     252485.2694    6237780.8120    -4.7357    10.6151    -5.7297         0.03         10    17.5554
2024-05-08 12:17:30.000000    1202374.5105     252485.4976    6237778.4470    -4.7995    10.8433    -8.0947         0.02         10    17.6379
2024-05-08 12:18:0.000000    1202374.5216     252485.5556    6237776.5259    -4.7884    10.9013   -10.0158         0.02         10    17.5818
2024-05-08 12:18:30.000000    1202374.3252     252485.4423    6237774.9280    -4.9848    10.7880   -11.6137         0.01         10    17.6135
2024-05-08 12:19:0.000000    1202374.1798     252485.3521    6237773.0940    -5.1302    10.6978   -13.4477         0.01         10    17.4451
2024-05-08 12:19:30.000000    1202374.2326     252485.1720    6237771.9484    -5.0774    10.5177   -14.5933         0.01         10    17.3570
2024-05-08 12:20:0.000000    1202373.9857     252485.0989    6237770.3140    -5.3243    10.4446   -16.2277         0.00         10    17.4942
2024-05-08 12:20:30.000000    1202374.1077     252485.0787    6237768.1008    -5.2023    10.4244   -18.4409         0.00         10    17.5527
2024-05-08 12:21:0.000000    1202374.2239     252484.8830    6237767.1414    -5.0861    10.2287   -19.4003        -0.00         10    17.3754
2024-05-08 12:21:30.000000    1202374.0312     252484.8533    6237765.6285    -5.2788    10.1990   -20.9132        -0.00         10    17.5123
2024-05-08 12:22:0.000000    1202373.9346     252484.7988    6237763.8098    -5.3754    10.1445   -22.7319        -0.01         10    17.3475
2024-05-08 12:22:30.000000    1202374.0396     252484.6341    6237762.1634    -5.2704     9.9798   -24.3783        -0.01         10    17.3569
2024-05-08 12:23:0.000000    1202373.9422     252484.7359    6237760.5321    -5.3678    10.0816   -26.0096        -0.01         10    17.3440
2024-05-08 12:23:30.000000    1202373.9459     252484.6850    6237758.6342    -5.3641    10.0307   -27.9075        -0.02         10    17.2992
2024-05-08 12:24:0.000000    1202373.8781     252484.6483    6237756.8468    -5.4319     9.9940   -29.6949        -0.02         10    17.1356
2024-05-08 12:24:30.000000    1202373.9015     252484.7817    6237755.0696    -5.4085    10.1274   -31.4721        -0.03         10    17.2869
2024-05-08 12:25:0.000000    1202373.7717     252484.8389    6237754.0878    -5.5383    10.1846   -32.4539        -0.03         10    17.4822
2024-05-08 12:25:30.000000    1202373.7589     252484.5915    6237751.9296    -5.5511     9.9372   -34.6121        -0.03         10    17.6237
2024-05-08 12:26:0.000000    1202373.8881     252484.7426    6237750.1186    -5.4219    10.0883   -36.4231        -0.04         10    17.3281
2024-05-08 12:26:30.000000    1202373.5930     252484.7839    6237748.3371    -5.7170    10.1296   -38.2046        -0.04         10    17.5487
2024-05-08 12:27:0.000000    1202373.4460     252484.7390    6237747.4019    -5.8640    10.0847   -39.1398        -0.04         10    17.8167
2024-05-08 12:27:30.000000    1202373.6508     252484.5994    6237745.2165    -5.6592     9.9451   -41.3252        -0.05         10    17.6666
2024-05-08 12:28:0.000000    1202373.5979     252484.5013    6237744.2095    -5.7121     9.8470   -42.3322        -0.05         10    17.7144
2024-05-08 12:28:30.000000    1202373.7003     252484.4720    6237742.0603    -5.6097     9.8177   -44.4814        -0.05         10    17.8116
2024-05-08 12:29:0.000000    1202373.4882     252484.5169    6237740.3636    -5.8218     9.8626   -46.1781        -0.05         10    18.0545
2024-05-08 12:29:30.000000    1202374.4632     252485.2661    6237742.6230    -4.8468    10.6118   -43.9187        -0.05         11    18.0508
2024-05-08 12:30:0.000000    1202374.4531     252485.2670    6237742.3452    -4.8569    10.6127   -44.1965        -0.05         11    18.3298
2024-05-08 12:30:30.000000    1202374.5568     252485.1661    6237739.5303    -4.7532    10.5118   -47.0114        -0.06         11    18.0240
2024-05-08 12:31:0.000000    1202374.5336     252485.3246    6237738.3348    -4.7764    10.6703   -48.2069        -0.06         11    18.3576
2024-05-08 12:31:30.000000    1202374.5044     252485.4732    6237737.5153    -4.8056    10.8189   -49.0264        -0.05         11    18.4290
2024-05-08 12:32:0.000000    1202374.4111     252485.4945    6237735.2277    -4.8989    10.8402   -51.3140        -0.05         11    18.4044
2024-05-08 12:32:30.000000    1202374.6283     252485.5956    6237734.2187    -4.6817    10.9413   -52.3230        -0.06         11    18.4951
2024-05-08 12:33:0.000000    1202374.5309     252485.7137    6237732.7229    -4.7791    11.0594   -53.8188        -0.06         11    18.7396
2024-05-08 12:33:30.000000    1202374.4838     252485.8276    6237730.8113    -4.8262    11.1733   -55.7304        -0.06         11    18.7473
2024-05-08 12:34:0.000000    1202374.4605     252485.9499    6237729.9382    -4.8495    11.2956   -56.6035        -0.07         11    19.1070
2024-05-08 12:34:30.000000    1202374.7365     252485.9468    6237728.6649    -4.5735    11.2925   -57.8768        -0.07         11    19.2172
2024-05-08 12:35:0.000000    1202374.9103     252486.2979    6237727.8499    -4.3997    11.6436   -58.6918        -0.08         11    19.2499
2024-05-08 12:35:30.000000    1202374.7668     252486.1354    6237726.0300    -4.5432    11.4811   -60.5117        -0.08         11    19.4809
2024-05-08 12:36:0.000000    1202374.8613     252486.3441    6237724.4329    -4.4487    11.6898   -62.1088        -0.08         11    19.5961
2024-05-08 12:36:30.000000    1202375.1638     252486.3746    6237723.0030    -4.1462    11.7203   -63.5387        -0.08         11    19.9762
2024-05-08 12:37:0.000000    1202375.0786     252486.6095    6237721.8755    -4.2314    11.9552   -64.6662        -0.09         11    20.0534
2024-05-08 12:37:30.000000    1202375.1379     252486.5335    6237719.9656    -4.1721    11.8792   -66.5761        -0.09         11    20.0765
2024-05-08 12:38:0.000000    1202375.1575     252486.6443    6237719.2057    -4.1525    11.9900   -67.3360        -0.09         11    20.1888
2024-05-08 12:38:30.000000    1202376.7186     252485.3190    6237690.8556    -2.5914    10.6647   -95.6861        -0.15         10    13.9064
2024-05-08 12:39:0.000000    1202375.0824     252487.3710    6237719.5149    -4.2276    12.7167   -67.0268        -0.09         12    19.0021
2024-05-08 12:39:30.000000    1202376.3506     252487.1158    6237699.5872    -2.9594    12.4615   -86.9545        -0.13         11    15.0613
2024-05-08 12:40:0.000000    1202376.3550     252487.3641    6237699.0254    -2.9550    12.7098   -87.5163        -0.13         11    14.9995
2024-05-08 12:40:30.000000    1202376.4353     252487.3253    6237697.7318    -2.8747    12.6710   -88.8099        -0.14         11    14.7885
2024-05-08 12:41:0.000000    1202376.5890     252487.5156    6237697.6748    -2.7210    12.8613   -88.8669        -0.13         11    14.9281
2024-05-08 12:41:30.000000    1202376.4249     252487.5340    6237696.3183    -2.8851    12.8797   -90.2234        -0.14         11    14.8518
2024-05-08 12:42:0.000000    1202376.4603     252487.7738    6237694.5694    -2.8497    13.1195   -91.9723        -0.14         11    14.5155
2024-05-08 12:42:30.000000    1202376.4505     252488.1154    6237694.9196    -2.8595    13.4611   -91.6221        -0.14         11    14.7061
2024-05-08 12:43:0.000000    1202376.3916     252488.1415    6237694.4291    -2.9184    13.4872   -92.1126        -0.14         11    14.6190
2024-05-08 12:43:30.000000    1202376.4856     252488.2362    6237693.2512    -2.8244    13.5819   -93.2905        -0.14         11    14.4079
2024-05-08 12:44:0.000000    1202376.5494     252488.3927    6237692.8085    -2.7606    13.7384   -93.7332        -0.14         11    14.1373
2024-05-08 12:44:30.000000    1202376.5920     252488.6969    6237692.5342    -2.7180    14.0426   -94.0075        -0.14         11    14.1784
2024-05-08 12:45:0.000000    1202376.5570     252488.8163    6237691.7397    -2.7530    14.1620   -94.8020        -0.15         11    14.0676
2024-05-08 12:45:30.000000    1202376.3970     252488.8604    6237690.6270    -2.9130    14.2061   -95.9147        -0.15         11    13.6947
2024-05-08 12:46:0.000000    1202376.4243     252489.0969    6237689.8907    -2.8857    14.4426   -96.6510        -0.15         11    13.7387
2024-05-08 12:46:30.000000    1202376.3746     252489.2106    6237689.6937    -2.9354    14.5563   -96.8480        -0.15         11    13.7206
2024-05-08 12:47:0.000000    1202376.4451     252489.4038    6237688.9809    -2.8649    14.7495   -97.5608        -0.15         11    13.5280
2024-05-08 12:47:30.000000    1202376.4932     252489.4437    6237688.6984    -2.8168    14.7894   -97.8433        -0.15         11    13.4775
2024-05-08 12:48:0.000000    1202376.4160     252489.9745    6237687.8348    -2.8940    15.3202   -98.7069        -0.15         11    13.2482
2024-05-08 12:48:30.000000    1202376.4236     252489.9650    6237687.0916    -2.8864    15.3107   -99.4501        -0.15         11    13.2427
2024-05-08 12:49:0.000000    1202376.4126     252490.1395    6237686.3718    -2.8974    15.4852  -100.1699        -0.15         11    13.0585
2024-05-08 12:49:30.000000    1202376.4029     252490.3748    6237684.9749    -2.9071    15.7205  -101.5668        -0.16         11    13.0510
2024-05-08 12:50:0.000000    1202376.0452     252490.4543    6237684.6068    -3.2648    15.8000  -101.9349        -0.16         11    12.9570
2024-05-08 12:50:30.000000    1202376.1772     252490.9881    6237684.4603    -3.1328    16.3338  -102.0814        -0.16         11    12.9607
2024-05-08 12:51:0.000000    1202376.2808     252490.9892    6237683.0247    -3.0292    16.3349  -103.5170        -0.16         11    12.7289
2024-05-08 12:51:30.000000    1202376.1575     252491.0816    6237681.9988    -3.1525    16.4273  -104.5429        -0.16         11    12.9696
2024-05-08 12:52:0.000000    1202376.0271     252491.3644    6237680.5570    -3.2829    16.7101  -105.9847        -0.16         11    12.7336
2024-05-08 12:52:30.000000    1202376.0799     252491.6733    6237680.6692    -3.2301    17.0190  -105.8725        -0.17         11    12.6340
2024-05-08 12:53:0.000000    1202375.9867     252491.7165    6237680.0406    -3.3233    17.0622  -106.5011        -0.17         11    12.8108
2024-05-08 12:53:30.000000    1202376.2706     252491.8438    6237678.4888    -3.0394    17.1895  -108.0529        -0.17         11    12.5982
2024-05-08 12:54:0.000000    1202376.1803     252492.2623    6237678.4079    -3.1297    17.6080  -108.1338        -0.17         11    12.6614
2024-05-08 12:54:30.000000    1202376.2164     252492.2590    6237678.2689    -3.0936    17.6047  -108.2728        -0.17         11    12.6690
2024-05-08 12:55:0.000000    1202376.2731     252492.5531    6237677.1336    -3.0369    17.8988  -109.4081        -0.17         11    12.4772
2024-05-08 12:55:30.000000    1202376.0880     252492.6625    6237676.0742    -3.2220    18.0082  -110.4675        -0.17         11    12.6045
2024-05-08 12:56:0.000000    1202376.1052     252492.9592    6237675.7468    -3.2048    18.3049  -110.7949        -0.17         11    12.5199
2024-05-08 12:56:30.000000    1202376.1174     252493.3011    6237674.5594    -3.1926    18.6468  -111.9823        -0.17         11    12.5339
2024-05-08 12:57:0.000000    1202375.7853     252493.5757    6237673.7800    -3.5247    18.9214  -112.7617        -0.18         11    12.5983
2024-05-08 12:57:30.000000    1202375.9560     252493.6067    6237673.7331    -3.3540    18.9524  -112.8086        -0.18         11    12.8338
2024-05-08 12:58:0.000000    1202376.2317     252493.4803    6237673.2007    -3.0783    18.8260  -113.3410        -0.18         11    12.7735
2024-05-08 12:58:30.000000    1202376.2210     252493.8958    6237673.8992    -3.0890    19.2415  -112.6425        -0.18         11    12.6939
2024-05-08 12:59:0.000000    1202376.2234     252494.0553    6237673.1803    -3.0866    19.4010  -113.3614        -0.18         11    12.8662
2024-05-08 12:59:30.000000    1202376.0936     252494.2445    6237672.5443    -3.2164    19.5902  -113.9974        -0.18         11    12.8006
2024-05-08 13:00:0.000000    1202375.9776     252494.4475    6237671.3601    -3.3324    19.7932  -115.1816        -0.18         11    12.7420
2024-05-08 13:00:30.000000    1202375.9701     252494.8209    6237670.9413    -3.3399    20.1666  -115.6004        -0.18         11    12.4297
2024-05-08 13:01:0.000000    1202376.0328     252495.0587    6237670.2837    -3.2772    20.4044  -116.2580        -0.18         11    12.6383
2024-05-08 13:01:30.000000    1202375.7423     252494.9845    6237668.9478    -3.5677    20.3302  -117.5939        -0.18         11    12.8301
2024-05-08 13:02:0.000000    1202375.5395     252495.4969    6237668.6106    -3.7705    20.8426  -117.9311        -0.18         11    12.9152
2024-05-08 13:02:30.000000    1202375.7288     252495.6035    6237667.7985    -3.5812    20.9492  -118.7432        -0.19         11    13.0022
2024-05-08 13:03:0.000000    1202375.6070     252495.5839    6237667.7590    -3.7030    20.9296  -118.7827        -0.19         11    13.2462
2024-05-08 13:03:30.000000    1202375.4384     252496.0818    6237665.9236    -3.8716    21.4275  -120.6181        -0.19         11    13.2766
2024-05-08 13:04:0.000000    1202375.5520     252496.0534    6237665.1972    -3.7580    21.3991  -121.3445        -0.19         11    13.4675
2024-05-08 13:04:30.000000    1202375.3644     252496.4170    6237664.6273    -3.9456    21.7627  -121.9144        -0.19         11    13.4667
2024-05-08 13:05:0.000000    1202375.4490     252496.6202    6237663.7550    -3.8610    21.9659  -122.7867        -0.19         11    13.6268
2024-05-08 13:05:30.000000    1202375.4051     252496.7143    6237662.5257    -3.9049    22.0600  -124.0160        -0.19         11    14.1459
2024-05-08 13:06:0.000000    1202375.2439     252496.9817    6237661.7214    -4.0661    22.3274  -124.8203        -0.20         11    14.2249
2024-05-08 13:06:30.000000    1202375.0953     252497.2765    6237660.2527    -4.2147    22.6222  -126.2890        -0.20         11    14.2967
2024-05-08 13:07:0.000000    1202375.1273     252497.3850    6237660.6039    -4.1827    22.7307  -125.9378        -0.20         11    14.7152
2024-05-08 13:07:30.000000    1202375.0574     252497.3673    6237658.7892    -4.2526    22.7130  -127.7525        -0.20         11    14.8602
2024-05-08 13:08:0.000000    1202374.8286     252497.7390    6237659.0313    -4.4814    23.0847  -127.5104        -0.20         11    15.1556
2024-05-08 13:08:30.000000    1202374.8709     252497.6829    6237659.0875    -4.4391    23.0286  -127.4542        -0.20         11    15.3964
2024-05-08 13:09:0.000000    1202374.9071     252497.9106    6237656.7853    -4.4029    23.2563  -129.7564        -0.21         10    16.2783
2024-05-08 13:09:30.000000    1202374.7541     252498.7031    6237668.1500    -4.5559    24.0488  -118.3917        -0.18         11    18.9045
2024-05-08 13:10:0.000000    1202374.8532     252499.0114    6237667.2563    -4.4568    24.3571  -119.2854        -0.18         12    17.9658
2024-05-08 13:10:30.000000    1202374.6556     252499.4402    6237666.1138    -4.6544    24.7859  -120.4279        -0.19         12    18.1455
2024-05-08 13:11:0.000000    1202374.3981     252499.4911    6237666.3846    -4.9119    24.8368  -120.1571        -0.19         12    18.3229
2024-05-08 13:11:30.000000    1202374.4016     252499.5455    6237665.7291    -4.9084    24.8912  -120.8126        -0.19         12    18.4818
2024-05-08 13:12:0.000000    1202372.1356     252504.7585    6237641.3184    -7.1744    30.1042  -145.2233        -0.24         11    13.5854
2024-05-08 13:12:30.000000    1202372.2720     252504.8224    6237641.9795    -7.0380    30.1681  -144.5622        -0.24         11    13.5001
2024-05-08 13:13:0.000000    1202372.2144     252504.8165    6237641.6302    -7.0956    30.1622  -144.9115        -0.24         11    13.4853
2024-05-08 13:13:30.000000    1202372.2185     252504.7822    6237641.3314    -7.0915    30.1279  -145.2103        -0.24         11    13.3713
2024-05-08 13:14:0.000000    1202372.2425     252504.8762    6237641.1400    -7.0675    30.2219  -145.4017        -0.24         11    12.8177
2024-05-08 13:14:30.000000    1202372.3689     252504.9749    6237641.8495    -6.9411    30.3206  -144.6922        -0.24         11    13.0765
2024-05-08 13:15:0.000000    1202372.0458     252505.1414    6237641.5034    -7.2642    30.4871  -145.0383        -0.24         11    12.9013
2024-05-08 13:15:30.000000    1202371.8556     252505.4943    6237640.5609    -7.4544    30.8400  -145.9808        -0.24         11    12.6802
2024-05-08 13:16:0.000000    1202372.0775     252504.9903    6237643.0962    -7.2325    30.3360  -143.4455        -0.23         11    12.5289
2024-05-08 13:16:30.000000    1202372.1447     252504.9550    6237642.7632    -7.1653    30.3007  -143.7785        -0.23         11    12.5609
2024-05-08 13:17:0.000000    1202372.1515     252504.8567    6237643.6014    -7.1585    30.2024  -142.9403        -0.23         11    12.2740
2024-05-08 13:17:30.000000    1202372.1438     252504.4832    6237644.1309    -7.1662    29.8289  -142.4108        -0.23         11    12.1207
2024-05-08 13:18:0.000000    1202372.2513     252504.4497    6237644.3031    -7.0587    29.7954  -142.2386        -0.23         11    12.1453
2024-05-08 13:18:30.000000    1202372.1134     252504.5456    6237645.3268    -7.1966    29.8913  -141.2149        -0.23         11    11.9844
2024-05-08 13:19:0.000000    1202372.1347     252504.4142    6237645.3241    -7.1753    29.7599  -141.2176        -0.23         11    11.8264
2024-05-08 13:19:30.000000    1202372.1814     252504.3999    6237646.5251    -7.1286    29.7456  -140.0166        -0.23         11    11.8388
2024-05-08 13:20:0.000000    1202372.1197     252504.1431    6237647.9092    -7.1903    29.4888  -138.6325        -0.22         11    11.8879
2024-05-08 13:20:30.000000    1202372.0253     252504.1575    6237648.4758    -7.2847    29.5032  -138.0659        -0.22         11    11.9680
2024-05-08 13:21:0.000000    1202372.0117     252503.9005    6237648.8077    -7.2983    29.2462  -137.7340        -0.22         11    11.8981
2024-05-08 13:21:30.000000    1202371.9676     252503.8836    6237649.4385    -7.3424    29.2293  -137.1032        -0.22         11    11.8728
2024-05-08 13:22:0.000000    1202372.1651     252503.6065    6237650.4476    -7.1449    28.9522  -136.0941        -0.22         11    11.9899
2024-05-08 13:22:30.000000    1202371.8547     252503.6119    6237650.0141    -7.4553    28.9576  -136.5276        -0.22         11    12.2148
2024-05-08 13:23:0.000000    1202371.7839     252503.4228    6237651.4000    -7.5261    28.7685  -135.1417        -0.22         11    12.1417
2024-05-08 13:23:30.000000    1202371.9673     252503.0205    6237652.9023    -7.3427    28.3662  -133.6394        -0.21         11    12.1519
2024-05-08 13:24:0.000000    1202372.0118     252503.0827    6237653.9381    -7.2982    28.4284  -132.6036        -0.21         11    12.2955
2024-05-08 13:24:30.000000    1202372.1464     252502.6912    6237655.3608    -7.1636    28.0369  -131.1809        -0.21         11    12.2951
2024-05-08 13:25:0.000000    1202371.9625     252502.3799    6237657.0056    -7.3475    27.7256  -129.5361        -0.21         11    12.4056
2024-05-08 13:25:30.000000    1202371.9933     252502.0310    6237658.4396    -7.3167    27.3767  -128.1021        -0.20         11    12.5316
2024-05-08 13:26:0.000000    1202372.0417     252502.0046    6237660.9285    -7.2683    27.3503  -125.6132        -0.20         11    12.3706
2024-05-08 13:26:30.000000    1202371.8616     252501.5872    6237661.4569    -7.4484    26.9329  -125.0848        -0.20         11    12.6413
2024-05-08 13:27:0.000000    1202371.8899     252501.3050    6237663.1038    -7.4201    26.6507  -123.4379        -0.20         11    12.7657
2024-05-08 13:27:30.000000    1202372.0071     252500.7185    6237664.8889    -7.3029    26.0642  -121.6528        -0.19         11    12.6923
2024-05-08 13:28:0.000000    1202372.0406     252500.6344    6237666.1704    -7.2694    25.9801  -120.3713        -0.19         11    12.9732
2024-05-08 13:28:30.000000    1202372.0536     252499.9614    6237669.4587    -7.2564    25.3071  -117.0830        -0.18         11    12.8455
2024-05-08 13:29:0.000000    1202372.1027     252499.7483    6237669.9931    -7.2073    25.0940  -116.5486        -0.18         11    13.0382
2024-05-08 13:29:30.000000    1202372.0775     252499.4022    6237672.8993    -7.2325    24.7479  -113.6424        -0.18         11    13.1024
2024-05-08 13:30:0.000000    1202372.1562     252498.6983    6237675.3152    -7.1538    24.0440  -111.2265        -0.17         11    13.2350
2024-05-08 13:30:30.000000    1202372.4106     252498.4968    6237677.4607    -6.8994    23.8425  -109.0810        -0.17         11    13.2906
2024-05-08 13:31:0.000000    1202372.5456     252497.9882    6237679.1891    -6.7644    23.3339  -107.3526        -0.17         11    13.4669
2024-05-08 13:31:30.000000    1202374.2397     252494.7705    6237695.2204    -5.0703    20.1162   -91.3213        -0.13         12    16.7049
2024-05-08 13:32:0.000000    1202374.3903     252494.5199    6237697.5127    -4.9197    19.8656   -89.0290        -0.13         12    16.3653
2024-05-08 13:32:30.000000    1202374.4761     252494.0848    6237699.0335    -4.8339    19.4305   -87.5082        -0.12         12    16.3116
2024-05-08 13:33:0.000000    1202374.4278     252493.2805    6237702.4121    -4.8822    18.6262   -84.1296        -0.12         12    16.0642
2024-05-08 13:33:30.000000    1202374.6481     252493.1123    6237703.7123    -4.6619    18.4580   -82.8294        -0.12         12    15.8824
2024-05-08 13:34:0.000000    1202374.5654     252492.7292    6237706.0901    -4.7446    18.0749   -80.4516        -0.11         12    15.8148
2024-05-08 13:34:30.000000    1202374.8250     252492.3749    6237708.2205    -4.4850    17.7206   -78.3212        -0.11         12    15.8352
2024-05-08 13:35:0.000000    1202374.5923     252491.6702    6237710.7847    -4.7177    17.0159   -75.7570        -0.10         12    15.6458
2024-05-08 13:35:30.000000    1202374.7085     252491.1128    6237713.3677    -4.6015    16.4585   -73.1740        -0.10         12    15.4020
2024-05-08 13:36:0.000000    1202374.7664     252490.7519    6237715.3592    -4.5436    16.0976   -71.1825        -0.09         12    15.3524
2024-05-08 13:36:30.000000    1202374.7337     252490.4271    6237717.6298    -4.5763    15.7728   -68.9119        -0.09         12    15.3270
2024-05-08 13:37:0.000000    1202374.8032     252490.0810    6237720.8285    -4.5068    15.4267   -65.7132        -0.08         12    15.1703
2024-05-08 13:37:30.000000    1202374.6809     252489.7063    6237722.0995    -4.6291    15.0520   -64.4422        -0.08         12    15.0321
2024-05-08 13:38:0.000000    1202374.7822     252489.3212    6237725.1952    -4.5278    14.6669   -61.3465        -0.08         12    15.0573
2024-05-08 13:38:30.000000    1202374.6438     252489.0857    6237726.3318    -4.6662    14.4314   -60.2099        -0.07         12    14.8156
2024-05-08 13:39:0.000000    1202374.9100     252488.6290    6237729.5126    -4.4000    13.9747   -57.0291        -0.07         12    14.8662
2024-05-08 13:39:30.000000    1202374.7982     252488.1148    6237732.1060    -4.5118    13.4605   -54.4357        -0.06         12    14.8785
2024-05-08 13:40:0.000000    1202374.5755     252487.8976    6237733.8459    -4.7345    13.2433   -52.6958        -0.06         12    14.8602
2024-05-08 13:40:30.000000    1202374.8188     252487.4126    6237737.2288    -4.4912    12.7583   -49.3129        -0.05         12    14.8442
2024-05-08 13:41:0.000000    1202374.7340     252486.8950    6237739.8388    -4.5760    12.2407   -46.7029        -0.05         12    14.8160
2024-05-08 13:41:30.000000    1202374.7976     252486.6366    6237741.2750    -4.5124    11.9823   -45.2667        -0.05         12    14.7078
2024-05-08 13:42:0.000000    1202374.7994     252486.4500    6237743.0691    -4.5106    11.7957   -43.4726        -0.04         12    14.7540
2024-05-08 13:42:30.000000    1202374.8362     252485.8937    6237746.5175    -4.4738    11.2394   -40.0242        -0.04         12    14.7660
2024-05-08 13:43:0.000000    1202374.9699     252485.4838    6237749.0558    -4.3401    10.8295   -37.4859        -0.03         12    14.7316
2024-05-08 13:43:30.000000    1202374.7519     252485.2132    6237750.9107    -4.5581    10.5589   -35.6310        -0.03         12    14.6561
2024-05-08 13:44:0.000000    1202374.9448     252484.8171    6237753.8222    -4.3652    10.1628   -32.7195        -0.02         12    14.7401
2024-05-08 13:44:30.000000    1202374.8453     252484.4501    6237755.6902    -4.4647     9.7958   -30.8515        -0.02         12    14.6303
2024-05-08 13:45:0.000000    1202374.8418     252484.0799    6237758.1479    -4.4682     9.4256   -28.3938        -0.02         12    14.5628
2024-05-08 13:45:30.000000    1202374.9871     252483.9611    6237760.5324    -4.3229     9.3068   -26.0093        -0.01         12    14.5571
2024-05-08 13:46:0.000000    1202375.1932     252483.6184    6237763.4819    -4.1168     8.9641   -23.0598        -0.01         12    14.6432
2024-05-08 13:46:30.000000    1202375.0555     252483.3186    6237765.1719    -4.2545     8.6643   -21.3698        -0.00         12    14.7046
2024-05-08 13:47:0.000000    1202375.0146     252482.8947    6237767.1207    -4.2954     8.2404   -19.4210         0.00         12    14.5942
2024-05-08 13:47:30.000000    1202374.7783     252482.7628    6237769.5485    -4.5317     8.1085   -16.9932         0.01         12    14.6469
2024-05-08 13:48:0.000000    1202374.9703     252482.6852    6237771.9270    -4.3397     8.0309   -14.6147         0.01         12    14.7432
2024-05-08 13:48:30.000000    1202375.0143     252482.0545    6237774.9221    -4.2957     7.4002   -11.6196         0.02         12    14.7952
2024-05-08 13:49:0.000000    1202374.9273     252481.9107    6237775.9150    -4.3827     7.2564   -10.6267         0.02         12    14.6745
2024-05-08 13:49:30.000000    1202374.8766     252481.5583    6237778.2939    -4.4334     6.9040    -8.2478         0.02         12    14.7132
2024-05-08 13:50:0.000000    1202375.1670     252481.4134    6237781.3500    -4.1430     6.7591    -5.1917         0.03         12    14.7506
2024-05-08 13:50:30.000000    1202375.1719     252481.1585    6237782.9846    -4.1381     6.5042    -3.5571         0.03         12    14.8039
2024-05-08 13:51:0.000000    1202374.9479     252480.9145    6237784.5688    -4.3621     6.2602    -1.9729         0.03         12    14.7986
2024-05-08 13:51:30.000000    1202375.1907     252480.6607    6237787.8616    -4.1193     6.0064     1.3199         0.04         12    14.8163
2024-05-08 13:52:0.000000    1202375.2243     252480.2180    6237789.6683    -4.0857     5.5637     3.1266         0.04         12    14.8538
2024-05-08 13:52:30.000000    1202375.1628     252480.2120    6237792.0370    -4.1472     5.5577     5.4953         0.05         12    14.8561
2024-05-08 13:53:0.000000    1202375.1071     252479.9146    6237794.1740    -4.2029     5.2603     7.6323         0.05         12    14.9493
2024-05-08 13:53:30.000000    1202375.3457     252480.0218    6237795.4125    -3.9643     5.3675     8.8708         0.05         12    14.8976
2024-05-08 13:54:0.000000    1202374.9847     252479.7242    6237797.6789    -4.3253     5.0699    11.1372         0.06         11    15.7061
2024-05-08 13:54:30.000000    1202374.9702     252479.5204    6237799.6041    -4.3398     4.8661    13.0624         0.06         11    15.6976
2024-05-08 13:55:0.000000    1202375.2064     252479.1907    6237802.2140    -4.1036     4.5364    15.6723         0.07         10    16.5814
2024-05-08 13:55:30.000000    1202375.1831     252479.2215    6237805.2610    -4.1269     4.5672    18.7193         0.07         10    16.6553
2024-05-08 13:56:0.000000    1202375.1534     252479.6816    6237802.9407    -4.1566     5.0273    16.3990         0.07         11    16.0798
2024-05-08 13:56:30.000000    1202375.1468     252479.5373    6237804.4831    -4.1632     4.8830    17.9414         0.07         11    16.2311
2024-05-08 13:57:0.000000    1202375.1789     252479.3222    6237806.8532    -4.1311     4.6679    20.3115         0.07         11    16.2765
2024-05-08 13:57:30.000000    1202375.3733     252479.4134    6237807.9336    -3.9367     4.7591    21.3919         0.08         11    16.3484
2024-05-08 13:58:0.000000    1202375.4969     252479.4851    6237809.6644    -3.8131     4.8308    23.1227         0.08         11    16.4711
2024-05-08 13:58:30.000000    1202375.5248     252479.3630    6237811.8019    -3.7852     4.7087    25.2602         0.08         11    16.3898
2024-05-08 13:59:0.000000    1202375.4668     252479.2772    6237813.6450    -3.8432     4.6229    27.1033         0.09         11    16.5657
2024-05-08 13:59:30.000000    1202375.4845     252479.3971    6237814.5933    -3.8255     4.7428    28.0516         0.09         11    16.6329
