GPS Single Point Positioning Results (with Klobuchar Ionosphere Model (12:00-14:00))
====================================================================================================
Station: NYA200NOR
Time Window: 12:00-14:00 (UTC)
Approx Position: X=1202379.3100, Y=252474.6543, Z=6237786.5417
GPS Week: 2313

Epoch                             X (m)           Y (m)           Z (m)     dX (m)     dY (m)     dZ (m)   Clock (us) Satellites    RMS (m)
----------------------------------------------------------------------------------------------------
2024-05-08 12:00:0.000000    1202376.0836     252486.4445    6237830.2591    -3.2264    11.7902    43.7174         0.10         11    19.9328
2024-05-08 12:00:30.000000    1202375.9398     252486.5374    6237828.3035    -3.3702    11.8831    41.7618         0.10         11    19.8089
2024-05-08 12:01:0.000000    1202376.0687     252486.5888    6237826.5887    -3.2413    11.9345    40.0470         0.09         11    19.6032
2024-05-08 12:01:30.000000    1202375.8706     252486.6220    6237824.6759    -3.4394    11.9677    38.1342         0.09         11    19.4357
2024-05-08 12:02:0.000000    1202375.8361     252486.7368    6237823.5048    -3.4739    12.0825    36.9631         0.09         11    19.4195
2024-05-08 12:02:30.000000    1202375.6645     252486.4963    6237821.1114    -3.6455    11.8420    34.5697         0.08         11    19.3641
2024-05-08 12:03:0.000000    1202375.6311     252486.6036    6237819.7886    -3.6789    11.9493    33.2469         0.08         11    18.9764
2024-05-08 12:03:30.000000    1202375.6111     252486.4525    6237818.5893    -3.6989    11.7982    32.0476         0.08         11    18.9826
2024-05-08 12:04:0.000000    1202375.3571     252486.4386    6237816.6555    -3.9529    11.7843    30.1138         0.07         11    18.9239
2024-05-08 12:04:30.000000    1202375.4067     252486.4374    6237815.1629    -3.9033    11.7831    28.6212         0.07         11    18.8280
2024-05-08 12:05:0.000000    1202375.3199     252486.6327    6237813.5808    -3.9901    11.9784    27.0391         0.07         11    18.6563
2024-05-08 12:05:30.000000    1202375.1476     252486.4628    6237810.9675    -4.1624    11.8085    24.4258         0.06         11    18.6225
2024-05-08 12:06:0.000000    1202375.1981     252486.4431    6237809.6238    -4.1119    11.7888    23.0821         0.06         11    18.4148
2024-05-08 12:06:30.000000    1202375.0497     252486.4726    6237808.2816    -4.2603    11.8183    21.7399         0.06         11    18.2499
2024-05-08 12:07:0.000000    1202375.4547     252486.5012    6237808.3420    -3.8553    11.8469    21.8003         0.07         10    18.8618
2024-05-08 12:07:30.000000    1202375.4479     252486.5452    6237806.3627    -3.8621    11.8909    19.8210         0.06         10    18.8370
2024-05-08 12:08:0.000000    1202375.1592     252486.4780    6237804.6037    -4.1508    11.8237    18.0620         0.05         10    18.7017
2024-05-08 12:08:30.000000    1202375.2053     252486.4665    6237802.0760    -4.1047    11.8122    15.5343         0.05         10    18.6503
2024-05-08 12:09:0.000000    1202374.9596     252486.4181    6237799.8012    -4.3504    11.7638    13.2595         0.04         10    18.5313
2024-05-08 12:09:30.000000    1202374.9008     252486.5733    6237799.5643    -4.4092    11.9190    13.0226         0.04         10    18.4560
2024-05-08 12:10:0.000000    1202374.7411     252486.4992    6237797.9222    -4.5689    11.8449    11.3805         0.04         10    18.4907
2024-05-08 12:10:30.000000    1202374.6215     252486.3865    6237795.7967    -4.6885    11.7322     9.2550         0.04         10    18.2867
2024-05-08 12:11:0.000000    1202374.4628     252486.5287    6237793.8392    -4.8472    11.8744     7.2975         0.03         10    18.2813
2024-05-08 12:11:30.000000    1202374.7589     252486.2503    6237792.1556    -4.5511    11.5960     5.6139         0.03         10    18.1874
2024-05-08 12:12:0.000000    1202374.5259     252486.3496    6237790.2868    -4.7841    11.6953     3.7451         0.03         10    18.0650
2024-05-08 12:12:30.000000    1202374.5066     252486.3290    6237789.3065    -4.8034    11.6747     2.7648         0.02         10    18.0151
2024-05-08 12:13:0.000000    1202374.2260     252486.1463    6237785.9130    -5.0840    11.4920    -0.6287         0.02         10    17.9484
2024-05-08 12:13:30.000000    1202373.8912     252486.0697    6237783.6233    -5.4188    11.4154    -2.9184         0.01         10    17.7797
2024-05-08 12:14:0.000000    1202374.0489     252486.2248    6237783.7866    -5.2611    11.5705    -2.7551         0.01         10    17.7170
2024-05-08 12:14:30.000000    1202373.8766     252486.0545    6237781.5317    -5.4334    11.4002    -5.0100         0.01         10    17.6260
2024-05-08 12:15:0.000000    1202373.9297     252485.9608    6237778.9611    -5.3803    11.3065    -7.5806         0.00         10    17.6730
2024-05-08 12:15:30.000000    1202373.9006     252485.9983    6237778.0146    -5.4094    11.3440    -8.5271         0.00         10    17.5168
2024-05-08 12:16:0.000000    1202373.4503     252486.3930    6237776.5379    -5.8597    11.7387   -10.0038         0.00         10    17.7282
2024-05-08 12:16:30.000000    1202373.5727     252486.1389    6237773.8971    -5.7373    11.4846   -12.6446        -0.01         10    17.6995
2024-05-08 12:17:0.000000    1202373.5098     252486.1884    6237773.4309    -5.8002    11.5341   -13.1108        -0.01         10    17.5118
2024-05-08 12:17:30.000000    1202373.4459     252486.4162    6237771.0609    -5.8641    11.7619   -15.4808        -0.01         10    17.5846
2024-05-08 12:18:0.000000    1202373.4566     252486.4739    6237769.1350    -5.8534    11.8196   -17.4067        -0.01         10    17.5182
2024-05-08 12:18:30.000000    1202373.2598     252486.3604    6237767.5326    -6.0502    11.7061   -19.0091        -0.02         10    17.5386
2024-05-08 12:19:0.000000    1202373.1138     252486.2699    6237765.6943    -6.1962    11.6156   -20.8474        -0.02         10    17.3571
2024-05-08 12:19:30.000000    1202373.1659     252486.0896    6237764.5447    -6.1441    11.4353   -21.9970        -0.02         10    17.2619
2024-05-08 12:20:0.000000    1202372.9182     252486.0163    6237762.9065    -6.3918    11.3620   -23.6352        -0.03         10    17.3883
2024-05-08 12:20:30.000000    1202373.0393     252485.9960    6237760.6899    -6.2707    11.3417   -25.8518        -0.03         10    17.4354
2024-05-08 12:21:0.000000    1202373.1544     252485.8002    6237759.7273    -6.1556    11.1459   -26.8144        -0.03         10    17.2481
2024-05-08 12:21:30.000000    1202372.9607     252485.7705    6237758.2115    -6.3493    11.1162   -28.3302        -0.04         10    17.3716
2024-05-08 12:22:0.000000    1202372.8628     252485.7160    6237756.3902    -6.4472    11.0617   -30.1515        -0.04         10    17.1972
2024-05-08 12:22:30.000000    1202372.9665     252485.5514    6237754.7416    -6.3435    10.8971   -31.8001        -0.04         10    17.1929
2024-05-08 12:23:0.000000    1202372.8676     252485.6532    6237753.1085    -6.4424    10.9989   -33.4332        -0.05         10    17.1686
2024-05-08 12:23:30.000000    1202372.8696     252485.6025    6237751.2090    -6.4404    10.9482   -35.3327        -0.05         10    17.1132
2024-05-08 12:24:0.000000    1202372.8002     252485.5660    6237749.4204    -6.5098    10.9117   -37.1213        -0.05         10    16.9387
2024-05-08 12:24:30.000000    1202372.8217     252485.6997    6237747.6424    -6.4883    11.0454   -38.8993        -0.06         10    17.0755
2024-05-08 12:25:0.000000    1202372.6900     252485.7570    6237746.6603    -6.6200    11.1027   -39.8814        -0.06         10    17.2565
2024-05-08 12:25:30.000000    1202372.6752     252485.5099    6237744.5021    -6.6348    10.8556   -42.0396        -0.06         10    17.3845
2024-05-08 12:26:0.000000    1202372.8022     252485.6614    6237742.6916    -6.5078    11.0071   -43.8501        -0.07         10    17.0784
2024-05-08 12:26:30.000000    1202372.5049     252485.7031    6237740.9110    -6.8051    11.0488   -45.6307        -0.07         10    17.2829
2024-05-08 12:27:0.000000    1202372.3556     252485.6587    6237739.9771    -6.9544    11.0044   -46.5646        -0.07         10    17.5345
2024-05-08 12:27:30.000000    1202372.5579     252485.5196    6237737.7935    -6.7521    10.8653   -48.7482        -0.08         10    17.3725
2024-05-08 12:28:0.000000    1202372.5025     252485.4220    6237736.7889    -6.8075    10.7677   -49.7528        -0.08         10    17.4051
2024-05-08 12:28:30.000000    1202372.6023     252485.3933    6237734.6425    -6.7077    10.7390   -51.8992        -0.08         10    17.4873
2024-05-08 12:29:0.000000    1202372.3874     252485.4387    6237732.9491    -6.9226    10.7844   -53.5926        -0.09         10    17.7110
2024-05-08 12:29:30.000000    1202373.3852     252486.2062    6237735.3259    -5.9248    11.5519   -51.2158        -0.08         11    17.7919
2024-05-08 12:30:0.000000    1202373.3725     252486.2081    6237735.0540    -5.9375    11.5538   -51.4877        -0.08         11    18.0527
2024-05-08 12:30:30.000000    1202373.4737     252486.1083    6237732.2455    -5.8363    11.4540   -54.2962        -0.09         11    17.7391
2024-05-08 12:31:0.000000    1202373.4477     252486.2678    6237731.0568    -5.8623    11.6135   -55.4849        -0.09         11    18.0504
2024-05-08 12:31:30.000000    1202373.4156     252486.4176    6237730.2448    -5.8944    11.7633   -56.2969        -0.08         11    18.1049
2024-05-08 12:32:0.000000    1202373.3195     252486.4401    6237727.9652    -5.9905    11.7858   -58.5765        -0.09         11    18.0649
2024-05-08 12:32:30.000000    1202373.5336     252486.5424    6237726.9647    -5.7764    11.8881   -59.5770        -0.09         11    18.1386
2024-05-08 12:33:0.000000    1202373.4331     252486.6617    6237725.4780    -5.8769    12.0074   -61.0637        -0.09         11    18.3631
2024-05-08 12:33:30.000000    1202373.3827     252486.7769    6237723.5761    -5.9273    12.1226   -62.9656        -0.09         11    18.3487
2024-05-08 12:34:0.000000    1202373.3561     252486.9005    6237722.7133    -5.9539    12.2462   -63.8284        -0.10         11    18.6868
2024-05-08 12:34:30.000000    1202373.6287     252486.8987    6237721.4510    -5.6813    12.2444   -65.0907        -0.11         11    18.7752
2024-05-08 12:35:0.000000    1202373.7990     252487.2512    6237720.6476    -5.5110    12.5969   -65.8941        -0.11         11    18.7891
2024-05-08 12:35:30.000000    1202373.6519     252487.0901    6237718.8400    -5.6581    12.4358   -67.7017        -0.11         11    18.9893
2024-05-08 12:36:0.000000    1202373.7427     252487.3002    6237717.2558    -5.5673    12.6459   -69.2859        -0.11         11    19.0879
2024-05-08 12:36:30.000000    1202374.0414     252487.3321    6237715.8396    -5.2686    12.6778   -70.7021        -0.12         11    19.4380
2024-05-08 12:37:0.000000    1202373.9524     252487.5684    6237714.7265    -5.3576    12.9141   -71.8152        -0.12         11    19.4921
2024-05-08 12:37:30.000000    1202374.0077     252487.4938    6237712.8317    -5.3023    12.8395   -73.7100        -0.12         11    19.4928
2024-05-08 12:38:0.000000    1202374.0233     252487.6061    6237712.0876    -5.2867    12.9518   -74.4541        -0.12         11    19.5850
2024-05-08 12:38:30.000000    1202374.1249     252487.5144    6237709.9902    -5.1851    12.8601   -76.5515        -0.13         11    19.7854
2024-05-08 12:39:0.000000    1202373.9267     252488.3990    6237712.9036    -5.3833    13.7447   -73.6381        -0.12         12    18.4598
2024-05-08 12:39:30.000000    1202373.9962     252488.7436    6237712.8891    -5.3138    14.0893   -73.6526        -0.12         12    19.3549
2024-05-08 12:40:0.000000    1202374.0346     252488.9544    6237711.7607    -5.2754    14.3001   -74.7810        -0.12         12    19.3996
2024-05-08 12:40:30.000000    1202374.1843     252488.8629    6237709.3116    -5.1257    14.2086   -77.2301        -0.13         12    19.0452
2024-05-08 12:41:0.000000    1202375.3465     252488.5860    6237692.2928    -3.9635    13.9317   -94.2489        -0.16         11    14.9797
2024-05-08 12:41:30.000000    1202375.1777     252488.6060    6237690.9596    -4.1323    13.9517   -95.5821        -0.16         11    14.8970
2024-05-08 12:42:0.000000    1202375.2084     252488.8473    6237689.2334    -4.1016    14.1930   -97.3083        -0.17         11    14.5510
2024-05-08 12:42:30.000000    1202375.1940     252489.1904    6237689.6058    -4.1160    14.5361   -96.9359        -0.17         11    14.7422
2024-05-08 12:43:0.000000    1202375.1304     252489.2180    6237689.1368    -4.1796    14.5637   -97.4049        -0.17         11    14.6501
2024-05-08 12:43:30.000000    1202375.2199     252489.3139    6237687.9800    -4.0901    14.6596   -98.5617        -0.17         11    14.4288
2024-05-08 12:44:0.000000    1202375.2790     252489.4717    6237687.5578    -4.0310    14.8174   -98.9839        -0.17         11    14.1479
2024-05-08 12:44:30.000000    1202375.3170     252489.7770    6237687.3035    -3.9930    15.1227   -99.2382        -0.17         11    14.1864
2024-05-08 12:45:0.000000    1202375.2776     252489.8975    6237686.5285    -4.0324    15.2432  -100.0132        -0.17         11    14.0665
2024-05-08 12:45:30.000000    1202375.1130     252489.9427    6237685.4347    -4.1970    15.2884  -101.1070        -0.18         11    13.6818
2024-05-08 12:46:0.000000    1202375.1359     252490.1801    6237684.7168    -4.1741    15.5258  -101.8249        -0.18         11    13.7224
2024-05-08 12:46:30.000000    1202375.0817     252490.2947    6237684.5377    -4.2283    15.6404  -102.0040        -0.18         11    13.6970
2024-05-08 12:47:0.000000    1202375.1479     252490.4887    6237683.8423    -4.1621    15.8344  -102.6994        -0.18         11    13.4946
2024-05-08 12:47:30.000000    1202375.1919     252490.5294    6237683.5748    -4.1181    15.8751  -102.9669        -0.18         11    13.4325
2024-05-08 12:48:0.000000    1202375.1120     252491.0621    6237682.7173    -4.1980    16.4078  -103.8244        -0.18         11    13.1943
2024-05-08 12:48:30.000000    1202375.1168     252491.0544    6237681.9800    -4.1932    16.4001  -104.5617        -0.18         11    13.1815
2024-05-08 12:49:0.000000    1202375.1031     252491.2306    6237681.2659    -4.2069    16.5763  -105.2758        -0.18         11    12.9881
2024-05-08 12:49:30.000000    1202375.0912     252491.4665    6237679.8656    -4.2188    16.8122  -106.6761        -0.18         11    12.9583
2024-05-08 12:50:0.000000    1202374.7314     252491.5464    6237679.4915    -4.5786    16.8921  -107.0502        -0.19         11    12.8608
2024-05-08 12:50:30.000000    1202374.8615     252492.0803    6237679.3387    -4.4485    17.4260  -107.2030        -0.18         11    12.8428
2024-05-08 12:51:0.000000    1202374.9631     252492.0816    6237677.8965    -4.3469    17.4273  -108.6452        -0.19         11    12.6004
2024-05-08 12:51:30.000000    1202374.8380     252492.1740    6237676.8639    -4.4720    17.5197  -109.6778        -0.19         11    12.8313
2024-05-08 12:52:0.000000    1202374.7057     252492.4568    6237675.4150    -4.6043    17.8025  -111.1267        -0.19         11    12.5765
2024-05-08 12:52:30.000000    1202374.7568     252492.7655    6237675.5199    -4.5532    18.1112  -111.0218        -0.19         11    12.4581
2024-05-08 12:53:0.000000    1202374.6620     252492.8085    6237674.8837    -4.6480    18.1542  -111.6580        -0.19         11    12.6222
2024-05-08 12:53:30.000000    1202374.9443     252492.9355    6237673.3242    -4.3657    18.2812  -113.2175        -0.19         11    12.3890
2024-05-08 12:54:0.000000    1202374.8525     252493.3537    6237673.2354    -4.4575    18.6994  -113.3063        -0.19         11    12.4382
2024-05-08 12:54:30.000000    1202374.8871     252493.3499    6237673.0882    -4.4229    18.6956  -113.4535        -0.20         11    12.4341
2024-05-08 12:55:0.000000    1202374.9424     252493.6435    6237671.9447    -4.3676    18.9892  -114.5970        -0.20         11    12.2186
2024-05-08 12:55:30.000000    1202374.7560     252493.7523    6237670.8769    -4.5540    19.0980  -115.6648        -0.20         11    12.3316
2024-05-08 12:56:0.000000    1202374.7720     252494.0483    6237670.5409    -4.5380    19.3940  -116.0008        -0.20         11    12.2324
2024-05-08 12:56:30.000000    1202374.7830     252494.3894    6237669.3448    -4.5270    19.7351  -117.1969        -0.20         11    12.2224
2024-05-08 12:57:0.000000    1202374.4498     252494.6632    6237668.5565    -4.8602    20.0089  -117.9852        -0.20         11    12.2706
2024-05-08 12:57:30.000000    1202374.6195     252494.6932    6237668.5007    -4.6905    20.0389  -118.0410        -0.20         11    12.4788
2024-05-08 12:58:0.000000    1202374.8942     252494.5657    6237667.9592    -4.4158    19.9114  -118.5825        -0.20         11    12.4183
2024-05-08 12:58:30.000000    1202374.8827     252494.9801    6237668.6486    -4.4273    20.3258  -117.8931        -0.20         11    12.3215
2024-05-08 12:59:0.000000    1202374.8843     252495.1383    6237667.9205    -4.4257    20.4840  -118.6212        -0.20         11    12.4679
2024-05-08 12:59:30.000000    1202374.7537     252495.3262    6237667.2752    -4.5563    20.6719  -119.2665        -0.21         11    12.3860
2024-05-08 13:00:0.000000    1202374.6371     252495.5278    6237666.0817    -4.6729    20.8735  -120.4600        -0.21         11    12.3117
2024-05-08 13:00:30.000000    1202374.6290     252495.8997    6237665.6535    -4.6810    21.2454  -120.8882        -0.21         11    11.9488
2024-05-08 13:01:0.000000    1202374.6912     252496.1358    6237664.9866    -4.6188    21.4815  -121.5551        -0.21         11    12.1392
2024-05-08 13:01:30.000000    1202374.4002     252496.0599    6237663.6414    -4.9098    21.4056  -122.9003        -0.21         11    12.3153
2024-05-08 13:02:0.000000    1202374.1971     252496.5705    6237663.2947    -5.1129    21.9162  -123.2470        -0.21         11    12.3936
2024-05-08 13:02:30.000000    1202374.3861     252496.6752    6237662.4733    -4.9239    22.0209  -124.0684        -0.21         11    12.4621
2024-05-08 13:03:0.000000    1202374.2641     252496.6536    6237662.4245    -5.0459    21.9993  -124.1172        -0.21         11    12.6835
2024-05-08 13:03:30.000000    1202374.0954     252497.1494    6237660.5797    -5.2146    22.4951  -125.9620        -0.22         11    12.6925
2024-05-08 13:04:0.000000    1202374.2089     252497.1188    6237659.8440    -5.1011    22.4645  -126.6977        -0.22         11    12.8791
2024-05-08 13:04:30.000000    1202374.0212     252497.4801    6237659.2650    -5.2888    22.8258  -127.2767        -0.22         11    12.8597
2024-05-08 13:05:0.000000    1202374.1060     252497.6809    6237658.3835    -5.2040    23.0266  -128.1582        -0.22         11    13.0148
2024-05-08 13:05:30.000000    1202374.0622     252497.7725    6237657.1452    -5.2478    23.1182  -129.3965        -0.22         11    13.5074
2024-05-08 13:06:0.000000    1202373.9012     252498.0373    6237656.3318    -5.4088    23.3830  -130.2099        -0.22         11    13.5646
2024-05-08 13:06:30.000000    1202373.7529     252498.3294    6237654.8543    -5.5571    23.6751  -131.6874        -0.23         11    13.6415
2024-05-08 13:07:0.000000    1202373.7853     252498.4351    6237655.1967    -5.5247    23.7808  -131.3450        -0.23         11    14.0504
2024-05-08 13:07:30.000000    1202373.7158     252498.4145    6237653.3733    -5.5942    23.7602  -133.1684        -0.23         11    14.1722
2024-05-08 13:08:0.000000    1202373.4874     252498.7832    6237653.6070    -5.8226    24.1289  -132.9347        -0.23         11    14.4778
2024-05-08 13:08:30.000000    1202373.5304     252498.7240    6237653.6548    -5.7796    24.0697  -132.8869        -0.23         11    14.7015
2024-05-08 13:09:0.000000    1202373.5528     252498.9013    6237650.9760    -5.7572    24.2470  -135.5657        -0.23         10    15.5461
2024-05-08 13:09:30.000000    1202373.3956     252499.7251    6237662.7707    -5.9144    25.0708  -123.7710        -0.21         11    18.6027
2024-05-08 13:10:0.000000    1202373.4873     252500.0304    6237661.8475    -5.8227    25.3761  -124.6942        -0.21         12    17.6472
2024-05-08 13:10:30.000000    1202373.2903     252500.4575    6237660.7074    -6.0197    25.8032  -125.8343        -0.21         12    17.8064
2024-05-08 13:11:0.000000    1202373.0334     252500.5066    6237660.9806    -6.2766    25.8523  -125.5611        -0.21         12    17.9604
2024-05-08 13:11:30.000000    1202373.0378     252500.5592    6237660.3278    -6.2722    25.9049  -126.2139        -0.21         12    18.1049
2024-05-08 13:12:0.000000    1202372.9214     252500.7025    6237660.0709    -6.3886    26.0482  -126.4708        -0.21         12    18.1959
2024-05-08 13:12:30.000000    1202373.0350     252500.7995    6237660.5687    -6.2750    26.1452  -125.9730        -0.21         12    18.3675
2024-05-08 13:13:0.000000    1202372.9233     252500.9026    6237659.6963    -6.3867    26.2483  -126.8454        -0.21         12    18.4599
2024-05-08 13:13:30.000000    1202370.9717     252505.5167    6237637.2313    -8.3383    30.8624  -149.3104        -0.26         11    13.6193
2024-05-08 13:14:0.000000    1202370.9948     252505.6121    6237637.0256    -8.3152    30.9578  -149.5161        -0.26         11    13.0529
2024-05-08 13:14:30.000000    1202371.1203     252505.7123    6237637.7200    -8.1897    31.0580  -148.8217        -0.26         11    13.3134
2024-05-08 13:15:0.000000    1202370.7963     252505.8805    6237637.3578    -8.5137    31.2262  -149.1839        -0.26         11    13.1304
2024-05-08 13:15:30.000000    1202370.6052     252506.2352    6237636.3984    -8.7048    31.5809  -150.1433        -0.26         11    12.9009
2024-05-08 13:16:0.000000    1202370.8262     252505.7332    6237638.9160    -8.4838    31.0789  -147.6257        -0.26         11    12.7445
2024-05-08 13:16:30.000000    1202370.8925     252505.6999    6237638.5644    -8.4175    31.0456  -147.9773        -0.26         11    12.7754
2024-05-08 13:17:0.000000    1202370.8984     252505.6039    6237639.3830    -8.4116    30.9496  -147.1587        -0.26         11    12.4782
2024-05-08 13:17:30.000000    1202370.8898     252505.2328    6237639.8922    -8.4202    30.5785  -146.6495        -0.26         11    12.3198
2024-05-08 13:18:0.000000    1202370.9963     252505.2019    6237640.0433    -8.3137    30.5476  -146.4984        -0.26         11    12.3361
2024-05-08 13:18:30.000000    1202370.8576     252505.3004    6237641.0450    -8.4524    30.6461  -145.4967        -0.25         11    12.1709
2024-05-08 13:19:0.000000    1202370.8779     252505.1718    6237641.0196    -8.4321    30.5175  -145.5221        -0.25         11    12.0034
2024-05-08 13:19:30.000000    1202370.9236     252505.1605    6237642.1969    -8.3864    30.5062  -144.3448        -0.25         11    12.0075
2024-05-08 13:20:0.000000    1202370.8610     252504.9067    6237643.5567    -8.4490    30.2524  -142.9850        -0.25         11    12.0475
2024-05-08 13:20:30.000000    1202370.7657     252504.9243    6237644.0982    -8.5443    30.2700  -142.4435        -0.25         11    12.1214
2024-05-08 13:21:0.000000    1202370.7511     252504.6706    6237644.4042    -8.5589    30.0163  -142.1375        -0.25         11    12.0415
2024-05-08 13:21:30.000000    1202370.7061     252504.6571    6237645.0084    -8.6039    30.0028  -141.5333        -0.25         11    12.0079
2024-05-08 13:22:0.000000    1202370.9026     252504.3836    6237645.9903    -8.4074    29.7293  -140.5514        -0.24         11    12.1182
2024-05-08 13:22:30.000000    1202370.5913     252504.3925    6237645.5289    -8.7187    29.7382  -141.0128        -0.24         11    12.3369
2024-05-08 13:23:0.000000    1202370.5195     252504.2072    6237646.8861    -8.7905    29.5529  -139.6556        -0.24         11    12.2549
2024-05-08 13:23:30.000000    1202370.7019     252503.8087    6237648.3592    -8.6081    29.1544  -138.1825        -0.24         11    12.2547
2024-05-08 13:24:0.000000    1202370.7454     252503.8748    6237649.3652    -8.5646    29.2205  -137.1765        -0.24         11    12.3958
2024-05-08 13:24:30.000000    1202370.8791     252503.4873    6237650.7575    -8.4309    28.8330  -135.7842        -0.23         11    12.3854
2024-05-08 13:25:0.000000    1202370.6941     252503.1800    6237652.3713    -8.6159    28.5257  -134.1704        -0.23         11    12.4903
2024-05-08 13:25:30.000000    1202370.7245     252502.8366    6237653.7667    -8.5855    28.1823  -132.7750        -0.23         11    12.6088
2024-05-08 13:26:0.000000    1202370.7729     252502.8171    6237656.2090    -8.5371    28.1628  -130.3327        -0.22         11    12.4414
2024-05-08 13:26:30.000000    1202370.5926     252502.4068    6237656.6899    -8.7174    27.7525  -129.8518        -0.22         11    12.7078
2024-05-08 13:27:0.000000    1202370.6209     252502.1318    6237658.2885    -8.6891    27.4775  -128.2532        -0.22         11    12.8265
2024-05-08 13:27:30.000000    1202370.7380     252501.5524    6237660.0244    -8.5720    26.8981  -126.5173        -0.22         11    12.7451
2024-05-08 13:28:0.000000    1202370.7714     252501.4756    6237661.2562    -8.5386    26.8213  -125.2855        -0.22         11    13.0198
2024-05-08 13:28:30.000000    1202370.7842     252500.8100    6237664.4939    -8.5258    26.1557  -122.0478        -0.21         11    12.8888
2024-05-08 13:29:0.000000    1202370.8331     252500.6043    6237664.9772    -8.4769    25.9500  -121.5645        -0.21         11    13.0721
2024-05-08 13:29:30.000000    1202370.8077     252500.2657    6237667.8317    -8.5023    25.6114  -118.7100        -0.20         11    13.1402
2024-05-08 13:30:0.000000    1202370.8862     252499.5693    6237670.1955    -8.4238    24.9150  -116.3462        -0.20         11    13.2622
2024-05-08 13:30:30.000000    1202371.1403     252499.3752    6237672.2884    -8.1697    24.7209  -114.2533        -0.19         11    13.3113
2024-05-08 13:31:0.000000    1202371.2750     252498.8740    6237673.9637    -8.0350    24.2197  -112.5780        -0.19         11    13.4873
2024-05-08 13:31:30.000000    1202372.8500     252495.8433    6237689.0623    -6.4600    21.1890   -97.4794        -0.16         12    16.2720
2024-05-08 13:32:0.000000    1202372.9994     252495.6001    6237691.3007    -6.3106    20.9458   -95.2410        -0.16         12    15.9660
2024-05-08 13:32:30.000000    1202373.0840     252495.1721    6237692.7684    -6.2260    20.5178   -93.7733        -0.15         12    15.9270
2024-05-08 13:33:0.000000    1202373.0347     252494.3746    6237696.0946    -6.2753    19.7203   -90.4471        -0.15         12    15.6997
2024-05-08 13:33:30.000000    1202373.2541     252494.2129    6237697.3432    -6.0559    19.5586   -89.1985        -0.14         12    15.5312
2024-05-08 13:34:0.000000    1202373.1705     252493.8361    6237699.6703    -6.1395    19.1818   -86.8714        -0.14         12    15.4876
2024-05-08 13:34:30.000000    1202373.4293     252493.4878    6237701.7508    -5.8807    18.8335   -84.7909        -0.14         12    15.5210
2024-05-08 13:35:0.000000    1202373.1959     252492.7887    6237704.2660    -6.1141    18.1344   -82.2757        -0.13         12    15.3653
2024-05-08 13:35:30.000000    1202373.3115     252492.2367    6237706.8008    -5.9985    17.5824   -79.7409        -0.13         12    15.1370
2024-05-08 13:36:0.000000    1202373.3688     252491.8808    6237708.7450    -5.9412    17.2265   -77.7967        -0.12         12    15.0965
2024-05-08 13:36:30.000000    1202373.3356     252491.5608    6237710.9691    -5.9744    16.9065   -75.5726        -0.12         12    15.0826
2024-05-08 13:37:0.000000    1202373.4047     252491.2191    6237714.1223    -5.9053    16.5648   -72.4194        -0.11         12    14.9514
2024-05-08 13:37:30.000000    1202373.2821     252490.8486    6237715.3487    -6.0279    16.1943   -71.1930        -0.11         12    14.8369
2024-05-08 13:38:0.000000    1202373.3830     252490.4674    6237718.4008    -5.9270    15.8131   -68.1409        -0.10         12    14.8725
2024-05-08 13:38:30.000000    1202373.2445     252490.2355    6237719.4945    -6.0655    15.5812   -67.0472        -0.10         12    14.6530
2024-05-08 13:39:0.000000    1202373.5105     252489.7821    6237722.6334    -5.7995    15.1278   -63.9083        -0.10         12    14.7001
2024-05-08 13:39:30.000000    1202373.3986     252489.2708    6237725.1859    -5.9114    14.6165   -61.3558        -0.09         12    14.7318
2024-05-08 13:40:0.000000    1202373.1758     252489.0562    6237726.8856    -6.1342    14.4019   -59.6561        -0.09         12    14.7463
2024-05-08 13:40:30.000000    1202373.4192     252488.5736    6237730.2293    -5.8908    13.9193   -56.3124        -0.08         12    14.7404
2024-05-08 13:41:0.000000    1202373.3345     252488.0581    6237732.8009    -5.9755    13.4038   -53.7408        -0.08         12    14.7226
2024-05-08 13:41:30.000000    1202373.3981     252487.8014    6237734.1996    -5.9119    13.1471   -52.3421        -0.08         12    14.6178
2024-05-08 13:42:0.000000    1202373.4001     252487.6163    6237735.9571    -5.9099    12.9620   -50.5846        -0.07         12    14.6785
2024-05-08 13:42:30.000000    1202373.4371     252487.0612    6237739.3698    -5.8729    12.4069   -47.1719        -0.07         12    14.6964
2024-05-08 13:43:0.000000    1202373.5711     252486.6522    6237741.8730    -5.7389    11.9979   -44.6687        -0.06         12    14.6721
2024-05-08 13:43:30.000000    1202373.3533     252486.3822    6237743.6938    -5.9567    11.7279   -42.8479        -0.06         12    14.6047
2024-05-08 13:44:0.000000    1202373.5465     252485.9865    6237746.5720    -5.7635    11.3322   -39.9697        -0.05         12    14.7061
2024-05-08 13:44:30.000000    1202373.4474     252485.6197    6237748.4073    -5.8626    10.9654   -38.1344        -0.05         12    14.5932
2024-05-08 13:45:0.000000    1202373.4443     252485.2493    6237750.8332    -5.8657    10.5950   -35.7085        -0.05         12    14.5359
2024-05-08 13:45:30.000000    1202373.5900     252485.1301    6237753.1865    -5.7200    10.4758   -33.3552        -0.04         12    14.5414
2024-05-08 13:46:0.000000    1202373.7966     252484.7867    6237756.1057    -5.5134    10.1324   -30.4360        -0.04         12    14.6419
2024-05-08 13:46:30.000000    1202373.6593     252484.4860    6237757.7660    -5.6507     9.8317   -28.7757        -0.03         12    14.7160
2024-05-08 13:47:0.000000    1202373.6188     252484.0609    6237759.6857    -5.6912     9.4066   -26.8560        -0.03         12    14.5904
2024-05-08 13:47:30.000000    1202373.3830     252483.9276    6237762.0852    -5.9270     9.2733   -24.4565        -0.03         12    14.6748
2024-05-08 13:48:0.000000    1202373.5755     252483.8484    6237764.4359    -5.7345     9.1941   -22.1058        -0.02         12    14.7789
2024-05-08 13:48:30.000000    1202373.6200     252483.2159    6237767.4038    -5.6900     8.5616   -19.1379        -0.02         12    14.8265
2024-05-08 13:49:0.000000    1202373.5336     252483.0700    6237768.3701    -5.7764     8.4157   -18.1716        -0.01         12    14.6992
2024-05-08 13:49:30.000000    1202373.4834     252482.7153    6237770.7231    -5.8266     8.0610   -15.8186        -0.01         12    14.7332
2024-05-08 13:50:0.000000    1202373.7743     252482.5679    6237773.7537    -5.5357     7.9136   -12.7880        -0.00         12    14.7984
2024-05-08 13:50:30.000000    1202373.7797     252482.3103    6237775.3634    -5.5303     7.6560   -11.1783        -0.00         12    14.8634
2024-05-08 13:51:0.000000    1202373.5562     252482.0634    6237776.9231    -5.7538     7.4091    -9.6186         0.00         12    14.8744
2024-05-08 13:51:30.000000    1202373.7994     252481.8065    6237780.1920    -5.5106     7.1522    -6.3497         0.01         12    14.8773
2024-05-08 13:52:0.000000    1202373.8336     252481.3604    6237781.9752    -5.4764     6.7061    -4.5665         0.01         12    14.9183
2024-05-08 13:52:30.000000    1202373.7726     252481.3510    6237784.3207    -5.5374     6.6967    -2.2210         0.02         12    14.9178
2024-05-08 13:53:0.000000    1202373.7173     252481.0499    6237786.4351    -5.5927     6.3956    -0.1066         0.02         12    15.0153
2024-05-08 13:53:30.000000    1202373.9564     252481.1532    6237787.6514    -5.3536     6.4989     1.1097         0.02         12    14.9533
2024-05-08 13:54:0.000000    1202373.5894     252480.8510    6237789.8710    -5.7206     6.1967     3.3293         0.03         11    15.7700
2024-05-08 13:54:30.000000    1202373.5748     252480.6429    6237791.7726    -5.7352     5.9886     5.2309         0.03         11    15.7525
2024-05-08 13:55:0.000000    1202373.7507     252480.2556    6237793.8544    -5.5593     5.6013     7.3127         0.03         10    16.6144
2024-05-08 13:55:30.000000    1202373.7280     252480.2824    6237796.8802    -5.5820     5.6281    10.3385         0.04         10    16.6945
2024-05-08 13:56:0.000000    1202373.6873     252480.8106    6237793.9012    -5.6227     6.1563     7.3595         0.03         11    16.2024
2024-05-08 13:56:30.000000    1202373.6820     252480.6608    6237795.4324    -5.6280     6.0065     8.8907         0.04         11    16.3552
2024-05-08 13:57:0.000000    1202373.7153     252480.4399    6237797.7927    -5.5947     5.7856    11.2510         0.04         11    16.4103
2024-05-08 13:57:30.000000    1202373.9110     252480.5253    6237798.8651    -5.3990     5.8710    12.3234         0.04         11    16.4981
2024-05-08 13:58:0.000000    1202374.0360     252480.5909    6237800.5893    -5.2740     5.9366    14.0476         0.05         11    16.6105
2024-05-08 13:58:30.000000    1202374.0654     252480.4627    6237802.7217    -5.2446     5.8084    16.1800         0.05         11    16.5374
2024-05-08 13:59:0.000000    1202374.0089     252480.3706    6237804.5611    -5.3011     5.7163    18.0194         0.05         11    16.7282
2024-05-08 13:59:30.000000    1202374.0281     252480.4840    6237805.5073    -5.2819     5.8297    18.9656         0.05         11    16.7915
