GPS Single Point Positioning Results (with Klobuchar Ionosphere Model (12:00-14:00))
====================================================================================================
Station: NYA200NOR
Time Window: 12:00-14:00 (UTC)
Approx Position: X=1202379.3100, Y=252474.6543, Z=6237786.5417
GPS Week: 2313

Epoch                             X (m)           Y (m)           Z (m)     dX (m)     dY (m)     dZ (m)   Clock (us) Satellites    RMS (m)
----------------------------------------------------------------------------------------------------
2024-05-11 12:00:0.000000    1202374.7205     252483.8886    6237769.3681    -4.5895     9.2343   -17.1736        -0.01         10    16.6437
2024-05-11 12:00:30.000000    1202374.7946     252483.9915    6237768.5140    -4.5154     9.3372   -18.0277        -0.01         10    16.5229
2024-05-11 12:01:0.000000    1202374.4624     252483.8840    6237765.5584    -4.8476     9.2297   -20.9833        -0.02         10    16.5268
2024-05-11 12:01:30.000000    1202374.3223     252483.9390    6237764.6166    -4.9877     9.2847   -21.9251        -0.02         10    16.4216
2024-05-11 12:02:0.000000    1202373.9785     252483.7542    6237762.7967    -5.3315     9.0999   -23.7450        -0.02         10    16.3484
2024-05-11 12:02:30.000000    1202374.0915     252484.0649    6237760.4897    -5.2185     9.4106   -26.0520        -0.03         10    16.2957
2024-05-11 12:03:0.000000    1202373.8388     252483.9007    6237759.4509    -5.4712     9.2464   -27.0908        -0.03         10    16.2971
2024-05-11 12:03:30.000000    1202373.6172     252483.8416    6237757.3326    -5.6928     9.1873   -29.2091        -0.03         10    16.1526
2024-05-11 12:04:0.000000    1202373.8676     252483.7275    6237755.7592    -5.4424     9.0732   -30.7825        -0.04         10    16.1062
2024-05-11 12:04:30.000000    1202373.5988     252484.0155    6237754.2948    -5.7112     9.3612   -32.2469        -0.04         10    16.0203
2024-05-11 12:05:0.000000    1202373.3660     252483.9166    6237752.4298    -5.9440     9.2623   -34.1119        -0.04         10    16.0002
2024-05-11 12:05:30.000000    1202373.4198     252483.9379    6237751.5330    -5.8902     9.2836   -35.0087        -0.04         10    15.9323
2024-05-11 12:06:0.000000    1202373.1294     252483.9278    6237749.3501    -6.1806     9.2735   -37.1916        -0.05         10    16.0319
2024-05-11 12:06:30.000000    1202373.1349     252484.0243    6237748.5932    -6.1751     9.3700   -37.9485        -0.05         10    15.9612
2024-05-11 12:07:0.000000    1202373.0542     252484.1973    6237746.9642    -6.2558     9.5430   -39.5775        -0.05         10    15.8076
2024-05-11 12:07:30.000000    1202372.9914     252483.9879    6237745.5622    -6.3186     9.3336   -40.9795        -0.06         10    15.7692
2024-05-11 12:08:0.000000    1202372.9015     252484.1348    6237743.6668    -6.4085     9.4805   -42.8749        -0.06         10    15.7699
2024-05-11 12:08:30.000000    1202372.7327     252484.2304    6237742.6527    -6.5773     9.5761   -43.8890        -0.06         10    15.6635
2024-05-11 12:09:0.000000    1202372.7052     252484.2415    6237741.1875    -6.6048     9.5872   -45.3542        -0.07         10    15.6753
2024-05-11 12:09:30.000000    1202372.6971     252484.1529    6237739.5372    -6.6129     9.4986   -47.0045        -0.07         10    15.5291
2024-05-11 12:10:0.000000    1202372.5768     252484.0403    6237737.4988    -6.7332     9.3860   -49.0429        -0.07         10    15.5222
2024-05-11 12:10:30.000000    1202372.6427     252484.0786    6237737.4535    -6.6673     9.4243   -49.0882        -0.07         10    15.3800
2024-05-11 12:11:0.000000    1202372.3354     252484.1401    6237735.4666    -6.9746     9.4858   -51.0751        -0.08         10    15.4068
2024-05-11 12:11:30.000000    1202372.4631     252484.2059    6237733.7887    -6.8469     9.5516   -52.7530        -0.08         10    15.3433
2024-05-11 12:12:0.000000    1202372.2913     252484.0229    6237732.2797    -7.0187     9.3686   -54.2620        -0.08         10    15.2755
2024-05-11 12:12:30.000000    1202372.1048     252484.2036    6237731.2664    -7.2052     9.5493   -55.2753        -0.09         10    15.1987
2024-05-11 12:13:0.000000    1202372.3327     252484.2364    6237729.8026    -6.9773     9.5821   -56.7391        -0.09         10    15.1934
2024-05-11 12:13:30.000000    1202372.1619     252484.3962    6237729.1910    -7.1481     9.7419   -57.3507        -0.09         10    15.2948
2024-05-11 12:14:0.000000    1202372.0914     252484.1880    6237726.0850    -7.2186     9.5337   -60.4567        -0.09         10    15.0282
2024-05-11 12:14:30.000000    1202372.1440     252484.2899    6237725.0893    -7.1660     9.6356   -61.4524        -0.10         10    15.0244
2024-05-11 12:15:0.000000    1202372.1347     252484.4660    6237724.3459    -7.1753     9.8117   -62.1958        -0.10         10    15.1368
2024-05-11 12:15:30.000000    1202371.9252     252484.3642    6237721.5685    -7.3848     9.7099   -64.9732        -0.10         10    15.0828
2024-05-11 12:16:0.000000    1202371.9893     252484.4991    6237719.8455    -7.3207     9.8448   -66.6962        -0.11         10    14.8769
2024-05-11 12:16:30.000000    1202371.7340     252484.2479    6237718.1603    -7.5760     9.5936   -68.3814        -0.11         10    14.9370
2024-05-11 12:17:0.000000    1202371.6661     252484.3751    6237717.1695    -7.6439     9.7208   -69.3722        -0.11         10    15.0495
2024-05-11 12:17:30.000000    1202372.6015     252485.0910    6237719.7223    -6.7085    10.4367   -66.8194        -0.10         11    16.4289
2024-05-11 12:18:0.000000    1202372.7155     252485.3439    6237719.5929    -6.5945    10.6896   -66.9488        -0.10         11    16.4978
2024-05-11 12:18:30.000000    1202372.8941     252485.2428    6237717.8443    -6.4159    10.5885   -68.6974        -0.11         11    16.3189
2024-05-11 12:19:0.000000    1202373.0229     252485.4314    6237717.5540    -6.2871    10.7771   -68.9877        -0.11         11    16.5442
2024-05-11 12:19:30.000000    1202373.0391     252485.4537    6237715.4408    -6.2709    10.7994   -71.1009        -0.11         11    16.3801
2024-05-11 12:20:0.000000    1202373.1647     252485.6480    6237715.1746    -6.1453    10.9937   -71.3671        -0.11         11    16.1792
2024-05-11 12:20:30.000000    1202373.3726     252485.6850    6237713.6544    -5.9374    11.0307   -72.8873        -0.12         11    16.2675
2024-05-11 12:21:0.000000    1202373.4241     252485.7900    6237712.9719    -5.8859    11.1357   -73.5698        -0.12         11    16.6327
2024-05-11 12:21:30.000000    1202373.4651     252485.8152    6237711.3078    -5.8449    11.1609   -75.2339        -0.12         11    16.5210
2024-05-11 12:22:0.000000    1202373.3014     252485.8412    6237710.8940    -6.0086    11.1869   -75.6477        -0.12         11    16.6422
2024-05-11 12:22:30.000000    1202373.5643     252486.1544    6237709.6446    -5.7457    11.5001   -76.8971        -0.12         11    16.5564
2024-05-11 12:23:0.000000    1202373.7586     252486.1794    6237708.3151    -5.5514    11.5251   -78.2266        -0.12         11    16.6574
2024-05-11 12:23:30.000000    1202373.7986     252486.2692    6237707.3600    -5.5114    11.6149   -79.1817        -0.13         11    16.5350
2024-05-11 12:24:0.000000    1202373.6343     252486.3483    6237706.4584    -5.6757    11.6940   -80.0833        -0.13         11    16.7787
2024-05-11 12:24:30.000000    1202373.7576     252486.3042    6237705.5092    -5.5524    11.6499   -81.0325        -0.13         11    16.8928
2024-05-11 12:25:0.000000    1202373.9477     252486.4494    6237704.8259    -5.3623    11.7951   -81.7158        -0.13         11    16.9876
2024-05-11 12:25:30.000000    1202373.9051     252486.5100    6237703.7091    -5.4049    11.8557   -82.8326        -0.13         11    16.9104
2024-05-11 12:26:0.000000    1202374.0523     252486.6215    6237702.2345    -5.2577    11.9672   -84.3072        -0.14         11    16.9635
2024-05-11 12:26:30.000000    1202374.1855     252486.8959    6237700.8999    -5.1245    12.2416   -85.6418        -0.14         11    17.0704
2024-05-11 12:27:0.000000    1202373.9094     252487.6481    6237704.8661    -5.4006    12.9938   -81.6756        -0.13         12    16.5731
2024-05-11 12:27:30.000000    1202374.0227     252487.6628    6237704.4877    -5.2873    13.0085   -82.0540        -0.13         12    16.7358
2024-05-11 12:28:0.000000    1202374.1030     252487.7452    6237703.4223    -5.2070    13.0909   -83.1194        -0.13         12    16.7144
2024-05-11 12:28:30.000000    1202374.3476     252487.8326    6237701.8642    -4.9624    13.1783   -84.6775        -0.13         12    16.5164
2024-05-11 12:29:0.000000    1202374.2590     252488.2779    6237700.8247    -5.0510    13.6236   -85.7170        -0.14         12    17.0148
2024-05-11 12:29:30.000000    1202374.9840     252487.9935    6237688.5210    -4.3260    13.3392   -98.0207        -0.16         11    14.6924
2024-05-11 12:30:0.000000    1202374.9053     252488.1487    6237686.6916    -4.4047    13.4944   -99.8501        -0.16         11    14.4385
2024-05-11 12:30:30.000000    1202374.8701     252488.2298    6237687.7346    -4.4399    13.5755   -98.8071        -0.16         11    14.5222
2024-05-11 12:31:0.000000    1202374.9700     252488.4719    6237686.2965    -4.3400    13.8176  -100.2452        -0.17         11    14.5926
2024-05-11 12:31:30.000000    1202374.8500     252488.5617    6237684.3847    -4.4600    13.9074  -102.1570        -0.17         11    14.3384
2024-05-11 12:32:0.000000    1202375.0777     252488.6685    6237683.8519    -4.2323    14.0142  -102.6898        -0.17         11    14.1712
2024-05-11 12:32:30.000000    1202374.8052     252488.8686    6237683.7796    -4.5048    14.2143  -102.7621        -0.17         11    14.0839
2024-05-11 12:33:0.000000    1202374.9089     252489.2645    6237682.8726    -4.4011    14.6102  -103.6691        -0.17         11    13.8916
2024-05-11 12:33:30.000000    1202375.0568     252489.2262    6237682.3760    -4.2532    14.5719  -104.1657        -0.17         11    13.8570
2024-05-11 12:34:0.000000    1202375.0811     252489.6578    6237681.7716    -4.2289    15.0035  -104.7701        -0.17         11    13.6804
2024-05-11 12:34:30.000000    1202375.1054     252489.6229    6237681.2644    -4.2046    14.9686  -105.2773        -0.17         11    13.5749
2024-05-11 12:35:0.000000    1202375.0153     252489.8503    6237680.4427    -4.2947    15.1960  -106.0990        -0.18         11    13.4980
2024-05-11 12:35:30.000000    1202375.1179     252490.2398    6237680.0585    -4.1921    15.5855  -106.4832        -0.18         11    13.3355
2024-05-11 12:36:0.000000    1202374.9134     252490.4035    6237678.9739    -4.3966    15.7492  -107.5678        -0.18         11    13.3741
2024-05-11 12:36:30.000000    1202375.1271     252490.5565    6237678.8070    -4.1829    15.9022  -107.7347        -0.18         11    13.1354
2024-05-11 12:37:0.000000    1202375.0912     252490.9060    6237676.7284    -4.2188    16.2517  -109.8133        -0.18         11    13.2801
2024-05-11 12:37:30.000000    1202374.8484     252491.1837    6237676.2730    -4.4616    16.5294  -110.2687        -0.18         11    13.2376
2024-05-11 12:38:0.000000    1202375.0434     252491.4222    6237675.3740    -4.2666    16.7679  -111.1677        -0.18         11    13.0114
2024-05-11 12:38:30.000000    1202374.8761     252491.6671    6237674.5095    -4.4339    17.0128  -112.0322        -0.19         11    12.8190
2024-05-11 12:39:0.000000    1202374.9100     252491.6508    6237673.9246    -4.4000    16.9965  -112.6171        -0.19         11    12.8569
2024-05-11 12:39:30.000000    1202374.9222     252492.0389    6237673.6500    -4.3878    17.3846  -112.8917        -0.19         11    12.6769
2024-05-11 12:40:0.000000    1202374.9729     252492.1647    6237673.0443    -4.3371    17.5104  -113.4974        -0.19         11    12.5944
2024-05-11 12:40:30.000000    1202374.8576     252492.4797    6237672.4200    -4.4524    17.8254  -114.1217        -0.19         11    12.5469
2024-05-11 12:41:0.000000    1202374.7877     252492.6060    6237671.4477    -4.5223    17.9517  -115.0940        -0.19         11    12.4587
2024-05-11 12:41:30.000000    1202374.9202     252492.7965    6237670.4115    -4.3898    18.1422  -116.1302        -0.19         11    12.4606
2024-05-11 12:42:0.000000    1202374.8157     252492.9711    6237670.4622    -4.4943    18.3168  -116.0795        -0.19         11    12.3083
2024-05-11 12:42:30.000000    1202374.8057     252493.1037    6237668.7376    -4.5043    18.4494  -117.8041        -0.20         11    12.4397
2024-05-11 12:43:0.000000    1202374.9193     252493.2440    6237668.9944    -4.3907    18.5897  -117.5473        -0.20         11    12.3445
2024-05-11 12:43:30.000000    1202374.7580     252493.7427    6237668.1243    -4.5520    19.0884  -118.4174        -0.20         11    12.1320
2024-05-11 12:44:0.000000    1202374.8267     252493.5726    6237666.9572    -4.4833    18.9183  -119.5845        -0.20         11    12.4201
2024-05-11 12:44:30.000000    1202374.8294     252494.1445    6237666.7268    -4.4806    19.4902  -119.8149        -0.20         11    12.2610
2024-05-11 12:45:0.000000    1202374.5416     252494.0943    6237665.6680    -4.7684    19.4400  -120.8737        -0.20         11    12.2784
2024-05-11 12:45:30.000000    1202374.6577     252494.5123    6237664.6205    -4.6523    19.8580  -121.9212        -0.20         11    12.4120
2024-05-11 12:46:0.000000    1202374.5596     252494.7460    6237664.4015    -4.7504    20.0917  -122.1402        -0.20         11    12.3338
2024-05-11 12:46:30.000000    1202374.6975     252494.8387    6237663.8038    -4.6125    20.1844  -122.7379        -0.20         11    12.3531
2024-05-11 12:47:0.000000    1202374.5816     252495.0360    6237663.3541    -4.7284    20.3817  -123.1876        -0.20         11    12.4344
2024-05-11 12:47:30.000000    1202374.4035     252495.0831    6237662.5221    -4.9065    20.4288  -124.0196        -0.21         11    12.5434
2024-05-11 12:48:0.000000    1202374.5342     252495.4569    6237662.1446    -4.7758    20.8026  -124.3971        -0.21         11    12.5583
2024-05-11 12:48:30.000000    1202374.4024     252495.6403    6237661.1609    -4.9076    20.9860  -125.3808        -0.21         11    12.3629
2024-05-11 12:49:0.000000    1202374.2632     252495.9938    6237659.8269    -5.0468    21.3395  -126.7148        -0.21         11    12.6229
2024-05-11 12:49:30.000000    1202374.2953     252496.1769    6237659.0920    -5.0147    21.5226  -127.4497        -0.21         11    12.6933
2024-05-11 12:50:0.000000    1202374.4371     252496.5090    6237658.8796    -4.8729    21.8547  -127.6621        -0.21         11    12.7009
2024-05-11 12:50:30.000000    1202374.1772     252496.6403    6237658.0418    -5.1328    21.9860  -128.4999        -0.21         11    12.8254
2024-05-11 12:51:0.000000    1202374.0937     252496.7591    6237657.6425    -5.2163    22.1048  -128.8992        -0.22         11    13.0664
2024-05-11 12:51:30.000000    1202374.0966     252497.0323    6237656.7361    -5.2134    22.3780  -129.8056        -0.22         11    13.2303
2024-05-11 12:52:0.000000    1202374.0447     252497.0788    6237654.8180    -5.2653    22.4245  -131.7237        -0.22         11    13.3276
2024-05-11 12:52:30.000000    1202373.9752     252497.3302    6237654.9379    -5.3348    22.6759  -131.6038        -0.22         11    13.5889
2024-05-11 12:53:0.000000    1202373.7360     252497.8988    6237653.8217    -5.5740    23.2445  -132.7200        -0.22         11    13.6009
2024-05-11 12:53:30.000000    1202373.7722     252498.0083    6237652.9672    -5.5378    23.3540  -133.5745        -0.22         11    13.8094
2024-05-11 12:54:0.000000    1202373.9068     252498.0812    6237652.2959    -5.4032    23.4269  -134.2458        -0.22         11    14.1201
2024-05-11 12:54:30.000000    1202373.6890     252498.4042    6237651.5849    -5.6210    23.7499  -134.9568        -0.23         11    14.1953
2024-05-11 12:55:0.000000    1202373.5598     252498.2303    6237651.0229    -5.7502    23.5760  -135.5188        -0.23         11    14.3282
2024-05-11 12:55:30.000000    1202373.7545     252498.6693    6237650.1103    -5.5555    24.0150  -136.4314        -0.23         11    14.6355
2024-05-11 12:56:0.000000    1202373.6208     252498.8457    6237649.2457    -5.6892    24.1914  -137.2960        -0.23         11    14.5716
2024-05-11 12:56:30.000000    1202373.5379     252498.9677    6237648.5042    -5.7721    24.3134  -138.0375        -0.23         10    15.6103
2024-05-11 12:57:0.000000    1202373.4614     252499.0367    6237648.2677    -5.8486    24.3824  -138.2740        -0.23         10    15.8316
2024-05-11 12:57:30.000000    1202373.6030     252500.2370    6237657.6093    -5.7070    25.5827  -128.9324        -0.21         12    16.5487
2024-05-11 12:58:0.000000    1202373.4014     252500.5567    6237656.4064    -5.9086    25.9024  -130.1353        -0.21         12    16.4889
2024-05-11 12:58:30.000000    1202373.2052     252500.6134    6237656.9599    -6.1048    25.9591  -129.5818        -0.21         12    16.7186
2024-05-11 12:59:0.000000    1202373.2387     252500.6623    6237656.8698    -6.0713    26.0080  -129.6719        -0.21         12    16.8277
2024-05-11 12:59:30.000000    1202373.0911     252500.9280    6237655.7780    -6.2189    26.2737  -130.7637        -0.22         12    16.9816
2024-05-11 13:00:0.000000    1202372.2797     252499.8409    6237657.3098    -7.0303    25.1866  -129.2319        -0.21         12    16.3170
2024-05-11 13:00:30.000000    1202371.8775     252499.7992    6237659.1146    -7.4325    25.1449  -127.4271        -0.21         12    17.2551
2024-05-11 13:01:0.000000    1202371.6789     252499.9203    6237658.8510    -7.6311    25.2660  -127.6907        -0.21         12    17.3514
2024-05-11 13:01:30.000000    1202371.6842     252500.0057    6237658.2854    -7.6258    25.3514  -128.2563        -0.21         12    17.3555
2024-05-11 13:02:0.000000    1202371.7434     252500.2700    6237657.5156    -7.5666    25.6157  -129.0261        -0.21         12    17.3413
2024-05-11 13:02:30.000000    1202371.4480     252500.4911    6237657.6230    -7.8620    25.8368  -128.9187        -0.21         12    17.5934
2024-05-11 13:03:0.000000    1202369.8406     252504.3345    6237638.5411    -9.4694    29.6802  -148.0006        -0.25         11    12.1973
2024-05-11 13:03:30.000000    1202369.8585     252504.4818    6237637.6795    -9.4515    29.8275  -148.8622        -0.25         11    12.0372
2024-05-11 13:04:0.000000    1202369.8669     252504.4293    6237638.9300    -9.4431    29.7750  -147.6117        -0.25         11    11.9555
2024-05-11 13:04:30.000000    1202369.7637     252504.4040    6237638.7286    -9.5463    29.7497  -147.8131        -0.25         11    11.9113
2024-05-11 13:05:0.000000    1202369.5585     252504.4331    6237639.0206    -9.7515    29.7788  -147.5211        -0.25         11    11.7552
2024-05-11 13:05:30.000000    1202369.7424     252504.2897    6237639.3986    -9.5676    29.6354  -147.1431        -0.25         11    11.6773
2024-05-11 13:06:0.000000    1202369.6884     252504.2162    6237639.1531    -9.6216    29.5619  -147.3886        -0.25         11    11.7164
2024-05-11 13:06:30.000000    1202369.6181     252504.1033    6237639.6950    -9.6919    29.4490  -146.8467        -0.25         11    11.8057
2024-05-11 13:07:0.000000    1202369.6352     252504.1316    6237639.5772    -9.6748    29.4773  -146.9645        -0.25         11    11.4015
2024-05-11 13:07:30.000000    1202369.7094     252504.1425    6237640.2165    -9.6006    29.4882  -146.3252        -0.25         11    11.6548
2024-05-11 13:08:0.000000    1202369.6090     252503.9111    6237641.5665    -9.7010    29.2568  -144.9752        -0.24         11    11.6349
2024-05-11 13:08:30.000000    1202369.5297     252503.7134    6237642.6077    -9.7803    29.0591  -143.9340        -0.24         11    11.4309
2024-05-11 13:09:0.000000    1202369.5432     252503.6236    6237642.3154    -9.7668    28.9693  -144.2263        -0.24         11    11.6489
2024-05-11 13:09:30.000000    1202369.3731     252503.5639    6237642.9320    -9.9369    28.9096  -143.6097        -0.24         11    11.4021
2024-05-11 13:10:0.000000    1202369.4508     252503.1753    6237645.3154    -9.8592    28.5210  -141.2263        -0.24         11    11.6148
2024-05-11 13:10:30.000000    1202369.4426     252503.1136    6237644.9416    -9.8674    28.4593  -141.6001        -0.24         11    11.6536
2024-05-11 13:11:0.000000    1202369.3848     252503.0645    6237646.1177    -9.9252    28.4102  -140.4240        -0.24         11    11.6594
2024-05-11 13:11:30.000000    1202369.4700     252502.8222    6237647.7488    -9.8400    28.1679  -138.7929        -0.23         11    11.7498
2024-05-11 13:12:0.000000    1202369.2602     252502.6000    6237647.7918   -10.0498    27.9457  -138.7499        -0.23         11    11.7379
2024-05-11 13:12:30.000000    1202369.3104     252502.3070    6237649.7737    -9.9996    27.6527  -136.7680        -0.23         11    11.7476
2024-05-11 13:13:0.000000    1202369.4886     252502.0655    6237651.2107    -9.8214    27.4112  -135.3310        -0.22         11    11.7788
2024-05-11 13:13:30.000000    1202369.5988     252501.6253    6237652.7565    -9.7112    26.9710  -133.7852        -0.22         11    11.8155
2024-05-11 13:14:0.000000    1202369.4785     252501.6010    6237653.6140    -9.8315    26.9467  -132.9277        -0.22         11    11.8372
2024-05-11 13:14:30.000000    1202369.5659     252501.2795    6237655.7331    -9.7441    26.6252  -130.8086        -0.22         11    11.9500
2024-05-11 13:15:0.000000    1202369.6573     252500.8496    6237657.5094    -9.6527    26.1953  -129.0323        -0.21         11    12.0408
2024-05-11 13:15:30.000000    1202369.4589     252500.5811    6237658.1935    -9.8511    25.9268  -128.3482        -0.21         11    12.2092
2024-05-11 13:16:0.000000    1202369.5254     252500.4251    6237660.1767    -9.7846    25.7708  -126.3650        -0.21         11    12.1706
2024-05-11 13:16:30.000000    1202369.6196     252499.8680    6237661.3510    -9.6904    25.2137  -125.1907        -0.21         11    12.3702
2024-05-11 13:17:0.000000    1202369.5557     252499.5598    6237663.6945    -9.7543    24.9055  -122.8472        -0.20         11    12.4188
2024-05-11 13:17:30.000000    1202369.5560     252498.9559    6237666.2055    -9.7540    24.3016  -120.3362        -0.20         11    12.5289
2024-05-11 13:18:0.000000    1202369.7340     252498.7047    6237666.8927    -9.5760    24.0504  -119.6490        -0.20         11    12.5644
2024-05-11 13:18:30.000000    1202369.8054     252498.4128    6237669.2593    -9.5046    23.7585  -117.2824        -0.19         11    12.5858
2024-05-11 13:19:0.000000    1202371.3029     252495.6903    6237682.8066    -8.0071    21.0360  -103.7351        -0.16         12    15.4635
2024-05-11 13:19:30.000000    1202371.5712     252495.0732    6237685.2412    -7.7388    20.4189  -101.3005        -0.16         12    15.3094
2024-05-11 13:20:0.000000    1202371.3921     252494.6772    6237686.1329    -7.9179    20.0229  -100.4088        -0.16         12    15.1502
2024-05-11 13:20:30.000000    1202371.5078     252494.3416    6237689.3088    -7.8022    19.6873   -97.2329        -0.15         12    15.0057
2024-05-11 13:21:0.000000    1202371.4860     252493.8938    6237691.0006    -7.8240    19.2395   -95.5411        -0.15         12    14.7861
2024-05-11 13:21:30.000000    1202371.4663     252493.6491    6237692.5052    -7.8437    18.9948   -94.0365        -0.15         12    14.6763
2024-05-11 13:22:0.000000    1202371.7462     252493.2422    6237694.9472    -7.5638    18.5879   -91.5945        -0.14         12    14.6013
2024-05-11 13:22:30.000000    1202371.5472     252492.5343    6237697.0887    -7.7628    17.8800   -89.4530        -0.14         12    14.6379
2024-05-11 13:23:0.000000    1202371.8366     252492.2800    6237700.0555    -7.4734    17.6257   -86.4862        -0.13         12    14.5284
2024-05-11 13:23:30.000000    1202371.6220     252491.9321    6237700.5824    -7.6880    17.2778   -85.9593        -0.13         12    14.3686
2024-05-11 13:24:0.000000    1202371.8282     252491.7035    6237703.1368    -7.4818    17.0492   -83.4049        -0.13         12    14.3606
2024-05-11 13:24:30.000000    1202371.7518     252491.1761    6237704.9892    -7.5582    16.5218   -81.5525        -0.12         12    14.1938
2024-05-11 13:25:0.000000    1202371.8739     252490.6313    6237708.2354    -7.4361    15.9770   -78.3063        -0.12         12    14.2289
2024-05-11 13:25:30.000000    1202371.6805     252490.3677    6237710.0546    -7.6295    15.7134   -76.4871        -0.11         12    14.2552
2024-05-11 13:26:0.000000    1202371.9862     252489.9226    6237712.4239    -7.3238    15.2683   -74.1178        -0.11         12    14.1635
2024-05-11 13:26:30.000000    1202371.8789     252489.4132    6237714.2340    -7.4311    14.7589   -72.3077        -0.10         12    14.1671
2024-05-11 13:27:0.000000    1202371.8884     252489.1390    6237716.9833    -7.4216    14.4847   -69.5584        -0.10         12    13.9088
2024-05-11 13:27:30.000000    1202371.8457     252488.8702    6237719.0203    -7.4643    14.2159   -67.5214        -0.10         12    13.8486
2024-05-11 13:28:0.000000    1202372.0099     252488.3466    6237721.2288    -7.3001    13.6923   -65.3129        -0.09         12    13.9374
2024-05-11 13:28:30.000000    1202372.0761     252487.7611    6237724.4737    -7.2339    13.1068   -62.0680        -0.09         12    14.0051
2024-05-11 13:29:0.000000    1202371.9968     252487.5530    6237725.6497    -7.3132    12.8987   -60.8920        -0.08         12    13.8946
2024-05-11 13:29:30.000000    1202372.2848     252487.0910    6237728.3075    -7.0252    12.4367   -58.2342        -0.08         12    13.9956
2024-05-11 13:30:0.000000    1202372.1468     252486.7471    6237730.5247    -7.1632    12.0928   -56.0170        -0.08         12    13.9774
2024-05-11 13:30:30.000000    1202372.0718     252486.6890    6237731.6807    -7.2382    12.0347   -54.8610        -0.07         12    13.9229
2024-05-11 13:31:0.000000    1202372.2525     252486.2569    6237734.9805    -7.0575    11.6026   -51.5612        -0.07         12    13.9195
2024-05-11 13:31:30.000000    1202371.9937     252485.9929    6237736.3995    -7.3163    11.3386   -50.1422        -0.06         12    14.0538
2024-05-11 13:32:0.000000    1202372.0339     252485.5098    6237738.8959    -7.2761    10.8555   -47.6458        -0.06         12    13.9042
2024-05-11 13:32:30.000000    1202372.1886     252485.2601    6237741.0513    -7.1214    10.6058   -45.4904        -0.06         12    13.8912
2024-05-11 13:33:0.000000    1202372.2569     252484.9742    6237742.9281    -7.0531    10.3199   -43.6136        -0.05         12    13.9490
2024-05-11 13:33:30.000000    1202372.1923     252484.7999    6237745.3288    -7.1177    10.1456   -41.2129        -0.05         12    13.9139
2024-05-11 13:34:0.000000    1202372.1342     252484.5906    6237747.3234    -7.1758     9.9363   -39.2183        -0.04         12    13.9394
2024-05-11 13:34:30.000000    1202372.0249     252484.0106    6237749.5551    -7.2851     9.3563   -36.9866        -0.04         12    13.9721
2024-05-11 13:35:0.000000    1202372.1820     252484.0725    6237751.8923    -7.1280     9.4182   -34.6494        -0.03         12    13.9718
2024-05-11 13:35:30.000000    1202372.1953     252483.4770    6237754.8627    -7.1147     8.8227   -31.6790        -0.03         12    14.0234
2024-05-11 13:36:0.000000    1202372.2502     252483.4141    6237756.2012    -7.0598     8.7598   -30.3405        -0.03         12    14.1007
2024-05-11 13:36:30.000000    1202372.4848     252482.9912    6237758.7300    -6.8252     8.3369   -27.8117        -0.02         12    14.0488
2024-05-11 13:37:0.000000    1202372.1991     252482.7978    6237759.3863    -7.1109     8.1435   -27.1554        -0.02         12    14.0541
2024-05-11 13:37:30.000000    1202372.2886     252482.5944    6237762.4159    -7.0214     7.9401   -24.1258        -0.02         12    14.1092
2024-05-11 13:38:0.000000    1202372.4290     252482.2455    6237765.0647    -6.8810     7.5912   -21.4770        -0.01         12    14.1929
2024-05-11 13:38:30.000000    1202372.2736     252482.0334    6237767.7623    -7.0364     7.3791   -18.7794        -0.01         12    14.2144
2024-05-11 13:39:0.000000    1202372.0668     252481.5528    6237768.0477    -7.2432     6.8985   -18.4940        -0.01         12    14.1025
2024-05-11 13:39:30.000000    1202372.3290     252481.5576    6237771.4014    -6.9810     6.9033   -15.1403         0.00         12    14.2771
2024-05-11 13:40:0.000000    1202372.3371     252481.4108    6237773.2264    -6.9729     6.7565   -13.3153         0.00         12    14.2764
2024-05-11 13:40:30.000000    1202372.3404     252481.1891    6237774.5729    -6.9696     6.5348   -11.9688         0.01         12    14.3791
2024-05-11 13:41:0.000000    1202372.1315     252480.9607    6237777.1369    -7.1785     6.3064    -9.4048         0.01         12    14.3549
2024-05-11 13:41:30.000000    1202372.2404     252480.8461    6237778.3132    -7.0696     6.1918    -8.2285         0.01         11    14.9128
2024-05-11 13:42:0.000000    1202372.0326     252480.7971    6237779.8668    -7.2774     6.1428    -6.6749         0.02         11    15.0513
2024-05-11 13:42:30.000000    1202372.1385     252480.3035    6237782.0196    -7.1715     5.6492    -4.5221         0.02         10    15.9107
2024-05-11 13:43:0.000000    1202372.0501     252480.3943    6237783.7249    -7.2599     5.7400    -2.8168         0.02         10    15.9855
2024-05-11 13:43:30.000000    1202371.9875     252480.6670    6237781.8028    -7.3225     6.0127    -4.7389         0.02         11    15.4388
2024-05-11 13:44:0.000000    1202372.1164     252480.5937    6237783.0732    -7.1936     5.9394    -3.4685         0.02         11    15.5977
2024-05-11 13:44:30.000000    1202372.0470     252480.5079    6237785.4255    -7.2630     5.8536    -1.1162         0.03         11    15.6290
2024-05-11 13:45:0.000000    1202371.9237     252480.2357    6237786.7169    -7.3863     5.5814     0.1752         0.03         11    15.7259
2024-05-11 13:45:30.000000    1202372.2672     252480.3960    6237788.4362    -7.0428     5.7417     1.8945         0.03         11    15.8761
2024-05-11 13:46:0.000000    1202372.3073     252480.3439    6237790.1496    -7.0027     5.6896     3.6079         0.03         11    15.9257
2024-05-11 13:46:30.000000    1202372.0056     252480.1222    6237791.9663    -7.3044     5.4679     5.4246         0.04         11    16.0176
2024-05-11 13:47:0.000000    1202372.2795     252480.1560    6237793.4713    -7.0305     5.5017     6.9296         0.04         11    16.0674
2024-05-11 13:47:30.000000    1202372.2185     252480.1289    6237793.8698    -7.0915     5.4746     7.3281         0.04         11    16.1768
2024-05-11 13:48:0.000000    1202372.3719     252480.1967    6237795.5689    -6.9381     5.5424     9.0272         0.04         11    16.3850
2024-05-11 13:48:30.000000    1202372.4964     252479.9944    6237798.1558    -6.8136     5.3401    11.6141         0.05         11    16.3963
2024-05-11 13:49:0.000000    1202372.5192     252480.1107    6237798.9658    -6.7908     5.4564    12.4241         0.05         11    16.5891
2024-05-11 13:49:30.000000    1202372.5455     252480.1482    6237800.3587    -6.7645     5.4939    13.8170         0.05         11    16.6484
2024-05-11 13:50:0.000000    1202372.4766     252480.0928    6237802.3956    -6.8334     5.4385    15.8539         0.06         11    16.6609
2024-05-11 13:50:30.000000    1202372.6279     252479.9035    6237803.6979    -6.6821     5.2492    17.1562         0.06         11    16.8887
2024-05-11 13:51:0.000000    1202372.4932     252479.9265    6237804.7312    -6.8168     5.2722    18.1895         0.06         11    16.9818
2024-05-11 13:51:30.000000    1202372.3466     252480.0919    6237806.3769    -6.9634     5.4376    19.8352         0.06         11    17.0300
2024-05-11 13:52:0.000000    1202372.3834     252480.1110    6237807.8518    -6.9266     5.4567    21.3101         0.07         11    17.1589
2024-05-11 13:52:30.000000    1202372.3051     252480.0982    6237808.1672    -7.0049     5.4439    21.6255         0.07         11    17.2706
2024-05-11 13:53:0.000000    1202372.6083     252480.1629    6237810.2737    -6.7017     5.5086    23.7320         0.07         11    17.3163
2024-05-11 13:53:30.000000    1202372.7036     252480.1559    6237811.9902    -6.6064     5.5016    25.4485         0.07         11    17.3628
2024-05-11 13:54:0.000000    1202372.7313     252480.3032    6237811.5494    -6.5787     5.6489    25.0077         0.07         11    17.6993
2024-05-11 13:54:30.000000    1202372.6493     252480.3787    6237814.4317    -6.6607     5.7244    27.8900         0.08         11    17.6807
2024-05-11 13:55:0.000000    1202372.6440     252480.4968    6237815.0322    -6.6660     5.8425    28.4905         0.08         11    17.7254
2024-05-11 13:55:30.000000    1202372.7039     252480.4190    6237816.3118    -6.6061     5.7647    29.7701         0.08         11    17.8637
2024-05-11 13:56:0.000000    1202372.6010     252480.4806    6237818.1761    -6.7090     5.8263    31.6344         0.09         11    17.8516
2024-05-11 13:56:30.000000    1202372.9257     252480.4503    6237818.4502    -6.3843     5.7960    31.9085         0.09         11    18.0279
2024-05-11 13:57:0.000000    1202372.7084     252480.6218    6237819.1760    -6.6016     5.9675    32.6343         0.09         11    18.0035
2024-05-11 13:57:30.000000    1202372.8545     252480.6516    6237821.6871    -6.4555     5.9973    35.1454         0.09         11    18.1354
2024-05-11 13:58:0.000000    1202372.9675     252480.6043    6237822.0126    -6.3425     5.9500    35.4709         0.09         11    18.3303
2024-05-11 13:58:30.000000    1202372.7645     252480.8480    6237823.0522    -6.5455     6.1937    36.5105         0.10         11    18.3470
2024-05-11 13:59:0.000000    1202372.8572     252480.8575    6237824.8996    -6.4528     6.2032    38.3579         0.10         11    18.4675
2024-05-11 13:59:30.000000    1202372.8160     252480.9459    6237826.2094    -6.4940     6.2916    39.6677         0.10         11    18.5342
