GPS Single Point Positioning Results (with Klobuchar Ionosphere Model (12:00-14:00))
====================================================================================================
Station: WTZR00DEU
Time Window: 12:00-14:00 (UTC)
Approx Position: X=4075580.8863, Y=931853.5784, Z=4801567.9707
GPS Week: 2313

Epoch                             X (m)           Y (m)           Z (m)     dX (m)     dY (m)     dZ (m)   Clock (us) Satellites    RMS (m)
----------------------------------------------------------------------------------------------------
2024-05-11 12:00:0.000000    4075600.4634     931871.0810    4801563.2981    19.5771    17.5026    -4.6726         0.13          8    15.0553
2024-05-11 12:00:30.000000    4075600.8568     931871.3355    4801563.3505    19.9705    17.7571    -4.6202         0.13          8    15.1358
2024-05-11 12:01:0.000000    4075598.5411     931869.5819    4801559.4541    17.6548    16.0035    -8.5166         0.12          9    16.2492
2024-05-11 12:01:30.000000    4075598.7042     931869.7435    4801559.1971    17.8179    16.1651    -8.7736         0.12          9    16.2532
2024-05-11 12:02:0.000000    4075598.9966     931869.9483    4801559.0682    18.1103    16.3699    -8.9025         0.12          9    16.2818
2024-05-11 12:02:30.000000    4075599.2709     931870.1231    4801558.9347    18.3846    16.5447    -9.0360         0.12          9    16.3420
2024-05-11 12:03:0.000000    4075599.4988     931870.2643    4801558.8829    18.6125    16.6859    -9.0878         0.12          9    16.3893
2024-05-11 12:03:30.000000    4075599.6486     931870.4071    4801558.8695    18.7623    16.8287    -9.1012         0.12          9    16.4060
2024-05-11 12:04:0.000000    4075599.9173     931870.6118    4801558.7737    19.0310    17.0334    -9.1970         0.12          9    16.4696
2024-05-11 12:04:30.000000    4075600.1443     931870.8573    4801558.6840    19.2580    17.2789    -9.2867         0.12          9    16.4518
2024-05-11 12:05:0.000000    4075600.5318     931871.2770    4801558.6739    19.6455    17.6986    -9.2968         0.12          9    16.4720
2024-05-11 12:05:30.000000    4075600.8131     931871.5700    4801558.7636    19.9268    17.9916    -9.2071         0.12          9    16.4862
2024-05-11 12:06:0.000000    4075601.0493     931871.9120    4801558.6517    20.1630    18.3336    -9.3190         0.12          9    16.5571
2024-05-11 12:06:30.000000    4075601.2932     931872.2412    4801558.6297    20.4069    18.6628    -9.3410         0.12          9    16.5808
2024-05-11 12:07:0.000000    4075601.5083     931872.5893    4801558.5178    20.6220    19.0109    -9.4529         0.12          9    16.6002
2024-05-11 12:07:30.000000    4075601.6477     931872.7900    4801558.2622    20.7614    19.2116    -9.7085         0.12          9    16.6409
2024-05-11 12:08:0.000000    4075601.7738     931872.8665    4801557.9565    20.8875    19.2881   -10.0142         0.12          9    16.7281
2024-05-11 12:08:30.000000    4075602.0035     931873.0266    4801557.7221    21.1172    19.4482   -10.2486         0.12          9    16.7908
2024-05-11 12:09:0.000000    4075602.2755     931873.2357    4801557.5134    21.3892    19.6573   -10.4573         0.12          9    16.8526
2024-05-11 12:09:30.000000    4075602.5410     931873.4231    4801557.3735    21.6547    19.8447   -10.5972         0.12          9    16.9055
2024-05-11 12:10:0.000000    4075602.7253     931873.5124    4801557.1768    21.8390    19.9340   -10.7939         0.12          9    16.9497
2024-05-11 12:10:30.000000    4075602.9392     931873.6591    4801556.9374    22.0529    20.0807   -11.0333         0.12          9    17.0203
2024-05-11 12:11:0.000000    4075603.1087     931873.8817    4801556.7850    22.2224    20.3033   -11.1857         0.12          9    17.0476
2024-05-11 12:11:30.000000    4075603.2852     931874.1057    4801556.5639    22.3989    20.5273   -11.4068         0.12          9    17.0720
2024-05-11 12:12:0.000000    4075603.4586     931874.2958    4801556.4443    22.5723    20.7174   -11.5264         0.12          9    17.1362
2024-05-11 12:12:30.000000    4075603.6559     931874.5649    4801556.3342    22.7696    20.9865   -11.6365         0.12          9    17.1766
2024-05-11 12:13:0.000000    4075603.8900     931874.8843    4801556.3743    23.0037    21.3059   -11.5964         0.13          9    17.1828
2024-05-11 12:13:30.000000    4075604.1262     931875.1568    4801556.1785    23.2399    21.5784   -11.7922         0.13          9    17.2176
2024-05-11 12:14:0.000000    4075604.3235     931875.3524    4801555.8992    23.4372    21.7740   -12.0715         0.13          9    17.2303
2024-05-11 12:14:30.000000    4075604.5068     931875.5636    4801555.7666    23.6205    21.9852   -12.2041         0.13          9    17.2084
2024-05-11 12:15:0.000000    4075604.5625     931875.7282    4801555.6117    23.6762    22.1498   -12.3590         0.13          9    17.2215
2024-05-11 12:15:30.000000    4075604.6892     931875.8514    4801555.4792    23.8029    22.2730   -12.4915         0.13          9    17.2547
2024-05-11 12:16:0.000000    4075604.9219     931875.9963    4801555.4013    24.0356    22.4179   -12.5694         0.13          9    17.3255
2024-05-11 12:16:30.000000    4075605.1758     931876.0741    4801555.1568    24.2895    22.4957   -12.8139         0.13          9    17.3981
2024-05-11 12:17:0.000000    4075605.4233     931876.1483    4801554.9406    24.5370    22.5699   -13.0301         0.13          9    17.4393
2024-05-11 12:17:30.000000    4075605.6022     931876.2648    4801554.7068    24.7159    22.6864   -13.2639         0.13          9    17.4825
2024-05-11 12:18:0.000000    4075605.6733     931876.4606    4801554.4622    24.7870    22.8822   -13.5085         0.13          9    17.5588
2024-05-11 12:18:30.000000    4075605.7869     931876.7375    4801554.4144    24.9006    23.1591   -13.5563         0.13          9    17.6059
2024-05-11 12:19:0.000000    4075606.0818     931877.0598    4801554.4120    25.1955    23.4814   -13.5587         0.13          9    17.6630
2024-05-11 12:19:30.000000    4075606.3545     931877.3804    4801554.2336    25.4682    23.8020   -13.7371         0.13          9    17.7352
2024-05-11 12:20:0.000000    4075606.5631     931877.7356    4801554.0847    25.6768    24.1572   -13.8860         0.13          9    17.7468
2024-05-11 12:20:30.000000    4075606.6680     931877.9815    4801553.9038    25.7817    24.4031   -14.0669         0.13          9    17.7948
2024-05-11 12:21:0.000000    4075606.8468     931878.2101    4801553.7062    25.9605    24.6317   -14.2645         0.13          9    17.8271
2024-05-11 12:21:30.000000    4075607.0664     931878.4099    4801553.4129    26.1801    24.8315   -14.5578         0.13          9    17.9110
2024-05-11 12:22:0.000000    4075607.3272     931878.5321    4801553.1003    26.4409    24.9537   -14.8704         0.13          9    17.9872
2024-05-11 12:22:30.000000    4075607.5194     931878.6702    4801552.8453    26.6331    25.0918   -15.1254         0.13          9    18.0303
2024-05-11 12:23:0.000000    4075607.7540     931878.8015    4801552.4861    26.8677    25.2231   -15.4846         0.13          9    18.0955
2024-05-11 12:23:30.000000    4075607.8926     931878.9788    4801552.3028    27.0063    25.4004   -15.6679         0.13          9    18.1659
2024-05-11 12:24:0.000000    4075608.0349     931879.1663    4801552.0286    27.1486    25.5879   -15.9421         0.13          9    18.2345
2024-05-11 12:24:30.000000    4075608.1731     931879.4072    4801551.8597    27.2868    25.8288   -16.1110         0.13          9    18.2865
2024-05-11 12:25:0.000000    4075608.2541     931879.6727    4801551.7272    27.3678    26.0943   -16.2435         0.13          9    18.2816
2024-05-11 12:25:30.000000    4075608.3299     931879.9423    4801551.4916    27.4436    26.3639   -16.4791         0.13          9    18.2532
2024-05-11 12:26:0.000000    4075608.3421     931880.2352    4801551.2877    27.4558    26.6568   -16.6830         0.13          9    18.2422
2024-05-11 12:26:30.000000    4075608.4181     931880.4633    4801550.8930    27.5318    26.8849   -17.0777         0.13          9    18.2437
2024-05-11 12:27:0.000000    4075608.5590     931880.6694    4801550.7826    27.6727    27.0910   -17.1881         0.13          9    18.2747
2024-05-11 12:27:30.000000    4075608.8981     931880.8057    4801550.4317    28.0118    27.2273   -17.5390         0.13          9    18.3598
2024-05-11 12:28:0.000000    4075609.1928     931880.9941    4801550.3231    28.3065    27.4157   -17.6476         0.13          9    18.4562
2024-05-11 12:28:30.000000    4075609.3875     931881.1824    4801549.7634    28.5012    27.6040   -18.2073         0.13          9    18.5362
2024-05-11 12:29:0.000000    4075609.5001     931881.3301    4801549.3194    28.6138    27.7517   -18.6513         0.13          9    18.5965
2024-05-11 12:29:30.000000    4075615.1530     931881.6237    4801551.8816    34.2667    28.0453   -16.0891         0.14          8    17.6645
2024-05-11 12:30:0.000000    4075615.2657     931881.7164    4801551.6879    34.3794    28.1380   -16.2828         0.14          8    17.6911
2024-05-11 12:30:30.000000    4075615.3579     931881.8622    4801551.6978    34.4716    28.2838   -16.2729         0.14          8    17.7813
2024-05-11 12:31:0.000000    4075615.5248     931882.0182    4801551.3933    34.6385    28.4398   -16.5774         0.14          8    17.7590
2024-05-11 12:31:30.000000    4075615.3888     931882.1481    4801551.2635    34.5025    28.5697   -16.7072         0.14          8    17.7620
2024-05-11 12:32:0.000000    4075615.2649     931882.0682    4801550.4863    34.3786    28.4898   -17.4844         0.14          8    17.6633
2024-05-11 12:32:30.000000    4075615.1956     931882.1630    4801550.7554    34.3093    28.5846   -17.2153         0.14          8    17.7195
2024-05-11 12:33:0.000000    4075615.2855     931882.3187    4801549.9877    34.3992    28.7403   -17.9830         0.14          7    18.7858
2024-05-11 12:33:30.000000    4075615.4406     931882.5959    4801549.9881    34.5543    29.0175   -17.9826         0.14          7    18.8161
2024-05-11 12:34:0.000000    4075615.4010     931882.7967    4801549.2330    34.5147    29.2183   -18.7377         0.14          7    18.7812
2024-05-11 12:34:30.000000    4075615.5038     931882.9894    4801548.7649    34.6175    29.4110   -19.2058         0.14          7    18.7740
2024-05-11 12:35:0.000000    4075615.7367     931883.2039    4801548.8390    34.8504    29.6255   -19.1317         0.14          7    18.8581
2024-05-11 12:35:30.000000    4075615.8832     931883.4236    4801548.1895    34.9969    29.8452   -19.7812         0.14          7    18.7017
2024-05-11 12:36:0.000000    4075615.7869     931883.5393    4801548.0072    34.9006    29.9609   -19.9635         0.14          7    18.7465
2024-05-11 12:36:30.000000    4075615.9203     931883.6527    4801547.5585    35.0340    30.0743   -20.4122         0.14          7    18.7109
2024-05-11 12:37:0.000000    4075615.8905     931883.8197    4801547.5030    35.0042    30.2413   -20.4677         0.14          7    18.6730
2024-05-11 12:37:30.000000    4075615.7406     931883.9162    4801547.2906    34.8543    30.3378   -20.6801         0.14          7    18.6244
2024-05-11 12:38:0.000000    4075615.6115     931884.0990    4801546.7259    34.7252    30.5206   -21.2448         0.14          7    18.6143
2024-05-11 12:38:30.000000    4075615.5798     931884.3474    4801546.2337    34.6935    30.7690   -21.7370         0.14          7    18.6034
2024-05-11 12:39:0.000000    4075615.7133     931884.5989    4801545.7780    34.8270    31.0205   -22.1927         0.13          7    18.5312
2024-05-11 12:39:30.000000    4075615.6877     931884.7886    4801545.6165    34.8014    31.2102   -22.3542         0.13          7    18.5775
2024-05-11 12:40:0.000000    4075612.6721     931883.2984    4801541.4543    31.7858    29.7200   -26.5164         0.12          8    19.3573
2024-05-11 12:40:30.000000    4075612.4860     931883.2696    4801540.9572    31.5997    29.6912   -27.0135         0.12          8    19.1900
2024-05-11 12:41:0.000000    4075612.3214     931883.2134    4801540.8090    31.4351    29.6350   -27.1617         0.12          8    19.1343
2024-05-11 12:41:30.000000    4075612.1892     931883.2619    4801540.2077    31.3029    29.6835   -27.7630         0.12          8    19.0236
2024-05-11 12:42:0.000000    4075612.1247     931883.4103    4801540.0637    31.2384    29.8319   -27.9070         0.12          8    19.0464
2024-05-11 12:42:30.000000    4075611.9210     931883.5516    4801539.5877    31.0347    29.9732   -28.3830         0.11          8    18.9746
2024-05-11 12:43:0.000000    4075611.6003     931883.6061    4801538.6891    30.7140    30.0277   -29.2816         0.11          8    18.7959
2024-05-11 12:43:30.000000    4075611.2351     931883.6299    4801538.3677    30.3488    30.0515   -29.6030         0.11          8    18.7518
2024-05-11 12:44:0.000000    4075610.8774     931883.6479    4801537.8013    29.9911    30.0695   -30.1694         0.11          8    18.6828
2024-05-11 12:44:30.000000    4075610.6217     931883.7590    4801537.3295    29.7354    30.1806   -30.6412         0.11          8    18.6187
2024-05-11 12:45:0.000000    4075610.3519     931883.8622    4801536.7314    29.4656    30.2838   -31.2393         0.11          8    18.5187
2024-05-11 12:45:30.000000    4075610.1235     931883.9255    4801536.3917    29.2372    30.3471   -31.5790         0.10          8    18.4908
2024-05-11 12:46:0.000000    4075609.9366     931884.0208    4801536.2285    29.0503    30.4424   -31.7422         0.10          8    18.4885
2024-05-11 12:46:30.000000    4075609.7096     931884.1147    4801535.9566    28.8233    30.5363   -32.0141         0.10          8    18.4833
2024-05-11 12:47:0.000000    4075609.5115     931884.2105    4801535.7031    28.6252    30.6321   -32.2676         0.10          8    18.4757
2024-05-11 12:47:30.000000    4075611.7306     931883.1475    4801540.2044    30.8443    29.5691   -27.7663         0.12          9    20.1432
2024-05-11 12:48:0.000000    4075611.5265     931883.1464    4801540.0980    30.6402    29.5680   -27.8727         0.12          9    20.1924
2024-05-11 12:48:30.000000    4075611.5069     931883.1399    4801539.7687    30.6206    29.5615   -28.2020         0.11          9    20.2052
2024-05-11 12:49:0.000000    4075611.4034     931883.0341    4801539.5935    30.5171    29.4557   -28.3772         0.11          9    20.2176
2024-05-11 12:49:30.000000    4075611.1714     931882.9414    4801539.4282    30.2851    29.3630   -28.5425         0.11          9    20.2252
2024-05-11 12:50:0.000000    4075611.0244     931882.8676    4801539.1214    30.1381    29.2892   -28.8493         0.11          9    20.1629
2024-05-11 12:50:30.000000    4075610.6269     931882.6983    4801539.0513    29.7406    29.1199   -28.9194         0.11          9    20.1287
2024-05-11 12:51:0.000000    4075610.3227     931882.5714    4801538.8152    29.4364    28.9930   -29.1555         0.11          9    20.0922
2024-05-11 12:51:30.000000    4075610.0228     931882.4292    4801538.7442    29.1365    28.8508   -29.2265         0.11          9    20.0690
2024-05-11 12:52:0.000000    4075609.6733     931882.3011    4801538.6559    28.7870    28.7227   -29.3148         0.11          9    20.0422
2024-05-11 12:52:30.000000    4075613.1257     931881.5657    4801540.8624    32.2394    27.9873   -27.1083         0.12          8    19.4637
2024-05-11 12:53:0.000000    4075612.4892     931881.4776    4801540.6225    31.6029    27.8992   -27.3482         0.12          8    19.5101
2024-05-11 12:53:30.000000    4075611.9255     931881.4065    4801540.2680    31.0392    27.8281   -27.7027         0.12          8    19.5897
2024-05-11 12:54:0.000000    4075611.4411     931881.3336    4801539.7559    30.5548    27.7552   -28.2148         0.11          8    19.6424
2024-05-11 12:54:30.000000    4075610.9277     931881.2905    4801539.6284    30.0414    27.7121   -28.3423         0.11          8    19.7114
2024-05-11 12:55:0.000000    4075610.3125     931881.2323    4801539.2701    29.4262    27.6539   -28.7006         0.11          8    19.7540
2024-05-11 12:55:30.000000    4075609.7376     931881.1981    4801539.0437    28.8513    27.6197   -28.9270         0.11          8    19.8003
2024-05-11 12:56:0.000000    4075609.1555     931881.0747    4801538.7998    28.2692    27.4963   -29.1709         0.11          8    19.8456
2024-05-11 12:56:30.000000    4075608.5996     931880.9507    4801538.4400    27.7133    27.3723   -29.5307         0.11          8    19.8495
2024-05-11 12:57:0.000000    4075608.0486     931880.9096    4801538.1018    27.1623    27.3312   -29.8689         0.10          8    19.8152
2024-05-11 12:57:30.000000    4075607.4264     931880.7732    4801537.7216    26.5401    27.1948   -30.2491         0.10          8    19.7800
2024-05-11 12:58:0.000000    4075606.8678     931880.6242    4801537.3056    25.9815    27.0458   -30.6651         0.10          8    19.7735
2024-05-11 12:58:30.000000    4075606.2939     931880.5479    4801537.0251    25.4076    26.9695   -30.9456         0.10          8    19.7468
2024-05-11 12:59:0.000000    4075605.6902     931880.4975    4801536.7653    24.8039    26.9191   -31.2054         0.10          8    19.7274
2024-05-11 12:59:30.000000    4075605.0968     931880.4300    4801536.5828    24.2105    26.8516   -31.3879         0.10          8    19.7209
2024-05-11 13:00:0.000000    4075602.5948     931878.3277    4801535.0753    21.7085    24.7493   -32.8954         0.09          8    18.8201
2024-05-11 13:00:30.000000    4075599.2003     931877.5490    4801547.8057    18.3140    23.9706   -20.1650         0.12          8    19.4632
2024-05-11 13:01:0.000000    4075598.8087     931877.4093    4801547.6400    17.9224    23.8309   -20.3307         0.11          8    19.4577
2024-05-11 13:01:30.000000    4075598.3689     931877.2171    4801547.5845    17.4826    23.6387   -20.3862         0.11          8    19.4518
2024-05-11 13:02:0.000000    4075597.9181     931877.0724    4801547.4345    17.0318    23.4940   -20.5362         0.11          8    19.4246
2024-05-11 13:02:30.000000    4075597.5010     931876.9953    4801547.1852    16.6147    23.4169   -20.7855         0.11          8    19.4257
2024-05-11 13:03:0.000000    4075597.0434     931876.8615    4801547.0460    16.1571    23.2831   -20.9247         0.11          8    19.4399
2024-05-11 13:03:30.000000    4075596.3785     931876.5797    4801546.7486    15.4922    23.0013   -21.2221         0.11          8    19.3978
2024-05-11 13:04:0.000000    4075595.7357     931876.2914    4801546.3693    14.8494    22.7130   -21.6014         0.11          8    19.3229
2024-05-11 13:04:30.000000    4075595.1241     931876.0269    4801546.0836    14.2378    22.4485   -21.8871         0.10          8    19.2585
2024-05-11 13:05:0.000000    4075594.5156     931875.8010    4801545.7654    13.6293    22.2226   -22.2053         0.10          8    19.2322
2024-05-11 13:05:30.000000    4075593.8935     931875.6347    4801545.3801    13.0072    22.0563   -22.5906         0.10          8    19.2215
2024-05-11 13:06:0.000000    4075593.2899     931875.4925    4801545.2716    12.4036    21.9141   -22.6991         0.10          8    19.2405
2024-05-11 13:06:30.000000    4075592.8222     931875.3608    4801545.1689    11.9359    21.7824   -22.8018         0.10          8    19.2410
2024-05-11 13:07:0.000000    4075592.3114     931875.1598    4801544.9000    11.4251    21.5814   -23.0707         0.10          8    19.2551
2024-05-11 13:07:30.000000    4075591.7202     931874.9455    4801544.6904    10.8339    21.3671   -23.2803         0.09          8    19.2338
2024-05-11 13:08:0.000000    4075591.1615     931874.7686    4801544.5438    10.2752    21.1902   -23.4269         0.09          8    19.2432
2024-05-11 13:08:30.000000    4075590.6680     931874.5956    4801544.4642     9.7817    21.0172   -23.5065         0.09          8    19.2543
2024-05-11 13:09:0.000000    4075590.1375     931874.4780    4801544.2784     9.2512    20.8996   -23.6923         0.09          8    19.2523
2024-05-11 13:09:30.000000    4075589.4781     931874.3258    4801543.9475     8.5918    20.7474   -24.0232         0.09          8    19.2615
2024-05-11 13:10:0.000000    4075588.8746     931874.1665    4801543.7256     7.9883    20.5881   -24.2451         0.09          8    19.2560
2024-05-11 13:10:30.000000    4075588.1867     931874.0009    4801543.5489     7.3004    20.4225   -24.4218         0.09          8    19.2345
2024-05-11 13:11:0.000000    4075587.6360     931873.8898    4801543.4241     6.7497    20.3114   -24.5466         0.08          8    19.2117
2024-05-11 13:11:30.000000    4075587.0815     931873.7004    4801543.2735     6.1952    20.1220   -24.6972         0.08          8    19.1887
2024-05-11 13:12:0.000000    4075586.5121     931873.5030    4801543.1145     5.6258    19.9246   -24.8562         0.08          8    19.1621
2024-05-11 13:12:30.000000    4075585.9731     931873.4270    4801543.0579     5.0868    19.8486   -24.9128         0.08          8    19.1194
2024-05-11 13:13:0.000000    4075585.3618     931873.2647    4801542.9980     4.4755    19.6863   -24.9727         0.08          8    19.0989
2024-05-11 13:13:30.000000    4075584.7495     931873.0305    4801542.8819     3.8632    19.4521   -25.0888         0.08          8    19.0846
2024-05-11 13:14:0.000000    4075584.1045     931872.7834    4801542.7087     3.2182    19.2050   -25.2620         0.08          8    19.0300
2024-05-11 13:14:30.000000    4075583.5374     931872.5803    4801542.5615     2.6511    19.0019   -25.4092         0.08          8    18.9444
2024-05-11 13:15:0.000000    4075582.7422     931872.2947    4801542.3117     1.8559    18.7163   -25.6590         0.07          8    18.8753
2024-05-11 13:15:30.000000    4075582.0395     931872.0916    4801542.0639     1.1532    18.5132   -25.9068         0.07          8    18.8448
2024-05-11 13:16:0.000000    4075581.4221     931871.8477    4801541.9574     0.5358    18.2693   -26.0133         0.07          8    18.8494
2024-05-11 13:16:30.000000    4075580.7966     931871.6525    4801541.7228    -0.0897    18.0741   -26.2479         0.07          8    18.8520
2024-05-11 13:17:0.000000    4075580.1715     931871.4262    4801541.5942    -0.7148    17.8478   -26.3765         0.07          8    18.8442
2024-05-11 13:17:30.000000    4075579.5970     931871.1629    4801541.7336    -1.2893    17.5845   -26.2371         0.07          8    18.8443
2024-05-11 13:18:0.000000    4075578.9522     931870.9075    4801541.8706    -1.9341    17.3291   -26.1001         0.07          8    18.7751
2024-05-11 13:18:30.000000    4075578.2195     931870.5969    4801541.9174    -2.6668    17.0185   -26.0533         0.06          8    18.7513
2024-05-11 13:19:0.000000    4075577.4413     931870.2851    4801541.7070    -3.4450    16.7067   -26.2637         0.06          8    18.7604
2024-05-11 13:19:30.000000    4075576.7826     931870.1034    4801541.5099    -4.1037    16.5250   -26.4608         0.06          8    18.7796
2024-05-11 13:20:0.000000    4075576.0744     931869.9072    4801541.2416    -4.8119    16.3288   -26.7291         0.06          8    18.7675
2024-05-11 13:20:30.000000    4075575.1424     931869.5504    4801540.9279    -5.7439    15.9720   -27.0428         0.06          8    18.7790
2024-05-11 13:21:0.000000    4075574.4746     931869.2761    4801540.7159    -6.4117    15.6977   -27.2548         0.05          8    18.7394
2024-05-11 13:21:30.000000    4075574.0935     931869.0753    4801540.6786    -6.7928    15.4969   -27.2921         0.05          8    18.7171
2024-05-11 13:22:0.000000    4075573.4947     931868.8915    4801540.4482    -7.3916    15.3131   -27.5225         0.05          8    18.7107
2024-05-11 13:22:30.000000    4075572.7496     931868.7029    4801540.1090    -8.1367    15.1245   -27.8617         0.05          8    18.7494
2024-05-11 13:23:0.000000    4075571.9464     931868.5127    4801539.7613    -8.9399    14.9343   -28.2094         0.05          8    18.8050
2024-05-11 13:23:30.000000    4075571.2579     931868.3200    4801539.6330    -9.6284    14.7416   -28.3377         0.05          8    18.8559
2024-05-11 13:24:0.000000    4075570.6704     931868.0562    4801539.6754   -10.2159    14.4778   -28.2953         0.05          8    18.8147
2024-05-11 13:24:30.000000    4075570.2649     931867.8288    4801539.7210   -10.6214    14.2504   -28.2497         0.04          8    18.7635
2024-05-11 13:25:0.000000    4075569.7502     931867.6791    4801539.8305   -11.1361    14.1007   -28.1402         0.04          8    18.7772
2024-05-11 13:25:30.000000    4075568.8585     931867.3065    4801539.7155   -12.0278    13.7281   -28.2552         0.04          8    18.7987
2024-05-11 13:26:0.000000    4075568.0778     931866.9595    4801539.6178   -12.8085    13.3811   -28.3529         0.04          8    18.8293
2024-05-11 13:26:30.000000    4075567.6035     931866.8178    4801539.6481   -13.2828    13.2394   -28.3226         0.04          8    18.7889
2024-05-11 13:27:0.000000    4075566.8814     931866.6031    4801539.5373   -14.0049    13.0247   -28.4334         0.04          8    18.7771
2024-05-11 13:27:30.000000    4075566.0302     931866.3132    4801539.2809   -14.8561    12.7348   -28.6898         0.04          8    18.7816
2024-05-11 13:28:0.000000    4075565.1766     931865.9678    4801539.0709   -15.7097    12.3894   -28.8998         0.03          8    18.8116
2024-05-11 13:28:30.000000    4075564.5154     931865.7488    4801539.0677   -16.3709    12.1704   -28.9030         0.03          8    18.8210
2024-05-11 13:29:0.000000    4075563.8676     931865.5005    4801539.0327   -17.0187    11.9221   -28.9380         0.03          8    18.8170
2024-05-11 13:29:30.000000    4075563.1647     931865.2163    4801539.0694   -17.7216    11.6379   -28.9013         0.03          8    18.8186
2024-05-11 13:30:0.000000    4075562.3876     931864.9167    4801539.0034   -18.4987    11.3383   -28.9673         0.03          8    18.8381
2024-05-11 13:30:30.000000    4075561.6041     931864.6079    4801538.8841   -19.2822    11.0295   -29.0866         0.03          8    18.8439
2024-05-11 13:31:0.000000    4075560.9024     931864.3345    4801538.7103   -19.9839    10.7561   -29.2604         0.03          8    18.8389
2024-05-11 13:31:30.000000    4075560.1291     931864.0292    4801538.5585   -20.7572    10.4508   -29.4122         0.02          8    18.8509
2024-05-11 13:32:0.000000    4075559.5641     931863.8270    4801538.4109   -21.3222    10.2486   -29.5598         0.02          8    18.8390
2024-05-11 13:32:30.000000    4075559.0202     931863.6226    4801538.2715   -21.8661    10.0442   -29.6992         0.02          8    18.8672
2024-05-11 13:33:0.000000    4075558.4309     931863.3780    4801538.1639   -22.4554     9.7996   -29.8068         0.02          8    18.8877
2024-05-11 13:33:30.000000    4075557.6084     931863.0630    4801538.0519   -23.2779     9.4846   -29.9188         0.02          8    18.9145
2024-05-11 13:34:0.000000    4075556.9170     931862.8479    4801537.9886   -23.9693     9.2695   -29.9821         0.02          8    18.9493
2024-05-11 13:34:30.000000    4075556.4047     931862.6977    4801537.9322   -24.4816     9.1193   -30.0385         0.02          8    19.0109
2024-05-11 13:35:0.000000    4075555.7341     931862.4270    4801537.7428   -25.1522     8.8486   -30.2279         0.01          8    19.0615
2024-05-11 13:35:30.000000    4075555.1700     931862.2596    4801537.6490   -25.7163     8.6812   -30.3217         0.01          8    19.1422
2024-05-11 13:36:0.000000    4075554.5774     931862.0372    4801537.3690   -26.3089     8.4588   -30.6017         0.01          8    19.2513
2024-05-11 13:36:30.000000    4075553.8994     931861.7262    4801537.1512   -26.9869     8.1478   -30.8195         0.01          8    19.3312
2024-05-11 13:37:0.000000    4075553.2429     931861.4721    4801536.9819   -27.6434     7.8937   -30.9888         0.01          8    19.3743
2024-05-11 13:37:30.000000    4075552.5012     931861.1431    4801536.8657   -28.3851     7.5647   -31.1050         0.01          8    19.4138
2024-05-11 13:38:0.000000    4075551.8290     931860.8744    4801536.8344   -29.0573     7.2960   -31.1363         0.01          8    19.4519
2024-05-11 13:38:30.000000    4075551.0639     931860.5868    4801536.6928   -29.8224     7.0084   -31.2779         0.00          8    19.4919
2024-05-11 13:39:0.000000    4075550.3957     931860.3567    4801536.5670   -30.4906     6.7783   -31.4037         0.00          8    19.5689
2024-05-11 13:39:30.000000    4075549.7035     931860.1518    4801536.3184   -31.1828     6.5734   -31.6523         0.00          8    19.6699
2024-05-11 13:40:0.000000    4075549.0150     931859.9296    4801536.2376   -31.8713     6.3512   -31.7331        -0.00          8    19.7533
2024-05-11 13:40:30.000000    4075548.4187     931859.7303    4801536.3027   -32.4676     6.1519   -31.6680        -0.00          8    19.7800
2024-05-11 13:41:0.000000    4075547.7788     931859.5307    4801536.3316   -33.1075     5.9523   -31.6391        -0.00          8    19.8211
2024-05-11 13:41:30.000000    4075547.3449     931859.3947    4801536.4857   -33.5414     5.8163   -31.4850        -0.00          8    19.8750
2024-05-11 13:42:0.000000    4075546.7646     931859.2310    4801536.4399   -34.1217     5.6526   -31.5308        -0.01          8    19.9612
2024-05-11 13:42:30.000000    4075544.6480     931858.0412    4801530.2313   -36.2383     4.4628   -37.7394        -0.02          7    19.6351
2024-05-11 13:43:0.000000    4075548.5097     931859.5414    4801533.1811   -32.3766     5.9630   -34.7896        -0.01          8    20.6131
2024-05-11 13:43:30.000000    4075548.0069     931859.4209    4801533.0547   -32.8794     5.8425   -34.9160        -0.01          8    20.6645
2024-05-11 13:44:0.000000    4075547.5460     931859.2508    4801533.0456   -33.3403     5.6724   -34.9251        -0.01          8    20.7394
2024-05-11 13:44:30.000000    4075547.1697     931858.9797    4801532.9993   -33.7166     5.4013   -34.9714        -0.01          8    20.8263
2024-05-11 13:45:0.000000    4075546.8570     931858.7697    4801533.3628   -34.0293     5.1913   -34.6079        -0.01          8    20.9089
2024-05-11 13:45:30.000000    4075546.6748     931858.6316    4801533.7479   -34.2115     5.0532   -34.2228        -0.01          8    20.9938
2024-05-11 13:46:0.000000    4075546.3175     931858.5089    4801534.0070   -34.5688     4.9305   -33.9637        -0.01          8    21.0758
2024-05-11 13:46:30.000000    4075545.9668     931858.4084    4801534.0563   -34.9195     4.8300   -33.9144        -0.01          8    21.1696
2024-05-11 13:47:0.000000    4075545.5356     931858.2638    4801534.2681   -35.3507     4.6854   -33.7026        -0.01          8    21.2823
2024-05-11 13:47:30.000000    4075545.2516     931858.1830    4801534.5779   -35.6347     4.6046   -33.3928        -0.01          8    21.4120
2024-05-11 13:48:0.000000    4075544.9276     931858.0527    4801535.0009   -35.9587     4.4743   -32.9698        -0.01          8    21.5396
2024-05-11 13:48:30.000000    4075544.5755     931857.8765    4801535.4773   -36.3108     4.2981   -32.4934        -0.01          8    21.6795
2024-05-11 13:49:0.000000    4075544.2447     931857.6885    4801535.7148   -36.6416     4.1101   -32.2559        -0.01          8    21.8166
2024-05-11 13:49:30.000000    4075543.8859     931857.5269    4801535.7545   -37.0004     3.9485   -32.2162        -0.01          8    21.9460
2024-05-11 13:50:0.000000    4075543.5769     931857.3833    4801535.7712   -37.3094     3.8049   -32.1995        -0.01          8    22.0491
2024-05-11 13:50:30.000000    4075543.1905     931857.2571    4801535.8598   -37.6958     3.6787   -32.1109        -0.01          8    22.1214
2024-05-11 13:51:0.000000    4075542.8201     931857.1859    4801535.8215   -38.0662     3.6075   -32.1492        -0.01          8    22.2255
2024-05-11 13:51:30.000000    4075542.3736     931857.0228    4801535.8486   -38.5127     3.4444   -32.1221        -0.01          8    22.3601
2024-05-11 13:52:0.000000    4075542.0782     931856.9161    4801535.8900   -38.8081     3.3377   -32.0807        -0.01          8    22.4655
2024-05-11 13:52:30.000000    4075541.8276     931856.8703    4801536.1302   -39.0587     3.2919   -31.8405        -0.01          8    22.5058
2024-05-11 13:53:0.000000    4075541.5226     931856.8216    4801536.2293   -39.3637     3.2432   -31.7414        -0.01          8    22.5413
2024-05-11 13:53:30.000000    4075541.2116     931856.7286    4801536.2502   -39.6747     3.1502   -31.7205        -0.01          8    22.6628
2024-05-11 13:54:0.000000    4075540.8971     931856.5899    4801536.4493   -39.9892     3.0115   -31.5214        -0.01          8    22.7634
2024-05-11 13:54:30.000000    4075540.6322     931856.5200    4801536.6978   -40.2541     2.9416   -31.2729        -0.01          8    22.8245
2024-05-11 13:55:0.000000    4075540.4975     931856.5058    4801537.0079   -40.3888     2.9274   -30.9628        -0.01          8    22.8541
2024-05-11 13:55:30.000000    4075540.2783     931856.4616    4801537.2493   -40.6080     2.8832   -30.7214        -0.01          8    22.8760
2024-05-11 13:56:0.000000    4075540.0812     931856.3795    4801537.4851   -40.8051     2.8011   -30.4856        -0.01          8    22.9539
2024-05-11 13:56:30.000000    4075539.7995     931856.2346    4801537.9297   -41.0868     2.6562   -30.0410        -0.01          8    23.0216
2024-05-11 13:57:0.000000    4075539.4952     931856.0760    4801538.1989   -41.3911     2.4976   -29.7718        -0.01          8    23.0557
2024-05-11 13:57:30.000000    4075539.2677     931856.0232    4801538.7096   -41.6186     2.4448   -29.2611        -0.01          8    23.0935
2024-05-11 13:58:0.000000    4075539.1818     931856.0125    4801539.2315   -41.7045     2.4341   -28.7392        -0.01          8    23.1575
2024-05-11 13:58:30.000000    4075539.0498     931855.9823    4801539.6558   -41.8365     2.4039   -28.3149        -0.01          8    23.2551
2024-05-11 13:59:0.000000    4075538.8011     931855.9692    4801539.8887   -42.0852     2.3908   -28.0820        -0.01          8    23.3682
2024-05-11 13:59:30.000000    4075538.5492     931855.9465    4801540.3618   -42.3371     2.3681   -27.6089        -0.01          8    23.4761
