GPS Single Point Positioning Results (without Ionosphere Correction (12:00-14:00))
====================================================================================================
Station: WTZR00DEU
Time Window: 12:00-14:00 (UTC)
Approx Position: X=4075580.8863, Y=931853.5784, Z=4801567.9707

Epoch                             X (m)           Y (m)           Z (m)     dX (m)     dY (m)     dZ (m)   Clock (us) Satellites    RMS (m)
----------------------------------------------------------------------------------------------------
2024-05-08 12:00:0.000000    4075583.5938     931866.3838    4801567.1332     2.7075    12.8054    -0.8375         0.14          9    19.2355
2024-05-08 12:00:30.000000    4075584.0521     931866.6492    4801567.4479     3.1658    13.0708    -0.5228         0.14          9    19.3389
2024-05-08 12:01:0.000000    4075584.4507     931866.8308    4801567.8239     3.5644    13.2524    -0.1468         0.14          9    19.4036
2024-05-08 12:01:30.000000    4075584.7935     931866.9752    4801567.9306     3.9072    13.3968    -0.0401         0.14          9    19.4540
2024-05-08 12:02:0.000000    4075585.1456     931867.2696    4801568.1574     4.2593    13.6912     0.1867         0.14          9    19.5427
2024-05-08 12:02:30.000000    4075585.5556     931867.5566    4801568.4906     4.6693    13.9782     0.5199         0.14          9    19.6430
2024-05-08 12:03:0.000000    4075585.9156     931867.7986    4801568.8135     5.0293    14.2202     0.8428         0.15          9    19.7317
2024-05-08 12:03:30.000000    4075586.4248     931868.0612    4801569.2195     5.5385    14.4828     1.2488         0.15          9    19.7934
2024-05-08 12:04:0.000000    4075586.9174     931868.2914    4801569.6395     6.0311    14.7130     1.6688         0.15          9    19.8977
2024-05-08 12:04:30.000000    4075587.4210     931868.5883    4801569.8326     6.5347    15.0099     1.8619         0.15          9    19.9932
2024-05-08 12:05:0.000000    4075587.7923     931868.8637    4801569.9834     6.9060    15.2853     2.0127         0.15          9    20.0815
2024-05-08 12:05:30.000000    4075588.3079     931869.2080    4801570.3817     7.4216    15.6296     2.4110         0.15          9    20.1499
2024-05-08 12:06:0.000000    4075588.8841     931869.5319    4801570.9484     7.9978    15.9535     2.9777         0.16          9    20.2515
2024-05-08 12:06:30.000000    4075589.4302     931869.8959    4801571.4649     8.5439    16.3175     3.4942         0.16          9    20.3879
2024-05-08 12:07:0.000000    4075590.0143     931870.3130    4801571.9687     9.1280    16.7346     3.9980         0.16          9    20.4995
2024-05-08 12:07:30.000000    4075590.3980     931870.6427    4801572.2844     9.5117    17.0643     4.3137         0.16          9    20.5517
2024-05-08 12:08:0.000000    4075590.7443     931870.9696    4801572.6873     9.8580    17.3912     4.7166         0.16          9    20.6231
2024-05-08 12:08:30.000000    4075591.3094     931871.3033    4801573.2771    10.4231    17.7249     5.3064         0.17          9    20.8521
2024-05-08 12:09:0.000000    4075598.7380     931875.3013    4801579.6626    17.8517    21.7229    11.6919         0.20          8    15.0288
2024-05-08 12:09:30.000000    4075599.2272     931875.6210    4801579.9695    18.3409    22.0426    11.9988         0.20          8    14.9721
2024-05-08 12:10:0.000000    4075599.6527     931875.9330    4801580.1173    18.7664    22.3546    12.1466         0.20          8    14.9338
2024-05-08 12:10:30.000000    4075600.2028     931876.2647    4801580.5655    19.3165    22.6863    12.5948         0.20          8    14.9464
2024-05-08 12:11:0.000000    4075600.7146     931876.5601    4801581.0461    19.8283    22.9817    13.0754         0.20          8    15.0167
2024-05-08 12:11:30.000000    4075601.1232     931876.7657    4801581.2052    20.2369    23.1873    13.2345         0.20          8    15.0426
2024-05-08 12:12:0.000000    4075601.5496     931876.9060    4801581.4015    20.6633    23.3276    13.4308         0.21          8    15.0711
2024-05-08 12:12:30.000000    4075602.1824     931877.2088    4801581.8660    21.2961    23.6304    13.8953         0.21          8    15.1223
2024-05-08 12:13:0.000000    4075602.7210     931877.5001    4801582.1981    21.8347    23.9217    14.2274         0.21          8    15.1742
2024-05-08 12:13:30.000000    4075599.9024     931875.3535    4801577.8492    19.0161    21.7751     9.8785         0.20          9    17.1154
2024-05-08 12:14:0.000000    4075600.2647     931875.5380    4801577.9056    19.3784    21.9596     9.9349         0.20          9    17.1445
2024-05-08 12:14:30.000000    4075600.6487     931875.7484    4801578.0219    19.7624    22.1700    10.0512         0.20          9    17.2340
2024-05-08 12:15:0.000000    4075601.0463     931875.9515    4801578.1674    20.1600    22.3731    10.1967         0.20          9    17.3333
2024-05-08 12:15:30.000000    4075601.3688     931876.0528    4801578.4270    20.4825    22.4744    10.4563         0.20          9    17.3583
2024-05-08 12:16:0.000000    4075601.7118     931876.2538    4801578.6678    20.8255    22.6754    10.6971         0.20          9    17.4024
2024-05-08 12:16:30.000000    4075602.0318     931876.4797    4801578.8471    21.1455    22.9013    10.8764         0.20          9    17.4572
2024-05-08 12:17:0.000000    4075602.4418     931876.8481    4801579.0001    21.5555    23.2697    11.0294         0.20          9    17.5057
2024-05-08 12:17:30.000000    4075602.8693     931877.1852    4801579.2305    21.9830    23.6068    11.2598         0.20          9    17.5832
2024-05-08 12:18:0.000000    4075603.2550     931877.4631    4801579.4947    22.3687    23.8847    11.5240         0.21          9    17.6485
2024-05-08 12:18:30.000000    4075603.6479     931877.7571    4801579.7281    22.7616    24.1787    11.7574         0.21          9    17.7729
2024-05-08 12:19:0.000000    4075603.9863     931878.0071    4801579.8749    23.1000    24.4287    11.9042         0.21          9    17.8516
2024-05-08 12:19:30.000000    4075604.3937     931878.2897    4801579.9212    23.5074    24.7113    11.9505         0.21          9    17.9323
2024-05-08 12:20:0.000000    4075604.6411     931878.3568    4801579.8859    23.7548    24.7784    11.9152         0.21          9    18.0218
2024-05-08 12:20:30.000000    4075604.9332     931878.4636    4801579.8163    24.0469    24.8852    11.8456         0.21          9    18.0853
2024-05-08 12:21:0.000000    4075605.2834     931878.6119    4801579.7724    24.3971    25.0335    11.8017         0.21          9    18.1440
2024-05-08 12:21:30.000000    4075605.6570     931878.8398    4801579.7770    24.7707    25.2614    11.8063         0.21          9    18.2843
2024-05-08 12:22:0.000000    4075605.9697     931878.9508    4801579.8738    25.0834    25.3724    11.9031         0.21          9    18.3791
2024-05-08 12:22:30.000000    4075606.2724     931878.9901    4801579.8568    25.3861    25.4117    11.8861         0.21          9    18.4080
2024-05-08 12:23:0.000000    4075606.5349     931879.1313    4801579.8291    25.6486    25.5529    11.8584         0.21          9    18.4706
2024-05-08 12:23:30.000000    4075606.8081     931879.3293    4801579.8032    25.9218    25.7509    11.8325         0.22          9    18.4849
2024-05-08 12:24:0.000000    4075607.0507     931879.5100    4801579.8554    26.1644    25.9316    11.8847         0.22          9    18.5364
2024-05-08 12:24:30.000000    4075607.3853     931879.7335    4801580.0083    26.4990    26.1551    12.0376         0.22          9    18.6161
2024-05-08 12:25:0.000000    4075607.6814     931879.9455    4801580.2437    26.7951    26.3671    12.2730         0.22          9    18.6214
2024-05-08 12:25:30.000000    4075607.9617     931880.2324    4801580.3796    27.0754    26.6540    12.4089         0.22          9    18.6325
2024-05-08 12:26:0.000000    4075608.2095     931880.4292    4801580.2391    27.3232    26.8508    12.2684         0.22          9    18.7129
2024-05-08 12:26:30.000000    4075608.4976     931880.5917    4801580.2482    27.6113    27.0133    12.2775         0.22          9    18.7415
2024-05-08 12:27:0.000000    4075608.7751     931880.7771    4801580.4019    27.8888    27.1987    12.4312         0.22          9    18.7619
2024-05-08 12:27:30.000000    4075608.9583     931880.8359    4801580.4544    28.0720    27.2575    12.4837         0.22          9    18.8022
2024-05-08 12:28:0.000000    4075609.2328     931880.9564    4801580.5182    28.3465    27.3780    12.5475         0.22          9    18.8779
2024-05-08 12:28:30.000000    4075609.5600     931880.9694    4801580.5240    28.6737    27.3910    12.5533         0.22          9    18.9419
2024-05-08 12:29:0.000000    4075609.8979     931881.0356    4801580.4681    29.0116    27.4572    12.4974         0.22          9    18.9955
2024-05-08 12:29:30.000000    4075610.2119     931881.1242    4801580.4892    29.3256    27.5458    12.5185         0.22          9    19.0295
2024-05-08 12:30:0.000000    4075610.4508     931881.2846    4801580.4746    29.5645    27.7062    12.5039         0.22          9    19.1316
2024-05-08 12:30:30.000000    4075610.6004     931881.4566    4801580.4825    29.7141    27.8782    12.5118         0.23          9    19.2201
2024-05-08 12:31:0.000000    4075610.9049     931881.7258    4801580.6403    30.0186    28.1474    12.6696         0.23          9    19.2979
2024-05-08 12:31:30.000000    4075611.2309     931881.9933    4801580.5882    30.3446    28.4149    12.6175         0.23          9    19.3752
2024-05-08 12:32:0.000000    4075611.5070     931882.2808    4801580.5721    30.6207    28.7024    12.6014         0.23          9    19.4156
2024-05-08 12:32:30.000000    4075611.6897     931882.4921    4801580.5589    30.8034    28.9137    12.5882         0.23          9    19.4397
2024-05-08 12:33:0.000000    4075611.9189     931882.6755    4801580.5549    31.0326    29.0971    12.5842         0.23          9    19.4882
2024-05-08 12:33:30.000000    4075612.1170     931882.7924    4801580.4714    31.2307    29.2140    12.5007         0.23          9    19.5640
2024-05-08 12:34:0.000000    4075612.4027     931882.8908    4801580.3060    31.5164    29.3124    12.3353         0.23          9    19.6437
2024-05-08 12:34:30.000000    4075612.7140     931883.0036    4801580.2008    31.8277    29.4252    12.2301         0.23          9    19.7024
2024-05-08 12:35:0.000000    4075612.9999     931883.0477    4801580.0178    32.1136    29.4693    12.0471         0.23          9    19.7586
2024-05-08 12:35:30.000000    4075613.1664     931883.1694    4801579.9994    32.2801    29.5910    12.0287         0.23          9    19.7992
2024-05-08 12:36:0.000000    4075613.3843     931883.2582    4801579.8400    32.4980    29.6798    11.8693         0.23          9    19.8592
2024-05-08 12:36:30.000000    4075613.6540     931883.4621    4801579.8214    32.7677    29.8837    11.8507         0.23          9    19.9446
2024-05-08 12:37:0.000000    4075613.8601     931883.6743    4801579.7887    32.9738    30.0959    11.8180         0.23          9    19.9579
2024-05-08 12:37:30.000000    4075613.9955     931883.8207    4801579.6867    33.1092    30.2423    11.7160         0.23          9    19.9938
2024-05-08 12:38:0.000000    4075614.0853     931884.0667    4801579.6075    33.1990    30.4883    11.6368         0.23          9    20.0242
2024-05-08 12:38:30.000000    4075614.3188     931884.2620    4801579.4509    33.4325    30.6836    11.4802         0.23          9    20.0289
2024-05-08 12:39:0.000000    4075614.4455     931884.4659    4801579.3824    33.5592    30.8875    11.4117         0.23          9    20.0849
2024-05-08 12:39:30.000000    4075614.7459     931884.4813    4801579.0345    33.8596    30.9029    11.0638         0.23          9    20.1385
2024-05-08 12:40:0.000000    4075615.0635     931884.5346    4801578.9711    34.1772    30.9562    11.0004         0.23          9    20.2467
2024-05-08 12:40:30.000000    4075615.4819     931884.6776    4801578.7569    34.5956    31.0992    10.7862         0.23          9    20.2961
2024-05-08 12:41:0.000000    4075615.7207     931884.8400    4801578.5187    34.8344    31.2616    10.5480         0.23          9    20.3897
2024-05-08 12:41:30.000000    4075615.9408     931884.9266    4801578.1533    35.0545    31.3482    10.1826         0.23          9    20.4131
2024-05-08 12:42:0.000000    4075620.8332     931885.1427    4801580.7343    39.9469    31.5643    12.7636         0.25          8    20.6292
2024-05-08 12:42:30.000000    4075621.1083     931885.2676    4801581.0376    40.2220    31.6892    13.0669         0.25          8    20.6790
2024-05-08 12:43:0.000000    4075621.3055     931885.3478    4801580.9700    40.4192    31.7694    12.9993         0.25          8    20.7111
2024-05-08 12:43:30.000000    4075621.3633     931885.4975    4801581.1045    40.4770    31.9191    13.1338         0.25          8    20.7499
2024-05-08 12:44:0.000000    4075621.2832     931885.3298    4801580.3356    40.3969    31.7514    12.3649         0.25          8    20.6285
2024-05-08 12:44:30.000000    4075621.2117     931885.2897    4801580.5858    40.3254    31.7113    12.6151         0.25          8    20.6760
2024-05-08 12:45:0.000000    4075621.5066     931885.2413    4801580.4536    40.6203    31.6629    12.4829         0.25          8    20.6711
2024-05-08 12:45:30.000000    4075622.2373     931885.4140    4801581.7997    41.3510    31.8356    13.8290         0.25          7    22.2036
2024-05-08 12:46:0.000000    4075622.2795     931885.5968    4801581.1581    41.3932    32.0184    13.1874         0.25          7    22.1653
2024-05-08 12:46:30.000000    4075622.3165     931885.7836    4801580.5389    41.4302    32.2052    12.5682         0.25          7    22.1523
2024-05-08 12:47:0.000000    4075622.5495     931885.9249    4801580.5866    41.6632    32.3465    12.6159         0.25          7    22.2787
2024-05-08 12:47:30.000000    4075622.9986     931886.1756    4801580.2389    42.1123    32.5972    12.2682         0.25          7    22.1315
2024-05-08 12:48:0.000000    4075622.9397     931886.2603    4801580.1865    42.0534    32.6819    12.2158         0.25          7    22.1992
2024-05-08 12:48:30.000000    4075623.1372     931886.4096    4801579.7058    42.2509    32.8312    11.7351         0.25          7    22.1398
2024-05-08 12:49:0.000000    4075623.1709     931886.5133    4801579.6120    42.2846    32.9349    11.6413         0.25          7    22.1589
2024-05-08 12:49:30.000000    4075623.2130     931886.6307    4801579.5102    42.3267    33.0523    11.5395         0.25          7    22.0609
2024-05-08 12:50:0.000000    4075622.9921     931886.6047    4801578.9810    42.1058    33.0263    11.0103         0.25          7    22.0381
2024-05-08 12:50:30.000000    4075622.9856     931886.7733    4801578.6172    42.0993    33.1949    10.6465         0.25          7    21.9972
2024-05-08 12:51:0.000000    4075623.1382     931886.9489    4801577.9959    42.2519    33.3705    10.0252         0.25          7    21.9370
2024-05-08 12:51:30.000000    4075623.2917     931887.1686    4801578.0581    42.4054    33.5902    10.0874         0.25          7    21.9459
2024-05-08 12:52:0.000000    4075619.4108     931885.1757    4801572.8279    38.5245    31.5973     4.8572         0.23          8    23.8536
2024-05-08 12:52:30.000000    4075619.2812     931885.1423    4801572.2974    38.3949    31.5639     4.3267         0.23          8    23.7232
2024-05-08 12:53:0.000000    4075619.1230     931885.0067    4801572.1200    38.2367    31.4283     4.1493         0.23          8    23.6089
2024-05-08 12:53:30.000000    4075618.9713     931884.8877    4801571.6784    38.0850    31.3093     3.7077         0.23          8    23.4822
2024-05-08 12:54:0.000000    4075618.8715     931884.9697    4801571.4951    37.9852    31.3913     3.5244         0.22          8    23.4588
2024-05-08 12:54:30.000000    4075618.7378     931885.0372    4801571.0060    37.8515    31.4588     3.0353         0.22          8    23.4303
2024-05-08 12:55:0.000000    4075618.5323     931885.1244    4801570.2430    37.6460    31.5460     2.2723         0.22          8    23.2550
2024-05-08 12:55:30.000000    4075618.2141     931885.0982    4801569.7952    37.3278    31.5198     1.8245         0.22          8    23.1623
2024-05-08 12:56:0.000000    4075617.8759     931885.0623    4801569.2757    36.9896    31.4839     1.3050         0.22          8    23.0516
2024-05-08 12:56:30.000000    4075617.6198     931885.0650    4801568.8996    36.7335    31.4866     0.9289         0.22          8    22.9865
2024-05-08 12:57:0.000000    4075617.4182     931885.1043    4801568.3065    36.5319    31.5259     0.3358         0.22          8    22.8640
2024-05-08 12:57:30.000000    4075617.2395     931885.1860    4801568.0687    36.3532    31.6076     0.0980         0.21          8    22.8438
2024-05-08 12:58:0.000000    4075617.0592     931885.1898    4801567.8013    36.1729    31.6114    -0.1694         0.21          8    22.8133
2024-05-08 12:58:30.000000    4075616.8868     931885.2483    4801567.5717    36.0005    31.6699    -0.3990         0.21          8    22.7640
2024-05-08 12:59:0.000000    4075616.7092     931885.2316    4801567.1694    35.8229    31.6532    -0.8013         0.21          8    22.6963
2024-05-08 12:59:30.000000    4075618.4122     931884.2740    4801570.7466    37.5259    30.6956     2.7759         0.22          9    23.0454
2024-05-08 13:00:0.000000    4075617.9621     931884.0719    4801570.4302    37.0758    30.4935     2.4595         0.22          9    22.8637
2024-05-08 13:00:30.000000    4075616.7261     931883.6105    4801567.9283    35.8398    30.0321    -0.0424         0.22          9    21.4001
2024-05-08 13:01:0.000000    4075616.6216     931883.5634    4801567.8685    35.7353    29.9850    -0.1022         0.21          9    21.4593
2024-05-08 13:01:30.000000    4075616.5056     931883.4831    4801567.6467    35.6193    29.9047    -0.3240         0.21          9    21.4286
2024-05-08 13:02:0.000000    4075616.3725     931883.4473    4801567.3527    35.4862    29.8689    -0.6180         0.21          9    21.3500
2024-05-08 13:02:30.000000    4075616.1574     931883.3317    4801567.4105    35.2711    29.7533    -0.5602         0.21          9    21.2922
2024-05-08 13:03:0.000000    4075615.9448     931883.2029    4801567.1662    35.0585    29.6245    -0.8045         0.21          9    21.2366
2024-05-08 13:03:30.000000    4075615.6782     931883.0335    4801567.1362    34.7919    29.4551    -0.8345         0.21          9    21.2350
2024-05-08 13:04:0.000000    4075615.3606     931882.8942    4801567.0066    34.4743    29.3158    -0.9641         0.21          9    21.1950
2024-05-08 13:04:30.000000    4075615.1066     931882.7622    4801566.5253    34.2203    29.1838    -1.4454         0.21          9    21.1082
2024-05-08 13:05:0.000000    4075618.5255     931881.9736    4801569.1842    37.6392    28.3952     1.2135         0.22          8    20.7441
2024-05-08 13:05:30.000000    4075617.9660     931881.8733    4801568.7667    37.0797    28.2949     0.7960         0.22          8    20.7209
2024-05-08 13:06:0.000000    4075617.4328     931881.7595    4801568.3197    36.5465    28.1811     0.3490         0.22          8    20.7317
2024-05-08 13:06:30.000000    4075616.9430     931881.7179    4801568.1383    36.0567    28.1395     0.1676         0.22          8    20.7664
2024-05-08 13:07:0.000000    4075616.4113     931881.6826    4801567.8076    35.5250    28.1042    -0.1631         0.21          8    20.7908
2024-05-08 13:07:30.000000    4075615.8441     931881.5839    4801567.5461    34.9578    28.0055    -0.4246         0.21          8    20.8297
2024-05-08 13:08:0.000000    4075615.3958     931881.5301    4801567.3203    34.5095    27.9517    -0.6504         0.21          8    20.8466
2024-05-08 13:08:30.000000    4075614.8694     931881.4493    4801566.8510    33.9831    27.8709    -1.1197         0.21          8    20.8305
2024-05-08 13:09:0.000000    4075614.3394     931881.3779    4801566.5145    33.4531    27.7995    -1.4562         0.21          8    20.7885
2024-05-08 13:09:30.000000    4075613.8145     931881.2976    4801566.0589    32.9282    27.7192    -1.9118         0.21          8    20.7426
2024-05-08 13:10:0.000000    4075613.2973     931881.2003    4801565.6434    32.4110    27.6219    -2.3273         0.20          8    20.7193
2024-05-08 13:10:30.000000    4075612.8143     931881.1397    4801565.4466    31.9280    27.5613    -2.5241         0.20          8    20.7108
2024-05-08 13:11:0.000000    4075612.3486     931881.1242    4801565.2919    31.4623    27.5458    -2.6788         0.20          8    20.6532
2024-05-08 13:11:30.000000    4075611.7947     931881.0031    4801565.0697    30.9084    27.4247    -2.9010         0.20          8    20.6542
2024-05-08 13:12:0.000000    4075611.2536     931880.9529    4801564.9664    30.3673    27.3745    -3.0043         0.20          8    20.6617
2024-05-08 13:12:30.000000    4075610.7968     931880.9159    4801564.7165    29.9105    27.3375    -3.2542         0.20          8    20.6509
2024-05-08 13:13:0.000000    4075610.3282     931880.8045    4801564.4945    29.4419    27.2261    -3.4762         0.20          8    20.6156
2024-05-08 13:13:30.000000    4075609.8155     931880.6341    4801564.3715    28.9292    27.0557    -3.5992         0.19          8    20.5790
2024-05-08 13:14:0.000000    4075609.3140     931880.4745    4801564.3052    28.4277    26.8961    -3.6655         0.19          8    20.5407
2024-05-08 13:14:30.000000    4075608.8650     931880.3553    4801564.1978    27.9787    26.7769    -3.7729         0.19          8    20.5306
2024-05-08 13:15:0.000000    4075608.4187     931880.2579    4801564.1509    27.5324    26.6795    -3.8198         0.19          8    20.5396
2024-05-08 13:15:30.000000    4075607.7567     931880.0192    4801563.9231    26.8704    26.4408    -4.0476         0.19          8    20.5329
2024-05-08 13:16:0.000000    4075607.0429     931879.7702    4801563.5792    26.1566    26.1918    -4.3915         0.19          8    20.4652
2024-05-08 13:16:30.000000    4075606.3616     931879.5074    4801563.3330    25.4753    25.9290    -4.6377         0.19          8    20.3744
2024-05-08 13:17:0.000000    4075605.6726     931879.2510    4801563.0324    24.7863    25.6726    -4.9383         0.18          8    20.3197
2024-05-08 13:17:30.000000    4075604.9608     931879.0553    4801562.6110    24.0745    25.4769    -5.3597         0.18          8    20.2901
2024-05-08 13:18:0.000000    4075604.3349     931878.8950    4801562.5208    23.4486    25.3166    -5.4499         0.18          8    20.3287
2024-05-08 13:18:30.000000    4075603.7209     931878.7744    4801562.4800    22.8346    25.1960    -5.4907         0.18          8    20.3344
2024-05-08 13:19:0.000000    4075603.1481     931878.6040    4801562.2722    22.2618    25.0256    -5.6985         0.18          8    20.3462
2024-05-08 13:19:30.000000    4075602.4776     931878.3582    4801562.0925    21.5913    24.7798    -5.8782         0.17          8    20.3392
2024-05-08 13:20:0.000000    4075601.8105     931878.1944    4801561.9768    20.9242    24.6160    -5.9939         0.17          8    20.3128
2024-05-08 13:20:30.000000    4075601.1963     931878.0314    4801561.8635    20.3100    24.4530    -6.1072         0.17          8    20.2857
2024-05-08 13:21:0.000000    4075600.6449     931877.9338    4801561.7754    19.7586    24.3554    -6.1953         0.17          8    20.2574
2024-05-08 13:21:30.000000    4075599.9445     931877.7653    4801561.5495    19.0582    24.1869    -6.4212         0.17          8    20.2585
2024-05-08 13:22:0.000000    4075599.1697     931877.6055    4801561.2522    18.2834    24.0271    -6.7185         0.17          8    20.2553
2024-05-08 13:22:30.000000    4075598.4412     931877.5078    4801561.0670    17.5549    23.9294    -6.9037         0.17          8    20.2249
2024-05-08 13:23:0.000000    4075597.8463     931877.3679    4801561.0078    16.9600    23.7895    -6.9629         0.16          8    20.1668
2024-05-08 13:23:30.000000    4075597.2654     931877.2206    4801560.9214    16.3791    23.6422    -7.0493         0.16          8    20.1527
2024-05-08 13:24:0.000000    4075596.5476     931876.9305    4801560.8094    15.6613    23.3521    -7.1613         0.16          8    20.1539
2024-05-08 13:24:30.000000    4075595.9521     931876.7980    4801560.8410    15.0658    23.2196    -7.1297         0.16          8    20.1124
2024-05-08 13:25:0.000000    4075595.3422     931876.6502    4801560.8339    14.4559    23.0718    -7.1368         0.16          8    20.0877
2024-05-08 13:25:30.000000    4075594.5968     931876.3969    4801560.6726    13.7105    22.8185    -7.2981         0.16          8    20.0837
2024-05-08 13:26:0.000000    4075593.8253     931876.1211    4801560.4766    12.9390    22.5427    -7.4941         0.16          8    20.0414
2024-05-08 13:26:30.000000    4075593.1864     931875.9115    4801560.3512    12.3001    22.3331    -7.6195         0.15          8    19.9606
2024-05-08 13:27:0.000000    4075592.4139     931875.6470    4801560.2064    11.5276    22.0686    -7.7643         0.15          8    19.8642
2024-05-08 13:27:30.000000    4075591.6487     931875.3784    4801560.0369    10.7624    21.8000    -7.9338         0.15          8    19.8301
2024-05-08 13:28:0.000000    4075590.9788     931875.1896    4801559.9080    10.0925    21.6112    -8.0627         0.15          8    19.8340
2024-05-08 13:28:30.000000    4075590.2877     931875.0134    4801559.6739     9.4014    21.4350    -8.2968         0.15          8    19.8487
2024-05-08 13:29:0.000000    4075589.6011     931874.7880    4801559.5869     8.7148    21.2096    -8.3838         0.15          8    19.8649
2024-05-08 13:29:30.000000    4075588.9039     931874.5169    4801559.5588     8.0176    20.9385    -8.4119         0.14          8    19.8999
2024-05-08 13:30:0.000000    4075588.2893     931874.2750    4801559.7317     7.4030    20.6966    -8.2390         0.14          8    19.8378
2024-05-08 13:30:30.000000    4075587.5256     931873.9807    4801559.8488     6.6393    20.4023    -8.1219         0.14          8    19.7933
2024-05-08 13:31:0.000000    4075586.7370     931873.6278    4801559.7385     5.8507    20.0494    -8.2322         0.14          8    19.8028
2024-05-08 13:31:30.000000    4075586.0515     931873.4341    4801559.7011     5.1652    19.8557    -8.2696         0.14          8    19.8252
2024-05-08 13:32:0.000000    4075585.3320     931873.3029    4801559.6136     4.4457    19.7245    -8.3571         0.14          8    19.8262
2024-05-08 13:32:30.000000    4075584.4945     931873.0519    4801559.3525     3.6082    19.4735    -8.6182         0.14          8    19.8226
2024-05-08 13:33:0.000000    4075583.6221     931872.7212    4801559.0473     2.7358    19.1428    -8.9234         0.13          8    19.8138
2024-05-08 13:33:30.000000    4075583.0524     931872.5390    4801558.9295     2.1661    18.9606    -9.0412         0.13          8    19.7433
2024-05-08 13:34:0.000000    4075582.5321     931872.3591    4801558.9090     1.6458    18.7807    -9.0617         0.13          8    19.7215
2024-05-08 13:34:30.000000    4075581.8036     931872.1430    4801558.6955     0.9173    18.5646    -9.2752         0.13          8    19.7423
2024-05-08 13:35:0.000000    4075581.0097     931871.9550    4801558.4631     0.1234    18.3766    -9.5076         0.13          8    19.7885
2024-05-08 13:35:30.000000    4075580.2494     931871.8143    4801558.3408    -0.6369    18.2359    -9.6299         0.13          8    19.8589
2024-05-08 13:36:0.000000    4075579.5176     931871.6204    4801558.2484    -1.3687    18.0420    -9.7223         0.12          8    19.8848
2024-05-08 13:36:30.000000    4075578.9335     931871.3586    4801558.3294    -1.9528    17.7802    -9.6413         0.12          8    19.8630
2024-05-08 13:37:0.000000    4075578.3959     931871.1595    4801558.5687    -2.4904    17.5811    -9.4020         0.12          8    19.8315
2024-05-08 13:37:30.000000    4075577.6873     931870.8804    4801558.6085    -3.1990    17.3020    -9.3622         0.12          8    19.8565
2024-05-08 13:38:0.000000    4075576.8081     931870.4790    4801558.4686    -4.0782    16.9006    -9.5021         0.12          8    19.9219
2024-05-08 13:38:30.000000    4075576.1373     931870.2584    4801558.3692    -4.7490    16.6800    -9.6015         0.12          8    19.9323
2024-05-08 13:39:0.000000    4075575.6170     931870.1480    4801558.4377    -5.2693    16.5696    -9.5330         0.12          8    19.9219
2024-05-08 13:39:30.000000    4075574.8434     931869.9459    4801558.2323    -6.0429    16.3675    -9.7384         0.11          8    19.9669
2024-05-08 13:40:0.000000    4075573.9263     931869.5906    4801557.9592    -6.9600    16.0122   -10.0115         0.11          8    20.0172
2024-05-08 13:40:30.000000    4075573.1887     931869.3187    4801557.8674    -7.6976    15.7403   -10.1033         0.11          8    20.0561
2024-05-08 13:41:0.000000    4075572.4713     931869.0929    4801557.8157    -8.4150    15.5145   -10.1550         0.11          8    20.0642
2024-05-08 13:41:30.000000    4075571.9191     931868.9058    4801557.8869    -8.9672    15.3274   -10.0838         0.11          8    20.0856
2024-05-08 13:42:0.000000    4075571.1665     931868.5816    4801557.8941    -9.7198    15.0032   -10.0766         0.11          8    20.1294
2024-05-08 13:42:30.000000    4075570.3488     931868.2713    4801557.8148   -10.5375    14.6929   -10.1559         0.11          8    20.1900
2024-05-08 13:43:0.000000    4075569.5376     931867.9687    4801557.8178   -11.3487    14.3903   -10.1529         0.10          8    20.2165
2024-05-08 13:43:30.000000    4075568.7984     931867.7057    4801557.6924   -12.0879    14.1273   -10.2783         0.10          8    20.2453
2024-05-08 13:44:0.000000    4075568.0609     931867.4812    4801557.5202   -12.8254    13.9028   -10.4505         0.10          8    20.2605
2024-05-08 13:44:30.000000    4075567.4654     931867.2607    4801557.3817   -13.4209    13.6823   -10.5890         0.10          8    20.2989
2024-05-08 13:45:0.000000    4075566.9566     931867.0239    4801557.2006   -13.9297    13.4455   -10.7701         0.10          8    20.3281
2024-05-08 13:45:30.000000    4075566.1461     931866.6765    4801557.1158   -14.7402    13.0981   -10.8549         0.10          8    20.3662
2024-05-08 13:46:0.000000    4075565.3361     931866.4411    4801557.1168   -15.5502    12.8627   -10.8539         0.09          8    20.4079
2024-05-08 13:46:30.000000    4075564.7862     931866.3262    4801557.1118   -16.1001    12.7478   -10.8589         0.09          8    20.4994
2024-05-08 13:47:0.000000    4075564.1376     931866.1430    4801556.9687   -16.7487    12.5646   -11.0020         0.09          8    20.5812
2024-05-08 13:47:30.000000    4075563.5184     931865.9572    4801556.9128   -17.3679    12.3788   -11.0579         0.09          8    20.6630
2024-05-08 13:48:0.000000    4075563.0121     931865.7792    4801556.7360   -17.8742    12.2008   -11.2347         0.09          8    20.7907
2024-05-08 13:48:30.000000    4075562.3167     931865.5451    4801556.5263   -18.5696    11.9667   -11.4444         0.09          8    20.9435
2024-05-08 13:49:0.000000    4075561.5729     931865.2713    4801556.2350   -19.3134    11.6929   -11.7357         0.09          8    21.0388
2024-05-08 13:49:30.000000    4075560.8984     931864.9997    4801556.1343   -19.9879    11.4213   -11.8364         0.08          8    21.1218
2024-05-08 13:50:0.000000    4075560.1883     931864.7418    4801556.1014   -20.6980    11.1634   -11.8693         0.08          8    21.1963
2024-05-08 13:50:30.000000    4075559.4771     931864.5019    4801556.0741   -21.4092    10.9235   -11.8966         0.08          8    21.2815
2024-05-08 13:51:0.000000    4075558.8041     931864.2475    4801555.9374   -22.0822    10.6691   -12.0333         0.08          8    21.3753
2024-05-08 13:51:30.000000    4075558.1019     931863.9897    4801555.7663   -22.7844    10.4113   -12.2044         0.08          8    21.5031
2024-05-08 13:52:0.000000    4075557.4498     931863.8064    4801555.5823   -23.4365    10.2280   -12.3884         0.08          8    21.6239
2024-05-08 13:52:30.000000    4075556.7262     931863.6072    4801555.5595   -24.1601    10.0288   -12.4112         0.07          8    21.7019
2024-05-08 13:53:0.000000    4075556.0738     931863.4534    4801555.5507   -24.8125     9.8750   -12.4200         0.07          8    21.8003
2024-05-08 13:53:30.000000    4075555.5023     931863.2788    4801555.6525   -25.3840     9.7004   -12.3182         0.07          8    21.8710
2024-05-08 13:54:0.000000    4075555.0298     931863.1672    4801555.6847   -25.8565     9.5888   -12.2860         0.07          8    21.9899
2024-05-08 13:54:30.000000    4075552.5209     931861.7371    4801548.1507   -28.3654     8.1587   -19.8200         0.05          7    21.0908
2024-05-08 13:55:0.000000    4075556.0415     931863.0824    4801550.8445   -24.8448     9.5040   -17.1262         0.06          8    21.5221
2024-05-08 13:55:30.000000    4075555.5351     931863.0142    4801550.9355   -25.3512     9.4358   -17.0352         0.06          8    21.5895
2024-05-08 13:56:0.000000    4075554.9794     931862.8455    4801550.6987   -25.9069     9.2671   -17.2720         0.06          8    21.6924
2024-05-08 13:56:30.000000    4075554.5105     931862.5984    4801550.5973   -26.3758     9.0200   -17.3734         0.06          8    21.8165
2024-05-08 13:57:0.000000    4075554.1225     931862.3745    4801550.7687   -26.7638     8.7961   -17.2020         0.06          8    21.9265
2024-05-08 13:57:30.000000    4075553.9306     931862.2738    4801551.2269   -26.9557     8.6954   -16.7438         0.06          8    22.0111
2024-05-08 13:58:0.000000    4075553.6977     931862.1630    4801551.6761   -27.1886     8.5846   -16.2946         0.06          8    22.1097
2024-05-08 13:58:30.000000    4075553.3418     931862.0471    4801551.7484   -27.5445     8.4687   -16.2223         0.06          8    22.2216
2024-05-08 13:59:0.000000    4075552.9375     931861.9224    4801551.8098   -27.9488     8.3440   -16.1609         0.06          8    22.3384
2024-05-08 13:59:30.000000    4075552.5687     931861.8300    4801552.0753   -28.3176     8.2516   -15.8954         0.06          8    22.4752
