GPS Single Point Positioning Results (with Klobuchar Ionosphere Model (12:00-14:00))
====================================================================================================
Station: WTZR00DEU
Time Window: 12:00-14:00 (UTC)
Approx Position: X=4075580.8863, Y=931853.5784, Z=4801567.9707
GPS Week: 2313

Epoch                             X (m)           Y (m)           Z (m)     dX (m)     dY (m)     dZ (m)   Clock (us) Satellites    RMS (m)
----------------------------------------------------------------------------------------------------
2024-05-08 12:00:0.000000    4075576.3285     931864.9080    4801557.8190    -4.5578    11.3296   -10.1517         0.08          9    19.1213
2024-05-08 12:00:30.000000    4075576.7812     931865.1737    4801558.1298    -4.1051    11.5953    -9.8409         0.08          9    19.2300
2024-05-08 12:01:0.000000    4075577.1742     931865.3557    4801558.5017    -3.7121    11.7773    -9.4690         0.08          9    19.2989
2024-05-08 12:01:30.000000    4075577.5114     931865.5005    4801558.6042    -3.3749    11.9221    -9.3665         0.08          9    19.3523
2024-05-08 12:02:0.000000    4075577.8577     931865.7954    4801558.8266    -3.0286    12.2170    -9.1441         0.08          9    19.4456
2024-05-08 12:02:30.000000    4075578.2620     931866.0829    4801559.1552    -2.6243    12.5045    -8.8155         0.08          9    19.5497
2024-05-08 12:03:0.000000    4075578.6162     931866.3255    4801559.4734    -2.2701    12.7471    -8.4973         0.09          9    19.6440
2024-05-08 12:03:30.000000    4075579.1196     931866.5886    4801559.8745    -1.7667    13.0102    -8.0962         0.09          9    19.7103
2024-05-08 12:04:0.000000    4075579.6064     931866.8195    4801560.2894    -1.2799    13.2411    -7.6813         0.09          9    19.8196
2024-05-08 12:04:30.000000    4075580.1041     931867.1171    4801560.4774    -0.7822    13.5387    -7.4933         0.09          9    19.9188
2024-05-08 12:05:0.000000    4075580.4696     931867.3932    4801560.6228    -0.4167    13.8148    -7.3479         0.09          9    20.0111
2024-05-08 12:05:30.000000    4075580.9794     931867.7382    4801561.0158     0.0931    14.1598    -6.9549         0.09          9    20.0838
2024-05-08 12:06:0.000000    4075581.5498     931868.0630    4801561.5769     0.6635    14.4846    -6.3938         0.10          9    20.1900
2024-05-08 12:06:30.000000    4075582.0902     931868.4278    4801562.0876     1.2039    14.8494    -5.8831         0.10          9    20.3321
2024-05-08 12:07:0.000000    4075582.6685     931868.8458    4801562.5856     1.7822    15.2674    -5.3851         0.10          9    20.4485
2024-05-08 12:07:30.000000    4075583.0465     931869.1765    4801562.8955     2.1602    15.5981    -5.0752         0.10          9    20.5054
2024-05-08 12:08:0.000000    4075583.3871     931869.5044    4801563.2923     2.5008    15.9260    -4.6784         0.10          9    20.5815
2024-05-08 12:08:30.000000    4075583.9467     931869.8392    4801563.8760     3.0604    16.2608    -4.0947         0.11          9    20.8161
2024-05-08 12:09:0.000000    4075591.2532     931873.7759    4801570.1572    10.3669    20.1975     2.1865         0.13          8    15.3369
2024-05-08 12:09:30.000000    4075591.7380     931874.0971    4801570.4587    10.8517    20.5187     2.4880         0.14          8    15.2903
2024-05-08 12:10:0.000000    4075592.1593     931874.4108    4801570.6012    11.2730    20.8324     2.6305         0.14          8    15.2619
2024-05-08 12:10:30.000000    4075592.7052     931874.7442    4801571.0438    11.8189    21.1658     3.0731         0.14          8    15.2852
2024-05-08 12:11:0.000000    4075593.2129     931875.0414    4801571.5189    12.3266    21.4630     3.5482         0.14          8    15.3665
2024-05-08 12:11:30.000000    4075593.6175     931875.2489    4801571.6724    12.7312    21.6705     3.7017         0.14          8    15.4030
2024-05-08 12:12:0.000000    4075594.0401     931875.3911    4801571.8631    13.1538    21.8127     3.8924         0.14          8    15.4410
2024-05-08 12:12:30.000000    4075594.6691     931875.6959    4801572.3219    13.7828    22.1175     4.3512         0.15          8    15.5016
2024-05-08 12:13:0.000000    4075595.2041     931875.9893    4801572.6483    14.3178    22.4109     4.6776         0.15          8    15.5632
2024-05-08 12:13:30.000000    4075592.1892     931873.7033    4801568.0170    11.3029    20.1249     0.0463         0.13          9    17.7244
2024-05-08 12:14:0.000000    4075592.5471     931873.8884    4801568.0660    11.6608    20.3100     0.0953         0.13          9    17.7518
2024-05-08 12:14:30.000000    4075592.9268     931874.0996    4801568.1750    12.0405    20.5212     0.2043         0.13          9    17.8414
2024-05-08 12:15:0.000000    4075593.3205     931874.3037    4801568.3134    12.4342    20.7253     0.3427         0.14          9    17.9410
2024-05-08 12:15:30.000000    4075593.6394     931874.4063    4801568.5661    12.7531    20.8279     0.5954         0.14          9    17.9653
2024-05-08 12:16:0.000000    4075593.9791     931874.6086    4801568.8002    13.0928    21.0302     0.8295         0.14          9    18.0084
2024-05-08 12:16:30.000000    4075594.2962     931874.8361    4801568.9730    13.4099    21.2577     1.0023         0.14          9    18.0646
2024-05-08 12:17:0.000000    4075594.7035     931875.2061    4801569.1197    13.8172    21.6277     1.1490         0.14          9    18.1135
2024-05-08 12:17:30.000000    4075595.1287     931875.5450    4801569.3440    14.2424    21.9666     1.3733         0.14          9    18.1904
2024-05-08 12:18:0.000000    4075595.5123     931875.8250    4801569.6023    14.6260    22.2466     1.6316         0.14          9    18.2550
2024-05-08 12:18:30.000000    4075595.9035     931876.1212    4801569.8300    15.0172    22.5428     1.8593         0.14          9    18.3792
2024-05-08 12:19:0.000000    4075596.2405     931876.3735    4801569.9713    15.3542    22.7951     2.0006         0.14          9    18.4575
2024-05-08 12:19:30.000000    4075596.6468     931876.6586    4801570.0123    15.7605    23.0802     2.0416         0.15          9    18.5367
2024-05-08 12:20:0.000000    4075596.8934     931876.7284    4801569.9719    16.0071    23.1500     2.0012         0.15          9    18.6248
2024-05-08 12:20:30.000000    4075597.1851     931876.8380    4801569.8973    16.2988    23.2596     1.9266         0.15          9    18.6849
2024-05-08 12:21:0.000000    4075597.5352     931876.9893    4801569.8487    16.6489    23.4109     1.8780         0.15          9    18.7416
2024-05-08 12:21:30.000000    4075597.9091     931877.2204    4801569.8487    17.0228    23.6420     1.8780         0.15          9    18.8809
2024-05-08 12:22:0.000000    4075598.2223     931877.3346    4801569.9412    17.3360    23.7562     1.9705         0.15          9    18.9741
2024-05-08 12:22:30.000000    4075598.5258     931877.3774    4801569.9200    17.6395    23.7990     1.9493         0.15          9    18.9999
2024-05-08 12:23:0.000000    4075598.7896     931877.5222    4801569.8884    17.9033    23.9438     1.9177         0.15          9    19.0600
2024-05-08 12:23:30.000000    4075599.0644     931877.7239    4801569.8586    18.1781    24.1455     1.8879         0.15          9    19.0723
2024-05-08 12:24:0.000000    4075599.3088     931877.9085    4801569.9073    18.4225    24.3301     1.9366         0.15          9    19.1236
2024-05-08 12:24:30.000000    4075599.6456     931878.1359    4801570.0568    18.7593    24.5575     2.0861         0.15          9    19.2022
2024-05-08 12:25:0.000000    4075599.9443     931878.3521    4801570.2889    19.0580    24.7737     2.3182         0.15          9    19.2070
2024-05-08 12:25:30.000000    4075600.2275     931878.6433    4801570.4217    19.3412    25.0649     2.4510         0.16          9    19.2184
2024-05-08 12:26:0.000000    4075600.4785     931878.8445    4801570.2783    19.5922    25.2661     2.3076         0.16          9    19.2987
2024-05-08 12:26:30.000000    4075600.7702     931879.0115    4801570.2848    19.8839    25.4331     2.3141         0.16          9    19.3271
2024-05-08 12:27:0.000000    4075601.0516     931879.2016    4801570.4360    20.1653    25.6232     2.4653         0.16          9    19.3467
2024-05-08 12:27:30.000000    4075601.2389     931879.2651    4801570.4861    20.3526    25.6867     2.5154         0.16          9    19.3870
2024-05-08 12:28:0.000000    4075601.5181     931879.3905    4801570.5478    20.6318    25.8121     2.5771         0.16          9    19.4620
2024-05-08 12:28:30.000000    4075601.8501     931879.4085    4801570.5516    20.9638    25.8301     2.5809         0.16          9    19.5242
2024-05-08 12:29:0.000000    4075602.1933     931879.4797    4801570.4938    21.3070    25.9013     2.5231         0.16          9    19.5772
2024-05-08 12:29:30.000000    4075602.5128     931879.5735    4801570.5133    21.6265    25.9951     2.5426         0.16          9    19.6110
2024-05-08 12:30:0.000000    4075602.7576     931879.7392    4801570.4973    21.8713    26.1608     2.5266         0.16          9    19.7133
2024-05-08 12:30:30.000000    4075602.9134     931879.9166    4801570.5038    22.0271    26.3382     2.5331         0.16          9    19.8008
2024-05-08 12:31:0.000000    4075603.2244     931880.1912    4801570.6605    22.3381    26.6128     2.6898         0.16          9    19.8775
2024-05-08 12:31:30.000000    4075603.5573     931880.4642    4801570.6075    22.6710    26.8858     2.6368         0.16          9    19.9522
2024-05-08 12:32:0.000000    4075603.8407     931880.7574    4801570.5906    22.9544    27.1790     2.6199         0.16          9    19.9925
2024-05-08 12:32:30.000000    4075604.0309     931880.9743    4801570.5768    23.1446    27.3959     2.6061         0.16          9    20.0163
2024-05-08 12:33:0.000000    4075604.2680     931881.1635    4801570.5723    23.3817    27.5851     2.6016         0.16          9    20.0674
2024-05-08 12:33:30.000000    4075604.4742     931881.2862    4801570.4886    23.5879    27.7078     2.5179         0.16          9    20.1446
2024-05-08 12:34:0.000000    4075604.7684     931881.3905    4801570.3230    23.8821    27.8121     2.3523         0.17          9    20.2242
2024-05-08 12:34:30.000000    4075605.0885     931881.5092    4801570.2179    24.2022    27.9308     2.2472         0.17          9    20.2831
2024-05-08 12:35:0.000000    4075605.3836     931881.5593    4801570.0352    24.4973    27.9809     2.0645         0.17          9    20.3391
2024-05-08 12:35:30.000000    4075605.5596     931881.6870    4801570.0171    24.6733    28.1086     2.0464         0.17          9    20.3811
2024-05-08 12:36:0.000000    4075605.7873     931881.7818    4801569.8583    24.9010    28.2034     1.8876         0.17          9    20.4374
2024-05-08 12:36:30.000000    4075606.0671     931881.9919    4801569.8405    25.1808    28.4135     1.8698         0.17          9    20.5214
2024-05-08 12:37:0.000000    4075606.2837     931882.2102    4801569.8087    25.3974    28.6318     1.8380         0.17          9    20.5357
2024-05-08 12:37:30.000000    4075606.4298     931882.3627    4801569.7078    25.5435    28.7843     1.7371         0.17          9    20.5733
2024-05-08 12:38:0.000000    4075606.5307     931882.6148    4801569.6300    25.6444    29.0364     1.6593         0.17          9    20.6047
2024-05-08 12:38:30.000000    4075606.7756     931882.8164    4801569.4749    25.8893    29.2380     1.5042         0.17          9    20.6089
2024-05-08 12:39:0.000000    4075606.9140     931883.0264    4801569.4080    26.0277    29.4480     1.4373         0.17          9    20.6652
2024-05-08 12:39:30.000000    4075607.2264     931883.0480    4801569.0620    26.3401    29.4696     1.0913         0.17          9    20.7138
2024-05-08 12:40:0.000000    4075607.5563     931883.1075    4801569.0007    26.6700    29.5291     1.0300         0.17          9    20.8231
2024-05-08 12:40:30.000000    4075607.9874     931883.2567    4801568.7889    27.1011    29.6783     0.8182         0.17          9    20.8722
2024-05-08 12:41:0.000000    4075608.2393     931883.4252    4801568.5532    27.3530    29.8468     0.5825         0.17          9    20.9643
2024-05-08 12:41:30.000000    4075608.4728     931883.5180    4801568.1906    27.5865    29.9396     0.2199         0.17          9    20.9810
2024-05-08 12:42:0.000000    4075613.4933     931883.7445    4801570.8376    32.6070    30.1661     2.8669         0.18          8    21.2407
2024-05-08 12:42:30.000000    4075613.7824     931883.8755    4801571.1441    32.8961    30.2971     3.1734         0.19          8    21.2985
2024-05-08 12:43:0.000000    4075613.9941     931883.9618    4801571.0800    33.1078    30.3834     3.1093         0.19          8    21.3310
2024-05-08 12:43:30.000000    4075614.0667     931884.1175    4801571.2184    33.1804    30.5391     3.2477         0.19          8    21.3789
2024-05-08 12:44:0.000000    4075614.0018     931883.9559    4801570.4537    33.1155    30.3775     2.4830         0.19          8    21.2418
2024-05-08 12:44:30.000000    4075613.9458     931883.9218    4801570.7084    33.0595    30.3434     2.7377         0.19          8    21.3020
2024-05-08 12:45:0.000000    4075614.2566     931883.8794    4801570.5809    33.3703    30.3010     2.6102         0.19          8    21.2979
2024-05-08 12:45:30.000000    4075615.3192     931884.0513    4801572.7601    34.4329    30.4729     4.7894         0.19          7    22.8032
2024-05-08 12:46:0.000000    4075615.3718     931884.2388    4801572.1071    34.4855    30.6604     4.1364         0.19          7    22.7634
2024-05-08 12:46:30.000000    4075615.4192     931884.4303    4801571.4762    34.5329    30.8519     3.5055         0.19          7    22.7488
2024-05-08 12:47:0.000000    4075615.6626     931884.5763    4801571.5119    34.7763    30.9979     3.5412         0.19          7    22.8740
2024-05-08 12:47:30.000000    4075616.1219     931884.8317    4801571.1519    35.2356    31.2533     3.1812         0.19          7    22.7284
2024-05-08 12:48:0.000000    4075616.0732     931884.9211    4801571.0868    35.1869    31.3427     3.1161         0.19          7    22.7936
2024-05-08 12:48:30.000000    4075616.2809     931885.0751    4801570.5933    35.3946    31.4967     2.6226         0.19          7    22.7337
2024-05-08 12:49:0.000000    4075616.3247     931885.1835    4801570.4864    35.4384    31.6051     2.5157         0.19          7    22.7506
2024-05-08 12:49:30.000000    4075616.3769     931885.3055    4801570.3712    35.4906    31.7271     2.4005         0.19          7    22.6525
2024-05-08 12:50:0.000000    4075616.1661     931885.2842    4801569.8285    35.2798    31.7058     1.8578         0.19          7    22.6276
2024-05-08 12:50:30.000000    4075616.1696     931885.4574    4801569.4510    35.2833    31.8790     1.4803         0.19          7    22.5853
2024-05-08 12:51:0.000000    4075616.3322     931885.6376    4801568.8158    35.4459    32.0592     0.8451         0.19          7    22.5252
2024-05-08 12:51:30.000000    4075616.4956     931885.8619    4801568.8639    35.6093    32.2835     0.8932         0.19          7    22.5335
2024-05-08 12:52:0.000000    4075612.4245     931883.7653    4801563.3671    31.5382    30.1869    -4.6036         0.17          8    24.6664
2024-05-08 12:52:30.000000    4075612.3025     931883.7349    4801562.8202    31.4162    30.1565    -5.1505         0.17          8    24.5266
2024-05-08 12:53:0.000000    4075612.1522     931883.6023    4801562.6265    31.2659    30.0239    -5.3442         0.17          8    24.4042
2024-05-08 12:53:30.000000    4075612.0082     931883.4862    4801562.1685    31.1219    29.9078    -5.8022         0.16          8    24.2673
2024-05-08 12:54:0.000000    4075611.9162     931883.5712    4801561.9690    31.0299    29.9928    -6.0017         0.16          8    24.2344
2024-05-08 12:54:30.000000    4075611.7904     931883.6417    4801561.4636    30.9041    30.0633    -6.5071         0.16          8    24.1947
2024-05-08 12:55:0.000000    4075611.5927     931883.7318    4801560.6845    30.7064    30.1534    -7.2862         0.16          8    24.0078
2024-05-08 12:55:30.000000    4075611.2825     931883.7085    4801560.2206    30.3962    30.1301    -7.7501         0.16          8    23.9029
2024-05-08 12:56:0.000000    4075610.9522     931883.6755    4801559.6850    30.0659    30.0971    -8.2857         0.16          8    23.7808
2024-05-08 12:56:30.000000    4075610.7041     931883.6811    4801559.2929    29.8178    30.1027    -8.6778         0.16          8    23.7059
2024-05-08 12:57:0.000000    4075610.5104     931883.7233    4801558.6838    29.6241    30.1449    -9.2869         0.15          8    23.5733
2024-05-08 12:57:30.000000    4075610.3396     931883.8078    4801558.4303    29.4533    30.2294    -9.5404         0.15          8    23.5434
2024-05-08 12:58:0.000000    4075610.1671     931883.8143    4801558.1470    29.2808    30.2359    -9.8237         0.15          8    23.5016
2024-05-08 12:58:30.000000    4075610.0025     931883.8756    4801557.9017    29.1162    30.2972   -10.0690         0.15          8    23.4432
2024-05-08 12:59:0.000000    4075609.8327     931883.8616    4801557.4839    28.9464    30.2832   -10.4868         0.15          8    23.3661
2024-05-08 12:59:30.000000    4075611.2167     931883.0518    4801560.3868    30.3304    29.4734    -7.5839         0.16          9    23.2390
2024-05-08 13:00:0.000000    4075610.7732     931882.8547    4801560.0499    29.8869    29.2763    -7.9208         0.16          9    23.0769
2024-05-08 13:00:30.000000    4075609.5439     931882.3982    4801557.5282    28.6576    28.8198   -10.4425         0.15          9    21.5186
2024-05-08 13:01:0.000000    4075609.4464     931882.3556    4801557.4491    28.5601    28.7772   -10.5216         0.15          9    21.5823
2024-05-08 13:01:30.000000    4075609.3374     931882.2798    4801557.2086    28.4511    28.7014   -10.7621         0.15          9    21.5542
2024-05-08 13:02:0.000000    4075609.2115     931882.2482    4801556.8965    28.3252    28.6698   -11.0742         0.15          9    21.4768
2024-05-08 13:02:30.000000    4075609.0038     931882.1366    4801556.9368    28.1175    28.5582   -11.0339         0.15          9    21.4243
2024-05-08 13:03:0.000000    4075608.7985     931882.0117    4801556.6755    27.9122    28.4333   -11.2952         0.15          9    21.3673
2024-05-08 13:03:30.000000    4075608.5395     931881.8458    4801556.6291    27.6532    28.2674   -11.3416         0.15          9    21.3692
2024-05-08 13:04:0.000000    4075608.2294     931881.7099    4801556.4836    27.3431    28.1315   -11.4871         0.15          9    21.3353
2024-05-08 13:04:30.000000    4075607.9832     931881.5810    4801555.9871    27.0969    28.0026   -11.9836         0.14          9    21.2471
2024-05-08 13:05:0.000000    4075611.7703     931880.7373    4801558.8955    30.8840    27.1589    -9.0752         0.16          8    20.6585
2024-05-08 13:05:30.000000    4075611.2091     931880.6415    4801558.4567    30.3228    27.0631    -9.5140         0.16          8    20.6265
2024-05-08 13:06:0.000000    4075610.6742     931880.5320    4801557.9891    29.7879    26.9536    -9.9816         0.15          8    20.6273
2024-05-08 13:06:30.000000    4075610.1827     931880.4944    4801557.7876    29.2964    26.9160   -10.1831         0.15          8    20.6556
2024-05-08 13:07:0.000000    4075609.6495     931880.4627    4801557.4376    28.7632    26.8843   -10.5331         0.15          8    20.6744
2024-05-08 13:07:30.000000    4075609.0807     931880.3676    4801557.1573    28.1944    26.7892   -10.8134         0.15          8    20.7099
2024-05-08 13:08:0.000000    4075608.6308     931880.3170    4801556.9134    27.7445    26.7386   -11.0573         0.15          8    20.7241
2024-05-08 13:08:30.000000    4075608.1028     931880.2392    4801556.4266    27.2165    26.6608   -11.5441         0.15          8    20.7028
2024-05-08 13:09:0.000000    4075607.5712     931880.1705    4801556.0732    26.6849    26.5921   -11.8975         0.14          8    20.6584
2024-05-08 13:09:30.000000    4075607.0446     931880.0927    4801555.6013    26.1583    26.5143   -12.3694         0.14          8    20.6076
2024-05-08 13:10:0.000000    4075606.5257     931879.9975    4801555.1701    25.6394    26.4191   -12.8006         0.14          8    20.5816
2024-05-08 13:10:30.000000    4075606.0409     931879.9389    4801554.9582    25.1546    26.3605   -13.0125         0.14          8    20.5727
2024-05-08 13:11:0.000000    4075605.5734     931879.9250    4801554.7889    24.6871    26.3466   -13.1818         0.14          8    20.5160
2024-05-08 13:11:30.000000    4075605.0175     931879.8054    4801554.5528    24.1312    26.2270   -13.4179         0.14          8    20.5158
2024-05-08 13:12:0.000000    4075604.4742     931879.7563    4801554.4362    23.5879    26.1779   -13.5345         0.14          8    20.5260
2024-05-08 13:12:30.000000    4075604.0152     931879.7203    4801554.1735    23.1289    26.1419   -13.7972         0.13          8    20.5137
2024-05-08 13:13:0.000000    4075603.5443     931879.6095    4801553.9394    22.6580    26.0311   -14.0313         0.13          8    20.4756
2024-05-08 13:13:30.000000    4075603.0291     931879.4395    4801553.8047    22.1428    25.8611   -14.1660         0.13          8    20.4352
2024-05-08 13:14:0.000000    4075602.5249     931879.2801    4801553.7273    21.6386    25.7017   -14.2434         0.13          8    20.3922
2024-05-08 13:14:30.000000    4075602.0731     931879.1608    4801553.6094    21.1868    25.5824   -14.3613         0.13          8    20.3769
2024-05-08 13:15:0.000000    4075601.6238     931879.0630    4801553.5526    20.7375    25.4846   -14.4181         0.13          8    20.3833
2024-05-08 13:15:30.000000    4075600.9587     931878.8237    4801553.3153    20.0724    25.2453   -14.6554         0.13          8    20.3744
2024-05-08 13:16:0.000000    4075600.2416     931878.5739    4801552.9625    19.3553    24.9955   -15.0082         0.12          8    20.3056
2024-05-08 13:16:30.000000    4075599.5567     931878.3101    4801552.7081    18.6704    24.7317   -15.2626         0.12          8    20.2149
2024-05-08 13:17:0.000000    4075598.8640     931878.0524    4801552.3996    17.9777    24.4740   -15.5711         0.12          8    20.1588
2024-05-08 13:17:30.000000    4075598.1484     931877.8551    4801551.9709    17.2621    24.2767   -15.9998         0.12          8    20.1265
2024-05-08 13:18:0.000000    4075597.5184     931877.6931    4801551.8740    16.6321    24.1147   -16.0967         0.12          8    20.1641
2024-05-08 13:18:30.000000    4075596.9001     931877.5705    4801551.8269    16.0138    23.9921   -16.1438         0.11          8    20.1668
2024-05-08 13:19:0.000000    4075596.3229     931877.3980    4801551.6133    15.4366    23.8196   -16.3574         0.11          8    20.1739
2024-05-08 13:19:30.000000    4075595.6476     931877.1498    4801551.4284    14.7613    23.5714   -16.5423         0.11          8    20.1629
2024-05-08 13:20:0.000000    4075594.9757     931876.9834    4801551.3080    14.0894    23.4050   -16.6627         0.11          8    20.1340
2024-05-08 13:20:30.000000    4075594.3565     931876.8176    4801551.1904    13.4702    23.2392   -16.7803         0.11          8    20.1046
2024-05-08 13:21:0.000000    4075593.7998     931876.7170    4801551.0986    12.9135    23.1386   -16.8721         0.11          8    20.0730
2024-05-08 13:21:30.000000    4075593.0940     931876.5454    4801550.8694    12.2077    22.9670   -17.1013         0.11          8    20.0713
2024-05-08 13:22:0.000000    4075592.3136     931876.3822    4801550.5694    11.4273    22.8038   -17.4013         0.10          8    20.0657
2024-05-08 13:22:30.000000    4075591.5792     931876.2809    4801550.3819    10.6929    22.7025   -17.5888         0.10          8    20.0315
2024-05-08 13:23:0.000000    4075590.9783     931876.1373    4801550.3208    10.0920    22.5589   -17.6499         0.10          8    19.9691
2024-05-08 13:23:30.000000    4075590.3913     931875.9862    4801550.2331     9.5050    22.4078   -17.7376         0.10          8    19.9500
2024-05-08 13:24:0.000000    4075589.6672     931875.6920    4801550.1201     8.7809    22.1136   -17.8506         0.10          8    19.9458
2024-05-08 13:24:30.000000    4075589.0652     931875.5554    4801550.1513     8.1789    21.9770   -17.8194         0.10          8    19.8994
2024-05-08 13:25:0.000000    4075588.4486     931875.4033    4801550.1442     7.5623    21.8249   -17.8265         0.10          8    19.8696
2024-05-08 13:25:30.000000    4075587.6964     931875.1455    4801549.9834     6.8101    21.5671   -17.9873         0.09          8    19.8605
2024-05-08 13:26:0.000000    4075586.9179     931874.8651    4801549.7882     6.0316    21.2867   -18.1825         0.09          8    19.8127
2024-05-08 13:26:30.000000    4075586.2720     931874.6507    4801549.6641     5.3857    21.0723   -18.3066         0.09          8    19.7260
2024-05-08 13:27:0.000000    4075585.4922     931874.3814    4801549.5211     4.6059    20.8030   -18.4496         0.09          8    19.6241
2024-05-08 13:27:30.000000    4075584.7197     931874.1079    4801549.3538     3.8334    20.5295   -18.6169         0.09          8    19.5847
2024-05-08 13:28:0.000000    4075584.0425     931873.9141    4801549.2275     3.1562    20.3357   -18.7432         0.09          8    19.5826
2024-05-08 13:28:30.000000    4075583.3438     931873.7327    4801548.9964     2.4575    20.1543   -18.9743         0.08          8    19.5910
2024-05-08 13:29:0.000000    4075582.6496     931873.5020    4801548.9129     1.7633    19.9236   -19.0578         0.08          8    19.6007
2024-05-08 13:29:30.000000    4075581.9447     931873.2256    4801548.8887     1.0584    19.6472   -19.0820         0.08          8    19.6291
2024-05-08 13:30:0.000000    4075581.3224     931872.9783    4801549.0660     0.4361    19.3999   -18.9047         0.08          8    19.5603
2024-05-08 13:30:30.000000    4075580.5508     931872.6786    4801549.1878    -0.3355    19.1002   -18.7829         0.08          8    19.5092
2024-05-08 13:31:0.000000    4075579.7544     931872.3201    4801549.0826    -1.1319    18.7417   -18.8881         0.08          8    19.5122
2024-05-08 13:31:30.000000    4075579.0611     931872.1208    4801549.0506    -1.8252    18.5424   -18.9201         0.07          8    19.5272
2024-05-08 13:32:0.000000    4075578.3337     931871.9840    4801548.9691    -2.5526    18.4056   -19.0016         0.07          8    19.5206
2024-05-08 13:32:30.000000    4075577.4884     931871.7272    4801548.7142    -3.3979    18.1488   -19.2565         0.07          8    19.5092
2024-05-08 13:33:0.000000    4075576.6080     931871.3908    4801548.4157    -4.2783    17.8124   -19.5550         0.07          8    19.4925
2024-05-08 13:33:30.000000    4075576.0305     931871.2028    4801548.3050    -4.8558    17.6244   -19.6657         0.07          8    19.4138
2024-05-08 13:34:0.000000    4075575.5024     931871.0172    4801548.2920    -5.3839    17.4388   -19.6787         0.07          8    19.3831
2024-05-08 13:34:30.000000    4075574.7661     931870.7953    4801548.0864    -6.1202    17.2169   -19.8843         0.06          8    19.3960
2024-05-08 13:35:0.000000    4075573.9645     931870.6016    4801547.8622    -6.9218    17.0232   -20.1085         0.06          8    19.4346
2024-05-08 13:35:30.000000    4075573.1965     931870.4551    4801547.7485    -7.6898    16.8767   -20.2222         0.06          8    19.4964
2024-05-08 13:36:0.000000    4075572.4572     931870.2553    4801547.6651    -8.4291    16.6769   -20.3056         0.06          8    19.5139
2024-05-08 13:36:30.000000    4075571.8656     931869.9878    4801547.7555    -9.0207    16.4094   -20.2152         0.06          8    19.4830
2024-05-08 13:37:0.000000    4075571.3207     931869.7829    4801548.0046    -9.5656    16.2045   -19.9661         0.06          8    19.4422
2024-05-08 13:37:30.000000    4075570.6049     931869.4981    4801548.0546   -10.2814    15.9197   -19.9161         0.06          8    19.4576
2024-05-08 13:38:0.000000    4075569.7186     931869.0910    4801547.9252   -11.1677    15.5126   -20.0455         0.06          8    19.5128
2024-05-08 13:38:30.000000    4075569.0408     931868.8647    4801547.8366   -11.8455    15.2863   -20.1341         0.05          8    19.5139
2024-05-08 13:39:0.000000    4075568.5138     931868.7486    4801547.9164   -12.3725    15.1702   -20.0543         0.05          8    19.4939
2024-05-08 13:39:30.000000    4075567.7335     931868.5410    4801547.7226   -13.1528    14.9626   -20.2481         0.05          8    19.5282
2024-05-08 13:40:0.000000    4075566.8100     931868.1801    4801547.4616   -14.0763    14.6017   -20.5091         0.05          8    19.5675
2024-05-08 13:40:30.000000    4075566.0662     931867.9029    4801547.3822   -14.8201    14.3245   -20.5885         0.05          8    19.5961
2024-05-08 13:41:0.000000    4075565.3428     931867.6716    4801547.3432   -15.5435    14.0932   -20.6275         0.05          8    19.5957
2024-05-08 13:41:30.000000    4075564.7848     931867.4792    4801547.4276   -16.1015    13.9008   -20.5431         0.04          8    19.6077
2024-05-08 13:42:0.000000    4075564.0267     931867.1498    4801547.4484   -16.8596    13.5714   -20.5223         0.04          8    19.6415
2024-05-08 13:42:30.000000    4075563.2037     931866.8344    4801547.3830   -17.6826    13.2560   -20.5877         0.04          8    19.6908
2024-05-08 13:43:0.000000    4075562.3875     931866.5267    4801547.4003   -18.4988    12.9483   -20.5704         0.04          8    19.7069
2024-05-08 13:43:30.000000    4075561.6436     931866.2588    4801547.2896   -19.2427    12.6804   -20.6811         0.04          8    19.7229
2024-05-08 13:44:0.000000    4075560.9016     931866.0294    4801547.1325   -19.9847    12.4510   -20.8382         0.04          8    19.7229
2024-05-08 13:44:30.000000    4075560.3019     931865.8042    4801547.0094   -20.5844    12.2258   -20.9613         0.04          8    19.7454
2024-05-08 13:45:0.000000    4075559.7893     931865.5628    4801546.8442   -21.0970    11.9844   -21.1265         0.03          8    19.7615
2024-05-08 13:45:30.000000    4075558.9753     931865.2109    4801546.7756   -21.9110    11.6325   -21.1951         0.03          8    19.7882
2024-05-08 13:46:0.000000    4075558.1620     931864.9712    4801546.7934   -22.7243    11.3928   -21.1773         0.03          8    19.8191
2024-05-08 13:46:30.000000    4075557.6092     931864.8520    4801546.8054   -23.2771    11.2736   -21.1653         0.03          8    19.8979
2024-05-08 13:47:0.000000    4075556.9581     931864.6647    4801546.6798   -23.9282    11.0863   -21.2909         0.03          8    19.9673
2024-05-08 13:47:30.000000    4075556.3368     931864.4750    4801546.6417   -24.5495    10.8966   -21.3290         0.03          8    20.0362
2024-05-08 13:48:0.000000    4075555.8287     931864.2932    4801546.4832   -25.0576    10.7148   -21.4875         0.03          8    20.1484
2024-05-08 13:48:30.000000    4075555.1319     931864.0555    4801546.2922   -25.7544    10.4771   -21.6785         0.02          8    20.2846
2024-05-08 13:49:0.000000    4075554.3871     931863.7782    4801546.0201   -26.4992    10.1998   -21.9506         0.02          8    20.3647
2024-05-08 13:49:30.000000    4075553.7120     931863.5033    4801545.9389   -27.1743     9.9249   -22.0318         0.02          8    20.4331
2024-05-08 13:50:0.000000    4075553.0017     931863.2422    4801545.9260   -27.8846     9.6638   -22.0447         0.02          8    20.4921
2024-05-08 13:50:30.000000    4075552.2907     931862.9993    4801545.9191   -28.5956     9.4209   -22.0516         0.02          8    20.5621
2024-05-08 13:51:0.000000    4075551.6184     931862.7422    4801545.8033   -29.2679     9.1638   -22.1674         0.02          8    20.6400
2024-05-08 13:51:30.000000    4075550.9173     931862.4818    4801545.6535   -29.9690     8.9034   -22.3172         0.02          8    20.7487
2024-05-08 13:52:0.000000    4075550.2667     931862.2961    4801545.4912   -30.6196     8.7177   -22.4795         0.01          8    20.8517
2024-05-08 13:52:30.000000    4075549.5452     931862.0947    4801545.4907   -31.3411     8.5163   -22.4800         0.01          8    20.9160
2024-05-08 13:53:0.000000    4075548.8952     931861.9388    4801545.5045   -31.9911     8.3604   -22.4662         0.01          8    20.9990
2024-05-08 13:53:30.000000    4075548.3267     931861.7625    4801545.6295   -32.5596     8.1841   -22.3412         0.01          8    21.0583
2024-05-08 13:54:0.000000    4075547.8576     931861.6493    4801545.6852   -33.0287     8.0709   -22.2855         0.01          8    21.1611
2024-05-08 13:54:30.000000    4075545.6059     931860.3958    4801539.2554   -35.2804     6.8174   -28.7153        -0.01          7    20.8473
2024-05-08 13:55:0.000000    4075549.1581     931861.7500    4801541.9804   -31.7282     8.1716   -25.9903         0.00          8    21.3363
2024-05-08 13:55:30.000000    4075548.6580     931861.6815    4801542.0859   -32.2283     8.1031   -25.8848         0.00          8    21.3988
2024-05-08 13:56:0.000000    4075548.1086     931861.5125    4801541.8630   -32.7777     7.9341   -26.1077         0.00          8    21.4965
2024-05-08 13:56:30.000000    4075547.6460     931861.2651    4801541.7750   -33.2403     7.6867   -26.1957         0.00          8    21.6150
2024-05-08 13:57:0.000000    4075547.2644     931861.0409    4801541.9594   -33.6219     7.4625   -26.0113         0.00          8    21.7192
2024-05-08 13:57:30.000000    4075547.0789     931860.9398    4801542.4299   -33.8074     7.3614   -25.5408         0.00          8    21.7977
2024-05-08 13:58:0.000000    4075546.8526     931860.8286    4801542.8910   -34.0337     7.2502   -25.0797         0.00          8    21.8906
2024-05-08 13:58:30.000000    4075546.5032     931860.7123    4801542.9748   -34.3831     7.1339   -24.9959         0.00          8    21.9966
2024-05-08 13:59:0.000000    4075546.1055     931860.5871    4801543.0471   -34.7808     7.0087   -24.9236         0.00          8    22.1071
2024-05-08 13:59:30.000000    4075545.7432     931860.4941    4801543.3230   -35.1431     6.9157   -24.6477         0.00          8    22.2380
