GPS Single Point Positioning Results (without Ionosphere Correction (12:00-14:00))
====================================================================================================
Station: WTZR00DEU
Time Window: 12:00-14:00 (UTC)
Approx Position: X=4075580.8863, Y=931853.5784, Z=4801567.9707

Epoch                             X (m)           Y (m)           Z (m)     dX (m)     dY (m)     dZ (m)   Clock (us) Satellites    RMS (m)
----------------------------------------------------------------------------------------------------
2024-05-11 12:00:0.000000    4075607.7751     931872.4899    4801573.0780    26.8888    18.9115     5.1073         0.19          8    14.7101
2024-05-11 12:00:30.000000    4075608.1740     931872.7432    4801573.1388    27.2877    19.1648     5.1681         0.19          8    14.7883
2024-05-11 12:01:0.000000    4075606.0546     931871.1282    4801569.5251    25.1683    17.5498     1.5544         0.18          9    15.7068
2024-05-11 12:01:30.000000    4075606.2236     931871.2897    4801569.2775    25.3373    17.7113     1.3068         0.18          9    15.7168
2024-05-11 12:02:0.000000    4075606.5215     931871.4942    4801569.1578    25.6352    17.9158     1.1871         0.18          9    15.7529
2024-05-11 12:02:30.000000    4075606.8011     931871.6685    4801569.0332    25.9148    18.0901     1.0625         0.18          9    15.8181
2024-05-11 12:03:0.000000    4075607.0339     931871.8089    4801568.9900    26.1476    18.2305     1.0193         0.18          9    15.8714
2024-05-11 12:03:30.000000    4075607.1883     931871.9507    4801568.9852    26.3020    18.3723     1.0145         0.18          9    15.8938
2024-05-11 12:04:0.000000    4075607.4612     931872.1544    4801568.8975    26.5749    18.5760     0.9268         0.18          9    15.9622
2024-05-11 12:04:30.000000    4075607.6921     931872.3985    4801568.8159    26.8058    18.8201     0.8452         0.18          9    15.9489
2024-05-11 12:05:0.000000    4075608.0832     931872.8167    4801568.8135    27.1969    19.2383     0.8428         0.18          9    15.9757
2024-05-11 12:05:30.000000    4075608.3678     931873.1081    4801568.9108    27.4815    19.5297     0.9401         0.18          9    15.9953
2024-05-11 12:06:0.000000    4075608.6069     931873.4481    4801568.8061    27.7206    19.8697     0.8354         0.18          9    16.0697
2024-05-11 12:06:30.000000    4075608.8534     931873.7753    4801568.7912    27.9671    20.1969     0.8205         0.18          9    16.0961
2024-05-11 12:07:0.000000    4075609.0708     931874.1212    4801568.6862    28.1845    20.5428     0.7155         0.19          9    16.1208
2024-05-11 12:07:30.000000    4075609.2120     931874.3195    4801568.4372    28.3257    20.7411     0.4665         0.19          9    16.1684
2024-05-11 12:08:0.000000    4075609.3397     931874.3933    4801568.1378    28.4534    20.8149     0.1671         0.19          9    16.2638
2024-05-11 12:08:30.000000    4075609.5706     931874.5506    4801567.9096    28.6843    20.9722    -0.0611         0.19          9    16.3355
2024-05-11 12:09:0.000000    4075609.8435     931874.7568    4801567.7068    28.9572    21.1784    -0.2639         0.19          9    16.4026
2024-05-11 12:09:30.000000    4075610.1095     931874.9411    4801567.5726    29.2232    21.3627    -0.3981         0.19          9    16.4632
2024-05-11 12:10:0.000000    4075610.2940     931875.0271    4801567.3813    29.4077    21.4487    -0.5894         0.19          9    16.5156
2024-05-11 12:10:30.000000    4075610.5076     931875.1703    4801567.1472    29.6213    21.5919    -0.8235         0.19          9    16.5948
2024-05-11 12:11:0.000000    4075610.6766     931875.3894    4801566.9999    29.7903    21.8110    -0.9708         0.19          9    16.6295
2024-05-11 12:11:30.000000    4075610.8523     931875.6096    4801566.7836    29.9660    22.0312    -1.1871         0.19          9    16.6602
2024-05-11 12:12:0.000000    4075611.0245     931875.7958    4801566.6686    30.1382    22.2174    -1.3021         0.19          9    16.7313
2024-05-11 12:12:30.000000    4075611.2202     931876.0608    4801566.5629    30.3339    22.4824    -1.4078         0.19          9    16.7776
2024-05-11 12:13:0.000000    4075611.4523     931876.3759    4801566.6071    30.5660    22.7975    -1.3636         0.19          9    16.7884
2024-05-11 12:13:30.000000    4075611.6863     931876.6441    4801566.4153    30.8000    23.0657    -1.5554         0.19          9    16.8312
2024-05-11 12:14:0.000000    4075611.8809     931876.8353    4801566.1397    30.9946    23.2569    -1.8310         0.19          9    16.8481
2024-05-11 12:14:30.000000    4075612.0613     931877.0417    4801566.0106    31.1750    23.4633    -1.9601         0.19          9    16.8337
2024-05-11 12:15:0.000000    4075612.1137     931877.2016    4801565.8591    31.2274    23.6232    -2.1116         0.19          9    16.8517
2024-05-11 12:15:30.000000    4075612.2367     931877.3199    4801565.7297    31.3504    23.7415    -2.2410         0.19          9    16.8901
2024-05-11 12:16:0.000000    4075612.4654     931877.4598    4801565.6547    31.5791    23.8814    -2.3160         0.19          9    16.9676
2024-05-11 12:16:30.000000    4075612.7149     931877.5325    4801565.4129    31.8286    23.9541    -2.5578         0.19          9    17.0484
2024-05-11 12:17:0.000000    4075612.9577     931877.6014    4801565.1992    32.0714    24.0230    -2.7715         0.19          9    17.0973
2024-05-11 12:17:30.000000    4075613.1316     931877.7126    4801564.9677    32.2453    24.1342    -3.0030         0.19          9    17.1492
2024-05-11 12:18:0.000000    4075613.1973     931877.9029    4801564.7252    32.3110    24.3245    -3.2455         0.19          9    17.2319
2024-05-11 12:18:30.000000    4075613.3051     931878.1743    4801564.6793    32.4188    24.5959    -3.2914         0.19          9    17.2845
2024-05-11 12:19:0.000000    4075613.5939     931878.4909    4801564.6786    32.7076    24.9125    -3.2921         0.19          9    17.3483
2024-05-11 12:19:30.000000    4075613.8602     931878.8058    4801564.5017    32.9739    25.2274    -3.4690         0.19          9    17.4279
2024-05-11 12:20:0.000000    4075614.0620     931879.1552    4801564.3542    33.1757    25.5768    -3.6165         0.19          9    17.4461
2024-05-11 12:20:30.000000    4075614.1598     931879.3952    4801564.1743    33.2735    25.8168    -3.7964         0.19          9    17.4986
2024-05-11 12:21:0.000000    4075614.3312     931879.6178    4801563.9777    33.4449    26.0394    -3.9930         0.19          9    17.5330
2024-05-11 12:21:30.000000    4075614.5430     931879.8116    4801563.6850    33.6567    26.2332    -4.2857         0.19          9    17.6254
2024-05-11 12:22:0.000000    4075614.7956     931879.9277    4801563.3729    33.9093    26.3493    -4.5978         0.19          9    17.7121
2024-05-11 12:22:30.000000    4075614.9794     931880.0597    4801563.1182    34.0931    26.4813    -4.8525         0.19          9    17.7595
2024-05-11 12:23:0.000000    4075615.2051     931880.1847    4801562.7591    34.3188    26.6063    -5.2116         0.19          9    17.8358
2024-05-11 12:23:30.000000    4075615.3345     931880.3557    4801562.5757    34.4482    26.7773    -5.3950         0.19          9    17.9141
2024-05-11 12:24:0.000000    4075615.4674     931880.5370    4801562.3011    34.5811    26.9586    -5.6696         0.19          9    17.9936
2024-05-11 12:24:30.000000    4075615.5958     931880.7716    4801562.1316    34.7095    27.1932    -5.8391         0.19          9    18.0535
2024-05-11 12:25:0.000000    4075615.6667     931881.0307    4801561.9983    34.7804    27.4523    -5.9724         0.19          9    18.0523
2024-05-11 12:25:30.000000    4075615.7320     931881.2939    4801561.7618    34.8457    27.7155    -6.2089         0.19          9    18.0302
2024-05-11 12:26:0.000000    4075615.7333     931881.5804    4801561.5566    34.8470    28.0020    -6.4141         0.19          9    18.0244
2024-05-11 12:26:30.000000    4075615.7982     931881.8021    4801561.1605    34.9119    28.2237    -6.8102         0.19          9    18.0352
2024-05-11 12:27:0.000000    4075615.9275     931882.0018    4801561.0483    35.0412    28.4234    -6.9224         0.19          9    18.0670
2024-05-11 12:27:30.000000    4075616.2548     931882.1318    4801560.6955    35.3685    28.5534    -7.2752         0.19          9    18.1650
2024-05-11 12:28:0.000000    4075616.5372     931882.3137    4801560.5847    35.6509    28.7353    -7.3860         0.19          9    18.2640
2024-05-11 12:28:30.000000    4075616.7193     931882.4956    4801560.0224    35.8330    28.9172    -7.9483         0.19          9    18.3602
2024-05-11 12:29:0.000000    4075616.8189     931882.6369    4801559.5756    35.9326    29.0585    -8.3951         0.19          9    18.4365
2024-05-11 12:29:30.000000    4075622.4497     931882.9238    4801562.1299    41.5634    29.3454    -5.8408         0.21          8    17.4191
2024-05-11 12:30:0.000000    4075622.5487     931883.0102    4801561.9327    41.6624    29.4318    -6.0380         0.21          8    17.4553
2024-05-11 12:30:30.000000    4075622.6266     931883.1497    4801561.9387    41.7403    29.5713    -6.0320         0.21          8    17.5416
2024-05-11 12:31:0.000000    4075622.7788     931883.2995    4801561.6300    41.8925    29.7211    -6.3407         0.21          8    17.5317
2024-05-11 12:31:30.000000    4075622.6276     931883.4230    4801561.4956    41.7413    29.8446    -6.4751         0.21          8    17.5388
2024-05-11 12:32:0.000000    4075622.4880     931883.3369    4801560.7132    41.6017    29.7585    -7.2575         0.20          8    17.4672
2024-05-11 12:32:30.000000    4075622.4026     931883.4256    4801560.9770    41.5163    29.8472    -6.9937         0.21          8    17.5068
2024-05-11 12:33:0.000000    4075622.0930     931883.5826    4801559.2032    41.2067    30.0042    -8.7675         0.20          7    18.1638
2024-05-11 12:33:30.000000    4075622.2385     931883.8552    4801559.2170    41.3522    30.2768    -8.7537         0.20          7    18.1952
2024-05-11 12:34:0.000000    4075622.1891     931884.0514    4801558.4755    41.3028    30.4730    -9.4952         0.20          7    18.1629
2024-05-11 12:34:30.000000    4075622.2822     931884.2393    4801558.0215    41.3959    30.6609    -9.9492         0.20          7    18.1579
2024-05-11 12:35:0.000000    4075622.5056     931884.4493    4801558.1101    41.6193    30.8709    -9.8606         0.20          7    18.2435
2024-05-11 12:35:30.000000    4075622.6426     931884.6643    4801557.4755    41.7563    31.0859   -10.4952         0.20          7    18.0866
2024-05-11 12:36:0.000000    4075622.5369     931884.7753    4801557.3085    41.6506    31.1969   -10.6622         0.20          7    18.1355
2024-05-11 12:36:30.000000    4075622.6609     931884.8839    4801556.8754    41.7746    31.3055   -11.0953         0.20          7    18.1014
2024-05-11 12:37:0.000000    4075622.6219     931885.0463    4801556.8358    41.7356    31.4679   -11.1349         0.20          7    18.0650
2024-05-11 12:37:30.000000    4075622.4628     931885.1381    4801556.6396    41.5765    31.5597   -11.3311         0.20          7    18.0190
2024-05-11 12:38:0.000000    4075622.3246     931885.3162    4801556.0914    41.4383    31.7378   -11.8793         0.20          7    18.0129
2024-05-11 12:38:30.000000    4075622.2838     931885.5600    4801555.6157    41.3975    31.9816   -12.3550         0.20          7    18.0058
2024-05-11 12:39:0.000000    4075622.4081     931885.8069    4801555.1769    41.5218    32.2285   -12.7938         0.20          7    17.9354
2024-05-11 12:39:30.000000    4075622.3735     931885.9920    4801555.0324    41.4872    32.4136   -12.9383         0.20          7    17.9855
2024-05-11 12:40:0.000000    4075619.5335     931884.5967    4801551.1195    38.6472    31.0183   -16.8512         0.18          8    18.5966
2024-05-11 12:40:30.000000    4075619.3399     931884.5646    4801550.6410    38.4536    30.9862   -17.3297         0.18          8    18.4397
2024-05-11 12:41:0.000000    4075619.1676     931884.5049    4801550.5112    38.2813    30.9265   -17.4595         0.18          8    18.3946
2024-05-11 12:41:30.000000    4075619.0278     931884.5500    4801549.9284    38.1415    30.9716   -18.0423         0.18          8    18.2954
2024-05-11 12:42:0.000000    4075618.9554     931884.6950    4801549.8029    38.0691    31.1166   -18.1678         0.18          8    18.3295
2024-05-11 12:42:30.000000    4075618.7439     931884.8329    4801549.3452    37.8576    31.2545   -18.6255         0.18          8    18.2700
2024-05-11 12:43:0.000000    4075618.4153     931884.8839    4801548.4650    37.5290    31.3055   -19.5057         0.17          8    18.1059
2024-05-11 12:43:30.000000    4075618.0422     931884.9043    4801548.1619    37.1559    31.3259   -19.8088         0.17          8    18.0726
2024-05-11 12:44:0.000000    4075617.6766     931884.9189    4801547.6137    36.7903    31.3405   -20.3570         0.17          8    18.0177
2024-05-11 12:44:30.000000    4075617.4128     931885.0267    4801547.1602    36.5265    31.4483   -20.8105         0.17          8    17.9645
2024-05-11 12:45:0.000000    4075617.1351     931885.1265    4801546.5803    36.2488    31.5481   -21.3904         0.17          8    17.8776
2024-05-11 12:45:30.000000    4075616.8986     931885.1865    4801546.2586    36.0123    31.6081   -21.7121         0.17          8    17.8638
2024-05-11 12:46:0.000000    4075616.7038     931885.2784    4801546.1135    35.8175    31.7000   -21.8572         0.17          8    17.8731
2024-05-11 12:46:30.000000    4075616.4688     931885.3692    4801545.8596    35.5825    31.7908   -22.1111         0.16          8    17.8802
2024-05-11 12:47:0.000000    4075616.2627     931885.4617    4801545.6239    35.3764    31.8833   -22.3468         0.16          8    17.8849
2024-05-11 12:47:30.000000    4075618.8762     931884.2161    4801550.9532    37.9899    30.6377   -17.0175         0.18          9    20.3909
2024-05-11 12:48:0.000000    4075618.6655     931884.2090    4801550.8705    37.7792    30.6306   -17.1002         0.18          9    20.4279
2024-05-11 12:48:30.000000    4075618.6392     931884.1967    4801550.5643    37.7529    30.6183   -17.4064         0.18          9    20.4369
2024-05-11 12:49:0.000000    4075618.5286     931884.0853    4801550.4116    37.6423    30.5069   -17.5591         0.18          9    20.4403
2024-05-11 12:49:30.000000    4075618.2893     931883.9871    4801550.2682    37.4030    30.4087   -17.7025         0.18          9    20.4424
2024-05-11 12:50:0.000000    4075618.1348     931883.9082    4801549.9825    37.2485    30.3298   -17.9882         0.18          9    20.3778
2024-05-11 12:50:30.000000    4075617.7296     931883.7339    4801549.9329    36.8433    30.1555   -18.0378         0.18          9    20.3328
2024-05-11 12:51:0.000000    4075617.4176     931883.6023    4801549.7166    36.5313    30.0239   -18.2541         0.17          9    20.2917
2024-05-11 12:51:30.000000    4075617.1097     931883.4557    4801549.6649    36.2234    29.8773   -18.3058         0.17          9    20.2560
2024-05-11 12:52:0.000000    4075616.7520     931883.3233    4801549.5951    35.8657    29.7449   -18.3756         0.17          9    20.2149
2024-05-11 12:52:30.000000    4075619.8353     931882.6421    4801551.5549    38.9490    29.0637   -16.4158         0.18          8    19.9021
2024-05-11 12:53:0.000000    4075619.1993     931882.5486    4801551.3390    38.3130    28.9702   -16.6317         0.18          8    19.9448
2024-05-11 12:53:30.000000    4075618.6360     931882.4724    4801551.0077    37.7497    28.8940   -16.9630         0.18          8    20.0272
2024-05-11 12:54:0.000000    4075618.1518     931882.3947    4801550.5182    37.2655    28.8163   -17.4525         0.18          8    20.0866
2024-05-11 12:54:30.000000    4075617.6386     931882.3470    4801550.4126    36.7523    28.7686   -17.5581         0.18          8    20.1503
2024-05-11 12:55:0.000000    4075617.0235     931882.2846    4801550.0755    36.1372    28.7062   -17.8952         0.17          8    20.1926
2024-05-11 12:55:30.000000    4075616.4486     931882.2464    4801549.8697    35.5623    28.6680   -18.1010         0.17          8    20.2355
2024-05-11 12:56:0.000000    4075615.8666     931882.1194    4801549.6456    34.9803    28.5410   -18.3251         0.17          8    20.2748
2024-05-11 12:56:30.000000    4075615.3107     931881.9919    4801549.3050    34.4244    28.4135   -18.6657         0.17          8    20.2764
2024-05-11 12:57:0.000000    4075614.7598     931881.9477    4801548.9854    33.8735    28.3693   -18.9853         0.17          8    20.2390
2024-05-11 12:57:30.000000    4075614.1376     931881.8085    4801548.6231    33.2513    28.2301   -19.3476         0.17          8    20.2009
2024-05-11 12:58:0.000000    4075613.5792     931881.6570    4801548.2243    32.6929    28.0786   -19.7464         0.16          8    20.1901
2024-05-11 12:58:30.000000    4075613.0055     931881.5785    4801547.9605    32.1192    28.0001   -20.0102         0.16          8    20.1574
2024-05-11 12:59:0.000000    4075612.4022     931881.5261    4801547.7166    31.5159    27.9477   -20.2541         0.16          8    20.1322
2024-05-11 12:59:30.000000    4075611.8092     931881.4569    4801547.5495    30.9229    27.8785   -20.4212         0.16          8    20.1195
2024-05-11 13:00:0.000000    4075609.3076     931879.3532    4801546.0566    28.4213    25.7748   -21.9141         0.16          8    19.2145
2024-05-11 13:00:30.000000    4075605.9138     931878.5734    4801558.8012    25.0275    24.9950    -9.1695         0.18          8    19.6661
2024-05-11 13:01:0.000000    4075605.5230     931878.4329    4801558.6490    24.6367    24.8545    -9.3217         0.18          8    19.6665
2024-05-11 13:01:30.000000    4075605.0842     931878.2402    4801558.6064    24.1979    24.6618    -9.3643         0.18          8    19.6660
2024-05-11 13:02:0.000000    4075604.6344     931878.0952    4801558.4687    23.7481    24.5168    -9.5020         0.18          8    19.6455
2024-05-11 13:02:30.000000    4075604.2186     931878.0182    4801558.2311    23.3323    24.4398    -9.7396         0.17          8    19.6544
2024-05-11 13:03:0.000000    4075603.7626     931877.8847    4801558.1030    22.8763    24.3063    -9.8677         0.17          8    19.6716
2024-05-11 13:03:30.000000    4075603.0993     931877.6035    4801557.8161    22.2130    24.0251   -10.1546         0.17          8    19.6320
2024-05-11 13:04:0.000000    4075602.4584     931877.3161    4801557.4467    21.5721    23.7377   -10.5240         0.17          8    19.5587
2024-05-11 13:04:30.000000    4075601.8488     931877.0527    4801557.1704    20.9625    23.4743   -10.8003         0.17          8    19.4949
2024-05-11 13:05:0.000000    4075601.2426     931876.8281    4801556.8611    20.3563    23.2497   -11.1096         0.17          8    19.4699
2024-05-11 13:05:30.000000    4075600.6231     931876.6635    4801556.4840    19.7368    23.0851   -11.4867         0.16          8    19.4626
2024-05-11 13:06:0.000000    4075600.0222     931876.5231    4801556.3833    19.1359    22.9447   -11.5874         0.16          8    19.4842
2024-05-11 13:06:30.000000    4075599.5574     931876.3936    4801556.2877    18.6711    22.8152   -11.6830         0.16          8    19.4892
2024-05-11 13:07:0.000000    4075599.0498     931876.1949    4801556.0255    18.1635    22.6165   -11.9452         0.16          8    19.5086
2024-05-11 13:07:30.000000    4075598.4620     931875.9833    4801555.8220    17.5757    22.4049   -12.1487         0.16          8    19.4919
2024-05-11 13:08:0.000000    4075597.9070     931875.8093    4801555.6810    17.0207    22.2309   -12.2897         0.16          8    19.5034
2024-05-11 13:08:30.000000    4075597.4173     931875.6393    4801555.6064    16.5310    22.0609   -12.3643         0.16          8    19.5173
2024-05-11 13:09:0.000000    4075596.8909     931875.5250    4801555.4251    16.0046    21.9466   -12.5456         0.16          8    19.5181
2024-05-11 13:09:30.000000    4075596.2358     931875.3763    4801555.0982    15.3495    21.7979   -12.8725         0.15          8    19.5299
2024-05-11 13:10:0.000000    4075595.6369     931875.2207    4801554.8798    14.7506    21.6423   -13.0909         0.15          8    19.5273
2024-05-11 13:10:30.000000    4075594.9538     931875.0591    4801554.7061    14.0675    21.4807   -13.2646         0.15          8    19.5096
2024-05-11 13:11:0.000000    4075594.4082     931874.9521    4801554.5838    13.5219    21.3737   -13.3869         0.15          8    19.4915
2024-05-11 13:11:30.000000    4075593.8589     931874.7671    4801554.4352    12.9726    21.1887   -13.5355         0.15          8    19.4743
2024-05-11 13:12:0.000000    4075593.2950     931874.5742    4801554.2777    12.4087    20.9958   -13.6930         0.15          8    19.4540
2024-05-11 13:12:30.000000    4075592.7615     931874.5028    4801554.2221    11.8752    20.9244   -13.7486         0.15          8    19.4165
2024-05-11 13:13:0.000000    4075592.1562     931874.3453    4801554.1627    11.2699    20.7669   -13.8080         0.14          8    19.4009
2024-05-11 13:13:30.000000    4075591.5499     931874.1161    4801554.0467    10.6636    20.5377   -13.9240         0.14          8    19.3919
2024-05-11 13:14:0.000000    4075590.9112     931873.8742    4801553.8731    10.0249    20.2958   -14.0976         0.14          8    19.3425
2024-05-11 13:14:30.000000    4075590.3505     931873.6764    4801553.7250     9.4642    20.0980   -14.2457         0.14          8    19.2628
2024-05-11 13:15:0.000000    4075589.5618     931873.3963    4801553.4739     8.6755    19.8179   -14.4968         0.14          8    19.1993
2024-05-11 13:15:30.000000    4075588.8659     931873.1987    4801553.2242     7.9796    19.6203   -14.7465         0.14          8    19.1745
2024-05-11 13:16:0.000000    4075588.2554     931872.9605    4801553.1154     7.3691    19.3821   -14.8553         0.14          8    19.1854
2024-05-11 13:16:30.000000    4075587.6370     931872.7712    4801552.8782     6.7507    19.1928   -15.0925         0.13          8    19.1945
2024-05-11 13:17:0.000000    4075587.0191     931872.5508    4801552.7464     6.1328    18.9724   -15.2243         0.13          8    19.1936
2024-05-11 13:17:30.000000    4075586.4519     931872.2935    4801552.8822     5.5656    18.7151   -15.0885         0.13          8    19.2009
2024-05-11 13:18:0.000000    4075585.8145     931872.0442    4801553.0151     4.9282    18.4658   -14.9556         0.13          8    19.1386
2024-05-11 13:18:30.000000    4075585.0893     931871.7399    4801553.0574     4.2030    18.1615   -14.9133         0.13          8    19.1217
2024-05-11 13:19:0.000000    4075584.3187     931871.4344    4801552.8421     3.4324    17.8560   -15.1286         0.13          8    19.1384
2024-05-11 13:19:30.000000    4075583.6677     931871.2591    4801552.6397     2.7814    17.6807   -15.3310         0.12          8    19.1657
2024-05-11 13:20:0.000000    4075582.9673     931871.0692    4801552.3655     2.0810    17.4908   -15.6052         0.12          8    19.1614
2024-05-11 13:20:30.000000    4075582.0431     931870.7190    4801552.0456     1.1568    17.1406   -15.9251         0.12          8    19.1814
2024-05-11 13:21:0.000000    4075581.3831     931870.4512    4801551.8269     0.4968    16.8728   -16.1438         0.12          8    19.1506
2024-05-11 13:21:30.000000    4075581.0100     931870.2570    4801551.7825     0.1237    16.6786   -16.1882         0.12          8    19.1379
2024-05-11 13:22:0.000000    4075580.4190     931870.0798    4801551.5446    -0.4673    16.5014   -16.4261         0.12          8    19.1405
2024-05-11 13:22:30.000000    4075579.6818     931869.8978    4801551.1974    -1.2045    16.3194   -16.7733         0.11          8    19.1879
2024-05-11 13:23:0.000000    4075578.8864     931869.7143    4801550.8414    -1.9999    16.1359   -17.1293         0.11          8    19.2519
2024-05-11 13:23:30.000000    4075578.2058     931869.5283    4801550.7044    -2.6805    15.9499   -17.2663         0.11          8    19.3129
2024-05-11 13:24:0.000000    4075577.6260     931869.2712    4801550.7375    -3.2603    15.6928   -17.2332         0.11          8    19.2817
2024-05-11 13:24:30.000000    4075577.2283     931869.0504    4801550.7735    -3.6580    15.4720   -17.1972         0.11          8    19.2396
2024-05-11 13:25:0.000000    4075576.7213     931868.9074    4801550.8730    -4.1650    15.3290   -17.0977         0.11          8    19.2630
2024-05-11 13:25:30.000000    4075575.8371     931868.5415    4801550.7475    -5.0492    14.9631   -17.2232         0.11          8    19.2955
2024-05-11 13:26:0.000000    4075575.0639     931868.2011    4801550.6389    -5.8224    14.6227   -17.3318         0.10          8    19.3380
2024-05-11 13:26:30.000000    4075574.5970     931868.0660    4801550.6579    -6.2893    14.4876   -17.3128         0.10          8    19.3072
2024-05-11 13:27:0.000000    4075573.8821     931867.8579    4801550.5353    -7.0042    14.2795   -17.4354         0.10          8    19.3061
2024-05-11 13:27:30.000000    4075573.0380     931867.5744    4801550.2668    -7.8483    13.9960   -17.7039         0.10          8    19.3215
2024-05-11 13:28:0.000000    4075572.1913     931867.2355    4801550.0442    -8.6950    13.6571   -17.9265         0.10          8    19.3638
2024-05-11 13:28:30.000000    4075571.5369     931867.0229    4801550.0280    -9.3494    13.4445   -17.9427         0.10          8    19.3835
2024-05-11 13:29:0.000000    4075570.8957     931866.7809    4801549.9796    -9.9906    13.2025   -17.9911         0.10          8    19.3875
2024-05-11 13:29:30.000000    4075570.1992     931866.5029    4801550.0024   -10.6871    12.9245   -17.9683         0.09          8    19.3994
2024-05-11 13:30:0.000000    4075569.4282     931866.2095    4801549.9221   -11.4581    12.6311   -18.0486         0.09          8    19.4298
2024-05-11 13:30:30.000000    4075568.6507     931865.9068    4801549.7881   -12.2356    12.3284   -18.1826         0.09          8    19.4463
2024-05-11 13:31:0.000000    4075567.9547     931865.6393    4801549.5992   -12.9316    12.0609   -18.3715         0.09          8    19.4536
2024-05-11 13:31:30.000000    4075567.1868     931865.3399    4801549.4317   -13.6995    11.7615   -18.5390         0.09          8    19.4809
2024-05-11 13:32:0.000000    4075566.6270     931865.1435    4801549.2680   -14.2593    11.5651   -18.7027         0.09          8    19.4862
2024-05-11 13:32:30.000000    4075566.0880     931864.9447    4801549.1121   -14.7983    11.3663   -18.8586         0.09          8    19.5315
2024-05-11 13:33:0.000000    4075565.5033     931864.7056    4801548.9876   -15.3830    11.1272   -18.9831         0.08          8    19.5648
2024-05-11 13:33:30.000000    4075564.6851     931864.3959    4801548.8581   -16.2012    10.8175   -19.1126         0.08          8    19.6035
2024-05-11 13:34:0.000000    4075563.9977     931864.1861    4801548.7768   -16.8886    10.6077   -19.1939         0.08          8    19.6502
2024-05-11 13:34:30.000000    4075563.4890     931864.0410    4801548.7021   -17.3973    10.4626   -19.2686         0.08          8    19.7258
2024-05-11 13:35:0.000000    4075562.8218     931863.7753    4801548.4938   -18.0645    10.1969   -19.4769         0.08          8    19.7890
2024-05-11 13:35:30.000000    4075562.2606     931863.6126    4801548.3807   -18.6257    10.0342   -19.5900         0.08          8    19.8847
2024-05-11 13:36:0.000000    4075561.6706     931863.3949    4801548.0809   -19.2157     9.8165   -19.8898         0.07          8    20.0120
2024-05-11 13:36:30.000000    4075560.9947     931863.0883    4801547.8428   -19.8916     9.5099   -20.1279         0.07          8    20.1093
2024-05-11 13:37:0.000000    4075560.3400     931862.8385    4801547.6527   -20.5463     9.2601   -20.3180         0.07          8    20.1700
2024-05-11 13:37:30.000000    4075559.5997     931862.5136    4801547.5152   -21.2866     8.9352   -20.4555         0.07          8    20.2249
2024-05-11 13:38:0.000000    4075558.9285     931862.2488    4801547.4620   -21.9578     8.6704   -20.5087         0.07          8    20.2785
2024-05-11 13:38:30.000000    4075558.1639     931861.9649    4801547.2981   -22.7224     8.3865   -20.6726         0.07          8    20.3362
2024-05-11 13:39:0.000000    4075557.4957     931861.7383    4801547.1494   -23.3906     8.1599   -20.8213         0.07          8    20.4309
2024-05-11 13:39:30.000000    4075556.8031     931861.5367    4801546.8774   -24.0832     7.9583   -21.0933         0.06          8    20.5519
2024-05-11 13:40:0.000000    4075556.1138     931861.3175    4801546.7726   -24.7725     7.7391   -21.1981         0.06          8    20.6521
2024-05-11 13:40:30.000000    4075555.5162     931861.1211    4801546.8132   -25.3701     7.5427   -21.1575         0.06          8    20.6908
2024-05-11 13:41:0.000000    4075554.8745     931860.9241    4801546.8171   -26.0118     7.3457   -21.1536         0.06          8    20.7448
2024-05-11 13:41:30.000000    4075554.4383     931860.7904    4801546.9456   -26.4480     7.2120   -21.0251         0.06          8    20.8119
2024-05-11 13:42:0.000000    4075553.8552     931860.6289    4801546.8737   -27.0311     7.0505   -21.0970         0.06          8    20.9137
2024-05-11 13:42:30.000000    4075551.4332     931859.2291    4801539.3613   -29.4531     5.6507   -28.6094         0.04          7    19.8739
2024-05-11 13:43:0.000000    4075555.1131     931860.6662    4801542.1805   -25.7732     7.0878   -25.7902         0.05          8    20.6349
2024-05-11 13:43:30.000000    4075554.6023     931860.5451    4801542.0357   -26.2840     6.9667   -25.9350         0.05          8    20.6928
2024-05-11 13:44:0.000000    4075554.1332     931860.3744    4801542.0088   -26.7531     6.7960   -25.9619         0.05          8    20.7741
2024-05-11 13:44:30.000000    4075553.7488     931860.1027    4801541.9451   -27.1375     6.5243   -26.0256         0.05          8    20.8674
2024-05-11 13:45:0.000000    4075553.4279     931859.8921    4801542.2919   -27.4584     6.3137   -25.6788         0.05          8    20.9567
2024-05-11 13:45:30.000000    4075553.2376     931859.7535    4801542.6606   -27.6487     6.1751   -25.3101         0.05          8    21.0487
2024-05-11 13:46:0.000000    4075552.8722     931859.6302    4801542.9040   -28.0141     6.0518   -25.0667         0.05          8    21.1376
2024-05-11 13:46:30.000000    4075552.5133     931859.5293    4801542.9380   -28.3730     5.9509   -25.0327         0.05          8    21.2395
2024-05-11 13:47:0.000000    4075552.0739     931859.3842    4801543.1351   -28.8124     5.8058   -24.8356         0.05          8    21.3585
2024-05-11 13:47:30.000000    4075551.7818     931859.3030    4801543.4308   -29.1045     5.7246   -24.5399         0.05          8    21.4946
2024-05-11 13:48:0.000000    4075551.4498     931859.1724    4801543.8401   -29.4365     5.5940   -24.1306         0.05          8    21.6277
2024-05-11 13:48:30.000000    4075551.0896     931858.9959    4801544.3034   -29.7967     5.4175   -23.6673         0.05          8    21.7734
2024-05-11 13:49:0.000000    4075550.7508     931858.8077    4801544.5283   -30.1355     5.2293   -23.4424         0.05          8    21.9165
2024-05-11 13:49:30.000000    4075550.3840     931858.6458    4801544.5560   -30.5023     5.0674   -23.4147         0.05          8    22.0526
2024-05-11 13:50:0.000000    4075550.0671     931858.5021    4801544.5613   -30.8192     4.9237   -23.4094         0.05          8    22.1639
2024-05-11 13:50:30.000000    4075549.6729     931858.3758    4801544.6389   -31.2134     4.7974   -23.3318         0.05          8    22.2435
2024-05-11 13:51:0.000000    4075549.2948     931858.3046    4801544.5902   -31.5915     4.7262   -23.3805         0.05          8    22.3551
2024-05-11 13:51:30.000000    4075548.8407     931858.1416    4801544.6075   -32.0456     4.5632   -23.3632         0.05          8    22.4958
2024-05-11 13:52:0.000000    4075548.5377     931858.0351    4801544.6396   -32.3486     4.4567   -23.3311         0.04          8    22.6083
2024-05-11 13:52:30.000000    4075548.2798     931857.9895    4801544.8711   -32.6065     4.4111   -23.0996         0.05          8    22.6567
2024-05-11 13:53:0.000000    4075547.9674     931857.9411    4801544.9620   -32.9189     4.3627   -23.0087         0.04          8    22.7010
2024-05-11 13:53:30.000000    4075547.6492     931857.8485    4801544.9754   -33.2371     4.2701   -22.9953         0.04          8    22.8302
2024-05-11 13:54:0.000000    4075547.3277     931857.7103    4801545.1674   -33.5586     4.1319   -22.8033         0.04          8    22.9377
2024-05-11 13:54:30.000000    4075547.0558     931857.6411    4801545.4094   -33.8305     4.0627   -22.5613         0.04          8    23.0059
2024-05-11 13:55:0.000000    4075546.9143     931857.6276    4801545.7136   -33.9720     4.0492   -22.2571         0.04          8    23.0426
2024-05-11 13:55:30.000000    4075546.6885     931857.5841    4801545.9496   -34.1978     4.0057   -22.0211         0.04          8    23.0708
2024-05-11 13:56:0.000000    4075546.4849     931857.5030    4801546.1806   -34.4014     3.9246   -21.7901         0.04          8    23.1550
2024-05-11 13:56:30.000000    4075546.1969     931857.3591    4801546.6209   -34.6894     3.7807   -21.3498         0.05          8    23.2293
2024-05-11 13:57:0.000000    4075545.8864     931857.2016    4801546.8864   -34.9999     3.6232   -21.0843         0.05          8    23.2716
2024-05-11 13:57:30.000000    4075545.6529     931857.1501    4801547.3939   -35.2334     3.5717   -20.5768         0.05          8    23.3161
2024-05-11 13:58:0.000000    4075545.5612     931857.1408    4801547.9132   -35.3251     3.5624   -20.0575         0.05          8    23.3864
2024-05-11 13:58:30.000000    4075545.4236     931857.1121    4801548.3354   -35.4627     3.5337   -19.6353         0.05          8    23.4903
2024-05-11 13:59:0.000000    4075545.1695     931857.1006    4801548.5668   -35.7168     3.5222   -19.4039         0.05          8    23.6101
2024-05-11 13:59:30.000000    4075544.9124     931857.0797    4801549.0389   -35.9739     3.5013   -18.9318         0.05          8    23.7249
